serial number: JANUSZ_2_RI70_21209061
torque: 8
start_temp: 21 (22)
finish_temp: 22 (23)
note: montaz na obrotach_PCB d14
0.000000 0.953154 21.788539 5212.370787
0.020010 0.951148 21.778101 5267.229050
0.040020 0.951386 21.803111 5320.933333
0.060030 0.950988 21.810787 5371.904494
0.080041 0.949770 21.825814 5421.500000
0.100051 0.952807 21.822391 5470.456522
0.120061 0.951029 21.825227 5518.954545
0.140071 0.951254 21.807213 5566.054645
0.160081 0.952415 21.794576 5611.983051
0.180091 0.949526 21.790110 5657.670330
0.200101 0.952758 21.789195 5699.505747
0.220112 0.950971 21.807111 5742.566667
0.240122 0.949356 21.828791 5786.576923
0.260132 0.952340 21.827816 5828.965517
0.280142 0.949204 21.846087 5870.538043
0.300152 0.951776 21.840920 5913.000000
0.320162 0.950120 21.815909 5954.892045
0.340172 0.948992 21.775691 5995.740331
0.360183 0.952102 21.818547 6040.245810
0.380193 0.948883 21.807956 6077.325967
0.400203 0.948929 21.817968 6120.342246
0.420213 0.950531 21.792515 6161.339181
0.440223 0.948438 21.792444 6201.255556
0.460233 0.950082 21.807727 6240.823864
0.480243 0.948501 21.802210 6282.110497
0.500254 0.946616 21.809832 6320.346369
0.520264 0.950841 21.820889 6361.144444
0.540274 0.946356 21.835359 6400.828729
0.560284 0.948678 21.849282 6440.657459
0.580294 0.947516 21.855506 6479.831461
0.600304 0.945365 21.842247 6518.966292
0.620314 0.949322 21.797790 6557.303867
0.640325 0.945810 21.825227 6598.755682
0.660335 0.947496 21.832787 6639.147541
0.680345 0.946987 21.834124 6681.943503
0.700355 0.944947 21.816313 6725.050279
0.720365 0.947800 21.768817 6765.478495
0.740375 0.945387 21.777045 6808.488636
0.760385 0.945566 21.815604 6852.802198
0.780396 0.946929 21.804667 6894.633333
0.800406 0.944452 21.850950 6938.815642
0.820416 0.946320 21.863556 6982.505556
0.840426 0.945087 21.852273 7025.176136
0.860436 0.943975 21.843636 7068.882353
0.880446 0.946805 21.845876 7115.073446
0.900456 0.943489 21.843956 7161.109890
0.920467 0.944677 21.835955 7206.747191
0.940477 0.945404 21.833187 7253.280220
0.960487 0.941739 21.820110 7300.292818
0.980497 0.945591 21.826369 7348.625698
1.000507 0.943691 21.827727 7398.176136
1.020517 0.943868 21.835333 7446.138889
1.040528 0.945238 21.837419 7496.543011
1.060538 0.942293 21.840227 7547.948864
1.080548 0.945580 21.838427 7599.348315
1.100558 0.942939 21.843077 7651.532967
1.120568 0.942439 21.857877 7704.597765
1.140578 0.944302 21.846444 7757.261111
1.160588 0.941201 21.830652 7812.336957
1.180599 0.942645 21.821272 7867.843931
1.200609 0.943372 21.801957 7923.945652
1.220619 0.939442 21.786593 7980.318681
1.240629 0.943223 21.794444 8037.672222
1.260639 0.940247 21.784581 8095.072626
1.280649 0.940624 21.801105 8154.165746
1.300659 0.942362 21.828663 8214.294118
1.320670 0.938642 21.817853 8274.830508
1.340680 0.941279 21.808045 8335.150838
1.360690 0.939711 21.812584 8396.320225
1.380700 0.938005 21.812022 8456.967213
1.400710 0.941198 21.824835 8517.917582
1.420720 0.937658 21.814130 8582.211957
1.440730 0.939119 21.846409 8645.662983
1.460741 0.936782 21.847735 8707.696133
1.480751 0.936505 21.824222 8768.972222
1.500761 0.939809 21.823607 8832.338798
1.520771 0.935821 21.815956 8897.136612
1.540781 0.936419 21.832360 8960.460674
1.560791 0.937893 21.843315 9024.397790
1.580801 0.934136 21.848216 9088.616216
1.600812 0.938496 21.845587 9151.793296
1.620822 0.934330 21.826893 9214.960452
1.640832 0.933437 21.832649 9278.389189
1.660842 0.938177 21.843956 9343.032967
1.680852 0.932634 21.838710 9408.182796
1.700862 0.935685 21.821453 9471.027933
1.720872 0.934107 21.829111 9532.672222
1.740883 0.934051 21.800000 9595.863095
1.760893 0.938119 21.783195 9657.781065
1.780903 0.933807 21.791186 9721.056497
1.800913 0.936029 21.801871 9782.251462
1.820923 0.935195 21.795976 9843.053254
1.840933 0.933247 21.792686 9903.908571
1.860943 0.937265 21.823713 9962.479042
1.880954 0.934064 21.831628 10022.930233
1.900964 0.934825 21.832558 10080.633721
1.920974 0.936445 21.811136 10140.630682
1.940984 0.932353 21.819765 10199.058824
1.960994 0.935588 21.800936 10255.807018
1.981004 0.934267 21.813029 10314.725714
2.001014 0.933069 21.814371 10372.365269
2.021025 0.935701 21.814911 10427.278107
2.041035 0.932378 21.818810 10483.029762
2.061045 0.933637 21.830289 10536.589595
2.081055 0.934718 21.838303 10593.139394
2.101065 0.930260 21.839322 10649.497175
2.121075 0.935399 21.853488 10703.738372
2.141085 0.932073 21.830409 10760.543860
2.161096 0.932490 21.816279 10813.377907
2.181106 0.934252 21.822428 10867.098266
2.201116 0.930220 21.834651 10918.354651
2.221126 0.934759 21.822428 10972.242775
2.241136 0.931546 21.842604 11022.597633
2.261146 0.930422 21.855000 11069.571429
2.281156 0.934118 21.827500 11121.488636
2.301167 0.930120 21.835556 11169.438596
2.321177 0.931542 21.822118 11218.158824
2.341187 0.931366 21.843275 11266.573099
2.361197 0.929077 21.845682 11313.204545
2.381207 0.934081 21.828000 11361.282353
2.401217 0.928687 21.792139 11407.364162
2.421227 0.929835 21.805116 11454.069767
2.441238 0.932039 21.815906 11504.152047
2.461248 0.927940 21.823626 11549.801170
2.481258 0.931667 21.833647 11599.135294
2.501268 0.929122 21.829257 11649.120000
2.521278 0.927866 21.815172 11698.683908
2.541288 0.932701 21.836725 11753.918129
2.561298 0.927451 21.848521 11805.337278
2.581309 0.929071 21.843429 11859.331429
2.601319 0.928627 21.844916 11918.648045
2.621329 0.925571 21.840479 11972.431138
2.641339 0.931579 21.852343 12032.245714
2.661349 0.925789 21.845647 12090.711765
2.681359 0.927883 21.866667 12145.166667
2.701369 0.928343 21.836000 12210.105556
2.721380 0.923677 21.828675 12267.168675
2.741390 0.929344 21.848966 12326.500000
2.761400 0.924913 21.842418 12389.747253
2.781410 0.924512 21.836667 12446.226190
2.801420 0.928386 21.815730 12508.803371
2.821430 0.921856 21.822857 12563.261905
2.841440 0.926643 21.838353 12619.688235
2.861451 0.925424 21.817110 12678.179191
2.881461 0.922298 21.798171 12733.874286
2.901471 0.926998 21.823529 12791.023529
2.921481 0.923053 21.835165 12846.565934
2.941491 0.923178 21.831758 12900.878788
2.961501 0.926031 21.858757 12957.327684
2.981511 0.920519 21.864740 13008.265896
3.001522 0.925884 21.832749 13065.251462
3.021532 0.923645 21.835789 13114.432749
3.041542 0.920887 21.823240 13165.502793
3.061552 0.926102 21.837381 13217.803571
3.081562 0.920604 21.833409 13266.517045
3.101572 0.923039 21.841420 13315.455621
3.121583 0.923038 21.836685 13367.309392
3.141593 0.685740 21.659917 13415.390041
3.161603 0.836149 21.768000 13464.066667
3.181613 0.854882 21.751429 13511.479592
3.201623 0.869163 21.769735 13556.164021
3.221633 0.879337 21.768283 13605.328283
3.241643 0.879453 21.736166 13652.005181
3.261654 0.891294 21.745820 13701.010582
3.281664 0.888440 21.774545 13749.181818
3.301674 0.892574 21.789947 13794.951872
3.321684 0.896847 21.793617 13844.728723
3.341694 0.894285 21.800208 13891.916667
3.361704 0.902177 21.790899 13940.449735
3.381714 0.900192 21.779676 13987.843243
3.401725 0.899662 21.758085 14036.452128
3.421735 0.903544 21.778860 14084.860104
3.441745 0.900546 21.794413 14133.536313
3.461755 0.904785 21.799388 14184.306122
3.481765 0.907897 21.814241 14234.298429
3.501775 0.901950 21.808128 14284.005348
3.521785 0.908649 21.826154 14332.538462
3.541796 0.906027 21.819067 14381.186528
3.561806 0.906749 21.795027 14430.854054
3.581816 0.910312 21.790217 14476.744565
3.601826 0.905546 21.789841 14527.925926
3.621836 0.910498 21.793978 14577.032258
3.641846 0.908576 21.792727 14623.636364
3.661856 0.907581 21.800856 14674.983957
3.681867 0.912807 21.793575 14722.854922
3.701877 0.909417 21.792787 14772.836066
3.721887 0.908154 21.801895 14818.557895
3.741897 0.911778 21.796444 14867.277778
3.761907 0.907940 21.799577 14916.793651
3.781917 0.914759 21.804421 14966.100000
3.801927 0.910625 21.794136 15014.246073
3.821938 0.909236 21.780565 15062.553672
3.841948 0.914123 21.782011 15107.047619
3.861958 0.909119 21.784974 15156.624339
3.881968 0.913771 21.794754 15205.043716
3.901978 0.912710 21.795132 15251.767196
3.921988 0.909032 21.785055 15299.038462
3.941998 0.916306 21.798511 15346.446809
3.962009 0.910325 21.805376 15392.973118
3.982019 0.912265 21.823102 15441.112299
4.002029 0.913840 21.819259 15487.862434
4.022039 0.910306 21.810217 15535.608696
4.042049 0.915623 21.798942 15582.264550
4.062059 0.912265 21.805134 15627.721925
4.082069 0.911959 21.813404 15676.606383
4.102080 0.916218 21.798667 15722.005556
4.122090 0.910596 21.811123 15767.112299
4.142100 0.914302 21.819341 15812.895604
4.162110 0.913884 21.820842 15857.015789
4.182120 0.909485 21.819130 15901.592391
4.202130 0.917210 21.816085 15947.291005
4.222140 0.909882 21.809945 15992.541436
4.242151 0.913201 21.813617 16037.494681
4.262161 0.915335 21.819362 16081.792553
4.282171 0.908866 21.807692 16125.148352
4.302181 0.913395 21.823316 16168.122995
4.322191 0.913222 21.815625 16214.145833
4.342201 0.911457 21.816989 16258.440860
4.362211 0.914327 21.823102 16302.898396
4.382222 0.909027 21.801758 15627.010989
4.402232 0.910730 21.810695 6665.245989
4.422242 0.913470 21.807447 52.159574
4.442252 0.908314 21.799365 96.285714
4.462262 0.913613 21.797391 141.750000
4.482272 0.910434 21.810378 187.329730
4.502282 0.910282 21.807619 230.693122
4.522293 0.913088 21.815158 277.657895
4.542303 0.907770 21.824792 322.255208
4.562313 0.911926 21.820667 366.766667
4.582323 0.910889 21.803226 411.876344
4.602333 0.908083 21.782246 455.802139
4.622343 0.911183 21.768962 506.153005
4.642353 0.907840 21.813542 548.182292
4.662364 0.910298 21.838958 599.244792
4.682374 0.912995 21.813260 644.795580
4.702384 0.904610 21.818413 692.375661
4.722394 0.911512 21.801538 742.401099
4.742404 0.907990 21.813542 790.869792
4.762414 0.908782 21.789305 840.390374
4.782424 0.909131 21.815135 887.854054
4.802435 0.906732 21.822316 938.268421
4.822445 0.908414 21.838011 988.237569
4.842455 0.909481 21.845361 1037.278351
4.862465 0.909033 21.804444 1088.645503
4.882475 0.911164 21.783956 1138.318681
4.902485 0.907623 21.803892 1189.016216
4.922495 0.910829 21.809451 1240.807692
4.942506 0.912819 21.821458 1289.989583
4.962516 0.908017 21.810870 1344.396739
4.982526 0.913495 21.788571 1397.049451
5.002536 0.912075 21.803636 1448.470588
5.022546 0.912851 21.817354 1499.624339
5.042556 0.914849 21.809101 1553.349206
5.062567 0.912174 21.781762 1611.409326
5.082577 0.917265 21.800670 1668.385475
5.102587 0.916923 21.822732 1719.284153
5.122597 0.915049 21.810753 1777.827957
5.142607 0.918425 21.814815 1835.973545
5.162617 0.916593 21.809503 1895.867403
5.182627 0.918049 21.792941 1954.631016
5.202638 0.921272 21.781657 2011.049724
5.222648 0.917921 21.788842 2076.194737
5.242658 0.922902 21.783516 2141.423077
5.262668 0.920629 21.797189 2201.200000
5.282678 0.922558 21.826667 2269.500000
5.302688 0.923030 21.835604 2336.901099
5.322698 0.922287 21.818280 2407.698925
5.342709 0.928068 21.794860 2477.631285
5.362719 0.926182 21.804667 2545.061111
5.382729 0.925974 21.814468 2623.547872
5.402739 0.930023 21.838261 2696.586957
5.422749 0.928307 21.817049 2770.245902
5.442759 0.931075 21.800222 2843.777778
5.462769 0.931669 21.777901 2923.220994
5.482780 0.930779 21.783261 2991.717391
5.502790 0.935273 21.810053 3064.342246
5.522800 0.933282 21.816322 3139.896552
5.542810 0.935171 21.826448 3208.639344
5.562820 0.937878 21.798696 3283.423913
5.582830 0.934150 21.820899 3350.500000
5.602840 0.940314 21.804809 3417.158470
5.622851 0.938797 21.800449 3484.241573
5.642861 0.938636 21.807196 3546.931217
5.662871 0.942410 21.821229 3608.765363
5.682881 0.940173 21.797127 3671.955801
5.702891 0.943456 21.812135 3727.084270
5.722901 0.943436 21.806780 3784.847458
5.742911 0.942840 21.780870 3840.581522
5.762922 0.945773 21.785556 3895.488889
5.782932 0.944981 21.795000 3945.892045
5.802942 0.947182 21.804809 3997.601093
5.822952 0.947691 21.804693 4047.379888
5.842962 0.945076 21.775470 4096.386740
5.862972 0.950429 21.793073 4142.469274
5.882982 0.948085 21.785714 4189.109890
5.902993 0.947703 21.779665 4234.301676
5.923003 0.951671 21.810057 4277.360000
5.943013 0.947144 21.834066 4320.719780
5.963023 0.951807 21.834157 4363.623596
5.983033 0.949970 21.822762 4407.950276
6.003043 0.949477 21.825977 4451.913793
6.023053 0.952341 21.823778 4497.566667
6.043064 0.950364 21.828729 4545.149171
6.063074 0.951042 21.810222 4595.161111
6.083084 0.951908 21.811200 4646.308571
6.103094 0.949246 21.824358 4699.162011
6.123104 0.953357 21.828950 4754.027624
6.143114 0.950942 21.807956 4810.276243
6.163124 0.951040 21.789438 4868.859551
6.183135 0.952376 21.807101 4925.053254
6.203145 0.949766 21.800432 4982.491892
6.223155 0.953103 21.808136 5042.033898
6.243165 0.951902 21.813481 5099.331492
6.263175 0.948790 21.799111 5155.755556
