-0.497413 -27.425948 24.000000
-0.448707 -25.426722 24.000000
-0.396378 -24.706188 24.040000
-0.352111 -22.729883 24.000000
-0.299221 -20.419535 24.080000
-0.246551 -18.995810 24.000000
-0.199988 -17.664872 24.120000
-0.149174 -15.584309 24.000000
-0.102106 -13.258624 24.080000
-0.050973 -10.427583 24.040000
0.000000 0.000000 24.040000
0.048459 10.292722 24.040000
0.099628 13.100057 24.240000
0.146702 15.524809 24.120000
0.199212 17.686369 24.120000
0.246924 18.978392 24.120000
0.298919 20.359531 24.000000
0.348326 22.499367 24.280000
0.396930 24.508836 24.280000
0.450356 25.153832 24.200000
0.493608 26.665648 24.320000
0.549400 28.121563 24.880000
