0.495713 25.817681 24.880000
0.448910 25.409082 24.920000
0.399080 23.294949 25.000000
0.350056 21.514090 25.000000
0.297841 20.649383 24.960000
0.248249 18.874395 24.960000
0.201159 16.801419 25.000000
0.149352 14.505711 25.000000
0.101843 12.336654 25.000000
0.050630 9.915560 25.000000
0.000000 0.000000 25.000000
-0.048832 -9.840780 25.000000
-0.099970 -12.195475 25.000000
-0.146937 -14.483285 25.000000
-0.198499 -16.716129 25.000000
-0.245970 -18.912146 25.000000
-0.299048 -20.566135 25.000000
-0.350986 -21.474840 25.000000
-0.395311 -23.186915 25.000000
-0.449395 -25.192419 25.000000
-0.497861 -25.419839 25.000000
-0.545673 -27.495190 25.000000
