-0.498367 -22.681279 28.000000
-0.447752 -21.714325 27.960000
-0.397733 -20.762752 28.000000
-0.351669 -19.102832 28.000000
-0.298075 -17.578457 28.000000
-0.246782 -16.528052 28.000000
-0.200445 -15.334229 28.000000
-0.149130 -13.514570 28.000000
-0.102187 -11.578898 28.000000
-0.050539 -9.368585 28.000000
0.000000 0.000000 28.000000
0.048342 9.283316 28.000000
0.100164 11.452863 28.000000
0.147225 13.380540 28.000000
0.199410 15.210221 28.000000
0.246771 16.446723 28.000000
0.299110 17.477934 28.000000
0.349081 18.878593 28.040000
0.396453 20.745935 28.000000
0.449827 21.517483 28.000000
0.493794 22.398093 28.000000
0.548211 24.034468 28.000000
