0.496269 21.919202 28.000000
0.448202 21.657922 28.000000
0.398726 20.133348 28.000000
0.350561 18.523390 28.000000
0.297938 17.747304 28.000000
0.247114 16.498854 28.000000
0.200668 14.903232 28.000000
0.148976 12.988493 28.000000
0.102211 11.139168 28.000000
0.050206 9.020659 28.000000
0.000000 0.000000 28.000000
-0.049035 -8.996079 28.000000
-0.100000 -11.121747 28.000000
-0.147100 -13.063859 28.000000
-0.199165 -14.998747 28.000000
-0.246081 -16.609692 28.000000
-0.299266 -17.820306 28.000000
-0.350485 -18.643579 28.000000
-0.396200 -20.224987 28.000000
-0.450018 -21.624095 28.000000
-0.496129 -21.911951 28.000000
-0.546561 -23.921574 28.000000
