-0.498853 -25.768632 25.000000
-0.448297 -24.213748 25.000000
-0.397483 -23.517158 25.000000
-0.352200 -21.469585 25.000000
-0.298777 -19.458233 25.000000
-0.246483 -18.267335 25.000000
-0.200135 -16.882756 25.000000
-0.148697 -14.993421 25.000000
-0.102186 -12.771644 25.000000
-0.050722 -10.120353 25.000000
0.000000 0.000000 25.000000
0.047935 10.021663 25.000000
0.099906 12.591568 25.000000
0.146751 14.817703 25.000000
0.199132 16.843396 25.000000
0.246982 18.247591 25.000000
0.299040 19.387831 25.000000
0.348682 21.295172 25.000000
0.397008 23.307553 25.000000
0.450265 24.024573 25.000000
0.493674 25.303502 25.000000
0.549463 26.893583 25.000000
