0.495971 24.680000 25.040000
0.448617 24.488078 25.000000
0.399533 22.486189 25.160000
0.350252 20.784471 25.120000
0.298295 19.947154 25.200000
0.248206 18.352499 25.560000
0.201081 16.402992 25.560000
0.149120 14.157081 25.560000
0.102356 12.048916 25.520000
0.050668 9.728761 25.920000
0.000000 0.000000 25.760000
-0.049039 -9.646222 25.720000
-0.100245 -11.986990 25.800000
-0.147173 -14.161894 25.800000
-0.198537 -16.328735 26.000000
-0.245930 -18.322897 25.920000
-0.298945 -19.830226 25.920000
-0.350899 -20.649855 26.000000
-0.395846 -22.340151 26.000000
-0.449242 -24.235897 26.000000
-0.496607 -24.453261 25.920000
-0.545446 -26.560966 26.000000
