-0.498365 -24.827239 26.000000
-0.448189 -23.427355 26.000000
-0.396979 -22.719295 26.000000
-0.352115 -20.757693 26.000000
-0.298556 -18.962862 26.000000
-0.246543 -17.738417 26.000000
-0.200051 -16.427857 26.000000
-0.148778 -14.540625 26.000000
-0.102009 -12.366044 26.000000
-0.050587 -9.905335 26.000000
0.000000 0.000000 26.000000
0.047943 9.785226 26.000000
0.099886 12.247051 26.000000
0.146886 14.409192 26.000000
0.199265 16.370941 26.000000
0.246821 17.623393 26.000000
0.298785 18.845224 26.000000
0.348906 20.566465 26.000000
0.396712 22.545048 26.000000
0.450196 23.228805 26.000000
0.493920 24.350951 26.000000
0.548965 25.996056 26.000000
