0.495862 23.872900 26.000000
0.448543 23.556084 26.000000
0.398829 21.769111 26.000000
0.350442 20.038010 26.000000
0.297741 19.229518 26.000000
0.247587 17.832663 26.000000
0.200838 15.984999 26.000000
0.148947 13.835678 26.000000
0.102102 11.791640 26.000000
0.050524 9.522378 26.000000
0.000000 0.000000 26.000000
-0.049028 -9.419246 26.000000
-0.099780 -11.756014 26.000000
-0.146812 -13.812531 26.000000
-0.198633 -15.949813 26.000000
-0.246067 -17.745433 26.000000
-0.298959 -19.080871 26.000000
-0.351213 -19.958901 26.000000
-0.396430 -21.663973 26.000000
-0.450117 -23.420039 26.040000
-0.497418 -23.610402 26.040000
-0.546750 -25.768310 26.040000
