-0.498860 -23.977793 26.120000
-0.448708 -22.697776 26.280000
-0.398293 -21.962658 26.200000
-0.352607 -20.012957 26.360000
-0.298854 -18.379723 26.320000
-0.246715 -17.305955 26.520000
-0.200410 -15.966094 26.840000
-0.149054 -14.122890 26.760000
-0.102174 -12.058858 26.720000
-0.050464 -9.714377 26.920000
0.000000 0.000000 26.680000
0.048887 9.550826 27.000000
0.099795 11.968969 26.800000
0.146967 13.978501 26.960000
0.199272 15.927959 27.000000
0.246570 17.202078 27.000000
0.298866 18.248166 26.960000
0.348690 19.954212 26.760000
0.396638 21.827535 26.920000
0.450130 22.606719 27.000000
0.493872 23.684048 26.960000
0.549075 25.338936 27.000000
