0.496396 23.162566 27.000000
0.448129 22.963507 27.000000
0.399373 21.217184 27.000000
0.350558 19.566311 27.000000
0.297763 18.812794 27.000000
0.247694 17.421315 27.000000
0.200841 15.641566 27.000000
0.148946 13.553494 27.000000
0.102191 11.570553 27.000000
0.050379 9.347533 27.000000
0.000000 0.000000 27.000000
-0.048916 -9.282214 27.000000
-0.100154 -11.474547 27.000000
-0.146903 -13.520977 27.000000
-0.198865 -15.602273 27.000000
-0.246175 -17.439791 27.000000
-0.299156 -18.687303 27.000000
-0.350612 -19.445837 27.000000
-0.395992 -21.217974 27.000000
-0.449121 -22.860922 27.000000
-0.496162 -22.982663 27.000000
-0.545684 -25.058217 27.000000
