-0.498234 -23.261114 27.000000
-0.447937 -22.130465 27.000000
-0.397021 -21.391784 27.000000
-0.351956 -19.451438 27.000000
-0.298080 -17.966912 27.000000
-0.246468 -16.888235 27.000000
-0.199960 -15.622751 27.000000
-0.148852 -13.795716 27.000000
-0.102373 -11.814032 27.000000
-0.050632 -9.520123 27.000000
0.000000 0.000000 27.000000
0.048313 9.391189 27.000000
0.100096 11.734371 27.000000
0.147055 13.707771 27.000000
0.199493 15.600054 27.000000
0.247235 16.835136 27.000000
0.299274 17.903578 27.000000
0.349478 19.321337 27.000000
0.396752 21.216219 27.080000
0.450097 22.011456 27.040000
0.494166 23.030343 27.000000
0.548586 24.687419 27.040000
