0.496560 22.518545 27.000000
0.448184 22.268383 27.040000
0.398492 20.666818 27.200000
0.350435 19.043364 27.560000
0.298019 18.235431 27.480000
0.247463 16.864460 27.440000
0.200759 15.203762 27.560000
0.149004 13.229363 27.720000
0.102095 11.346137 27.800000
0.050007 9.198899 27.920000
0.000000 0.000000 27.960000
-0.048896 -9.120494 27.840000
-0.100161 -11.274345 28.000000
-0.147108 -13.186020 27.920000
-0.198889 -15.259947 27.960000
-0.246144 -16.982365 27.960000
-0.299202 -18.196460 27.960000
-0.350394 -19.015907 27.920000
-0.396119 -20.679133 28.000000
-0.449428 -22.191425 27.880000
-0.496317 -22.484536 28.000000
-0.546495 -24.536199 28.000000
