serial number: JANUSZ_4_RI70_21209052
torque: 8.0
start_temp: 29 (37)
finish_temp: 29 (35)
note: joint J4, pcb 3_4
0.000000 nan
0.021014 0.382500
0.042028 0.389588
0.063042 0.376840
0.084056 0.389189
0.105070 0.379030
0.126084 0.380285
0.147098 0.388463
0.168112 0.377071
0.189126 0.388925
0.210140 0.377168
0.231154 0.379897
0.252168 0.385604
0.273182 0.374431
0.294196 0.387677
0.315210 0.376052
0.336224 0.381009
0.357238 0.384621
0.378252 0.374672
0.399266 0.387872
0.420280 0.374851
0.441294 0.380564
0.462308 0.382671
0.483322 0.371544
0.504336 0.384738
0.525350 0.374202
0.546364 0.382146
0.567378 0.382972
0.588392 0.375395
0.609406 0.388726
0.630420 0.376954
0.651434 0.385288
0.672448 0.380011
0.693462 0.373115
0.714476 0.386080
0.735490 0.374131
0.756504 0.385184
0.777518 0.381934
0.798532 0.377895
0.819546 0.388666
0.840560 0.376353
0.861574 0.387465
0.882588 0.380760
0.903602 0.378500
0.924616 0.388031
0.945630 0.375928
0.966644 0.388155
0.987658 0.377812
1.008672 0.378062
1.029686 0.385419
1.050700 0.373304
1.071714 0.386962
1.092728 0.377370
1.113742 0.379852
1.134756 0.387308
1.155770 0.374767
1.176784 0.388131
1.197798 0.378733
1.218812 0.383313
1.239826 0.390169
1.260840 0.380303
1.281854 0.392925
1.302868 0.382395
1.323882 0.386800
1.344896 0.390456
1.365910 0.380684
1.386924 0.392379
1.407938 0.380983
1.428952 0.386231
1.449966 0.385778
1.470980 0.376276
1.491994 0.388986
1.513008 0.378722
1.534022 0.386528
1.555036 0.387825
1.576050 0.380396
1.597064 0.391726
1.618078 0.380119
1.639092 0.388858
1.660106 0.386221
1.681120 0.380147
1.702134 0.390619
1.723148 0.378116
1.744162 0.387999
1.765176 0.385521
1.786190 0.380711
1.807204 0.390454
1.828218 0.378187
1.849232 0.388733
1.870246 0.383430
1.891260 0.380699
1.912274 0.390414
1.933288 0.377932
1.954302 0.388150
1.975316 0.380901
1.996330 0.378600
2.017344 0.387368
2.038358 0.375413
2.059372 0.387541
2.080386 0.379675
2.101400 0.379527
2.122414 0.386137
2.143428 0.373912
2.164442 0.386600
2.185456 0.375906
2.206470 0.377665
2.227484 0.383608
2.248498 0.372732
2.269512 0.385275
2.290526 0.373557
2.311540 0.377413
2.332554 0.381611
2.353568 0.370733
2.374582 0.383638
2.395596 0.371088
2.416610 0.376815
2.437624 0.378207
2.458638 0.369484
2.479652 0.380718
2.500666 0.364820
2.521680 0.373106
2.542694 0.373433
2.563708 0.367246
2.584722 0.380931
2.605736 0.368223
2.626750 0.377591
2.647764 0.373975
2.668778 0.370177
2.689792 0.382825
2.710806 0.370358
2.731820 0.381358
2.752834 0.375562
2.773848 0.372622
2.794862 0.382564
2.815876 0.369929
2.836890 0.382409
2.857904 0.373829
2.878918 0.373014
2.899932 0.382308
2.920946 0.370045
2.941960 0.382987
2.962974 0.373141
2.983988 0.374832
3.005002 0.381407
3.026016 0.369741
3.047030 0.383757
3.068044 0.373236
3.089058 0.377551
3.110072 0.382476
3.131086 0.372537
3.152100 0.386253
3.173114 0.374246
3.194128 0.380347
3.215142 0.380692
3.236156 0.371770
3.257170 0.385672
3.278184 0.373828
3.299198 0.382390
3.320212 0.381462
3.341226 0.374087
3.362240 0.386664
3.383254 0.372993
3.404268 0.384226
3.425282 0.382780
3.446296 0.377350
3.467310 0.390241
3.488324 0.378444
3.509338 0.390204
3.530352 0.384911
3.551366 0.381771
3.572380 0.392368
3.593394 0.379418
3.614408 0.391450
3.635422 0.384241
3.656436 0.383689
3.677450 0.392358
3.698464 0.380235
3.719478 0.392396
3.740492 0.384803
3.761506 0.385617
3.782520 0.393252
3.803534 0.381306
3.824548 0.393497
3.845562 0.383891
3.866576 0.386586
3.887590 0.392061
3.908604 0.381414
3.929618 0.394032
3.950632 0.384223
3.971646 0.388192
3.992660 0.391484
4.013674 0.382582
4.034688 0.393737
4.055702 0.382343
4.076716 0.387877
4.097730 0.389650
4.118744 0.380892
4.139758 0.390738
4.160772 0.379034
4.181786 0.386849
4.202800 0.386644
4.223814 0.380071
4.244828 0.390447
4.265842 0.378414
4.286856 0.387318
4.307870 0.383847
4.328884 0.378669
4.349898 0.388969
4.370912 0.377567
4.391926 0.387099
4.412940 0.382212
4.433954 0.378849
4.454968 0.388337
4.475982 0.377209
4.496996 0.386017
4.518010 0.377224
4.539023 0.376582
4.560037 0.385399
4.581051 0.374913
4.602065 0.385933
4.623079 0.377735
4.644093 0.378652
4.665107 0.385394
4.686121 0.374900
4.707135 0.385935
4.728149 0.375287
4.749163 0.377991
4.770177 0.383408
4.791191 0.374067
4.812205 0.386309
4.833219 0.376208
4.854233 0.380415
4.875247 0.384291
4.896261 0.376213
4.917275 0.388005
4.938289 0.377640
4.959303 0.383610
4.980317 0.384557
5.001331 0.377410
5.022345 0.388247
5.043359 0.374954
5.064373 0.383014
5.085387 0.381893
5.106401 0.376248
5.127415 0.387072
5.148429 0.375692
5.169443 0.385638
5.190457 0.382947
5.211471 0.379335
5.232485 0.389712
5.253499 0.378433
5.274513 0.388740
5.295527 0.384112
5.316541 0.382242
5.337555 0.391956
5.358569 0.380992
5.379583 0.391866
5.400597 0.382898
5.421611 0.381988
5.442625 0.390573
5.463639 0.379811
5.484653 0.391744
5.505667 0.382887
5.526681 0.384540
5.547695 0.391107
5.568709 0.380278
5.589723 0.392133
5.610737 0.381878
5.631751 0.386226
5.652765 0.391295
5.673779 0.380848
5.694793 0.392396
5.715807 0.380632
5.736821 0.386492
5.757835 0.389796
5.778849 0.380329
5.799863 0.393476
5.820877 0.381586
5.841891 0.388163
5.862905 0.388356
5.883919 0.379971
5.904933 0.392887
5.925947 0.380285
5.946961 0.388784
5.967975 0.387787
5.988989 0.380350
6.010003 0.392191
6.031017 0.379253
6.052031 0.389867
6.073045 0.386410
6.094059 0.381079
6.115073 0.392037
6.136087 0.380230
6.157101 0.391075
6.178115 0.386577
6.199129 0.383904
6.220143 0.392286
6.241157 0.379026
6.262171 0.390946
6.283185 0.383525
