serial number: JANUSZ_4_RI70_21209052
torque: 8.0
start_temp: 30 (36)
finish_temp: 30 (36)
note: joint 1 J4, pcb 3_4
0.000000 nan
0.021014 0.464020
0.042028 0.462398
0.063042 0.466765
0.084056 0.457485
0.105070 0.464800
0.126084 0.460338
0.147098 0.460386
0.168112 0.464148
0.189126 0.456094
0.210140 0.463752
0.231154 0.458241
0.252168 0.459188
0.273182 0.461231
0.294196 0.453376
0.315210 0.461076
0.336224 0.454313
0.357238 0.456894
0.378252 0.458602
0.399266 0.452317
0.420280 0.460282
0.441294 0.452187
0.462308 0.456063
0.483322 0.456516
0.504336 0.450708
0.525350 0.458067
0.546364 0.449356
0.567378 0.454806
0.588392 0.454524
0.609406 0.449977
0.630420 0.457120
0.651434 0.448226
0.672448 0.454407
0.693462 0.453086
0.714476 0.450327
0.735490 0.457042
0.756504 0.448577
0.777518 0.456197
0.798532 0.454460
0.819546 0.452793
0.840560 0.458380
0.861574 0.449385
0.882588 0.457657
0.903602 0.454380
0.924616 0.453346
0.945630 0.458239
0.966644 0.449012
0.987658 0.457342
1.008672 0.452255
1.029686 0.453228
1.050700 0.457596
1.071714 0.449427
1.092728 0.458734
1.113742 0.452961
1.134756 0.455127
1.155770 0.458265
1.176784 0.450484
1.197798 0.460109
1.218812 0.452744
1.239826 0.455854
1.260840 0.458228
1.281854 0.451630
1.302868 0.460905
1.323882 0.452812
1.344896 0.456809
1.365910 0.457809
1.386924 0.452128
1.407938 0.461180
1.428952 0.452455
1.449966 0.458666
1.470980 0.459044
1.491994 0.454544
1.513008 0.463201
1.534022 0.453878
1.555036 0.460630
1.576050 0.460685
1.597064 0.457309
1.618078 0.464492
1.639092 0.454707
1.660106 0.462327
1.681120 0.460996
1.702134 0.458848
1.723148 0.465568
1.744162 0.456123
1.765176 0.463893
1.786190 0.461789
1.807204 0.460446
1.828218 0.465540
1.849232 0.455747
1.870246 0.463693
1.891260 0.460366
1.912274 0.459628
1.933288 0.463423
1.954302 0.454318
1.975316 0.461930
1.996330 0.456702
2.017344 0.457539
2.038358 0.460905
2.059372 0.453311
2.080386 0.460815
2.101400 0.453897
2.122414 0.455546
2.143428 0.458224
2.164442 0.451226
2.185456 0.458688
2.206470 0.451030
2.227484 0.454192
2.248498 0.455424
2.269512 0.449217
2.290526 0.457131
2.311540 0.448321
2.332554 0.452210
2.353568 0.452155
2.374582 0.447420
2.395596 0.454679
2.416610 0.445311
2.437624 0.450994
2.458638 0.450747
2.479652 0.447408
2.500666 0.454586
2.521680 0.445454
2.542694 0.452146
2.563708 0.450243
2.584722 0.447875
2.605736 0.454299
2.626750 0.445361
2.647764 0.453495
2.668778 0.451281
2.689792 0.450039
2.710806 0.455585
2.731820 0.446615
2.752834 0.455265
2.773848 0.451718
2.794862 0.451961
2.815876 0.456920
2.836890 0.448575
2.857904 0.457644
2.878918 0.452342
2.899932 0.453509
2.920946 0.457456
2.941960 0.449928
2.962974 0.459336
2.983988 0.453112
3.005002 0.455919
3.026016 0.458740
3.047030 0.452048
3.068044 0.461219
3.089058 0.453559
3.110072 0.457784
3.131086 0.459949
3.152100 0.454597
3.173114 0.463720
3.194128 0.454850
3.215142 0.460676
3.236156 0.461818
3.257170 0.457711
3.278184 0.466692
3.299198 0.457826
3.320212 0.464612
3.341226 0.464183
3.362240 0.461114
3.383254 0.469284
3.404268 0.459226
3.425282 0.467209
3.446296 0.466403
3.467310 0.463888
3.488324 0.471141
3.509338 0.461397
3.530352 0.470479
3.551366 0.468023
3.572380 0.466600
3.593394 0.473367
3.614408 0.463953
3.635422 0.472960
3.656436 0.468696
3.677450 0.468440
3.698464 0.474091
3.719478 0.465119
3.740492 0.474733
3.761506 0.469408
3.782520 0.469742
3.803534 0.473180
3.824548 0.464472
3.845562 0.473841
3.866576 0.467120
3.887590 0.467846
3.908604 0.471366
3.929618 0.463741
3.950632 0.472473
3.971646 0.464161
3.992660 0.467318
4.013674 0.468860
4.034688 0.462209
4.055702 0.470474
4.076716 0.461275
4.097730 0.465140
4.118744 0.465188
4.139758 0.459343
4.160772 0.467351
4.181786 0.456924
4.202800 0.462304
4.223814 0.462086
4.244828 0.457509
4.265842 0.464492
4.286856 0.453834
4.307870 0.460532
4.328884 0.458677
4.349898 0.454996
4.370912 0.461545
4.391926 0.450768
4.412940 0.458366
4.433954 0.455513
4.454968 0.453277
4.475982 0.459169
4.496996 0.448686
4.518010 0.457138
4.539023 0.453719
4.560037 0.452603
4.581051 0.457349
4.602065 0.447759
4.623079 0.456552
4.644093 0.451186
4.665107 0.451419
4.686121 0.455877
4.707135 0.447483
4.728149 0.456472
4.749163 0.450500
4.770177 0.452583
4.791191 0.456393
4.812205 0.448739
4.833219 0.457524
4.854233 0.450007
4.875247 0.452981
4.896261 0.455238
4.917275 0.448741
4.938289 0.458026
4.959303 0.450610
4.980317 0.453888
5.001331 0.455474
5.022345 0.449602
5.043359 0.457999
5.064373 0.449945
5.085387 0.455796
5.106401 0.456562
5.127415 0.451741
5.148429 0.459883
5.169443 0.450925
5.190457 0.457297
5.211471 0.457287
5.232485 0.454411
5.253499 0.461834
5.274513 0.452619
5.295527 0.459932
5.316541 0.459002
5.337555 0.457245
5.358569 0.463411
5.379583 0.454711
5.400597 0.462887
5.421611 0.460806
5.442625 0.459950
5.463639 0.465709
5.484653 0.457394
5.505667 0.466017
5.526681 0.463076
5.547695 0.463795
5.568709 0.468875
5.589723 0.461504
5.610737 0.470157
5.631751 0.465950
5.652765 0.467343
5.673779 0.470944
5.694793 0.463974
5.715807 0.472766
5.736821 0.467070
5.757835 0.469442
5.778849 0.471957
5.799863 0.465308
5.820877 0.473508
5.841891 0.466246
5.862905 0.470436
5.883919 0.472510
5.904933 0.467297
5.925947 0.475264
5.946961 0.466231
5.967975 0.471118
5.988989 0.472066
6.010003 0.467662
6.031017 0.474860
6.052031 0.465572
6.073045 0.471243
6.094059 0.470473
6.115073 0.466397
6.136087 0.472483
6.157101 0.462888
6.178115 0.469343
6.199129 0.467658
6.220143 0.464804
6.241157 0.470034
6.262171 0.460256
6.283185 0.467247
