serial number: RI70_21209061_PCB_d14
torque: 8
start_temp: 24 (25)
finish_temp: 25 (25)
note: montaz na obrotach_test pcb
0.000000 0.911556 24.094588 9819.217647
0.020010 0.914020 24.069486 9877.068571
0.040020 0.912976 24.075955 9936.494382
0.060030 0.911325 24.107933 9997.932961
0.080041 0.914067 24.111494 10054.603448
0.100051 0.910482 24.096354 10114.718232
0.120061 0.911540 24.072619 10172.380952
0.140071 0.913207 24.078857 10228.342857
0.160081 0.910227 24.097500 10286.704545
0.180091 0.913554 24.111345 10342.789474
0.200101 0.910833 24.116836 10399.197740
0.220112 0.909984 24.097273 10456.517045
0.240122 0.914237 24.098994 10512.653631
0.260132 0.909393 24.105909 10570.818182
0.280142 0.911933 24.087273 10626.193182
0.300152 0.910673 24.082727 10682.079545
0.320162 0.909759 24.089535 10737.412791
0.340172 0.912014 24.099091 10791.142045
0.360183 0.909365 24.080678 10846.536723
0.380193 0.910950 24.078436 10899.770950
0.400203 0.911148 24.085412 10952.952941
0.420213 0.908385 24.080457 11004.765714
0.440223 0.911700 24.094222 11056.044444
0.460233 0.908684 24.087381 11106.869048
0.480243 0.909644 24.082247 11155.859551
0.500254 0.911552 24.085111 11207.444444
0.520264 0.908564 24.069524 11257.154762
0.540274 0.909368 24.107486 11305.156425
0.560284 0.910298 24.090636 11356.046243
0.580294 0.907460 24.089091 11403.454545
0.600304 0.912918 24.111494 11454.212644
0.620314 0.907324 24.136354 11505.679558
0.640325 0.910981 24.112727 11556.284091
0.660335 0.911233 24.117688 11610.317919
0.680345 0.907968 24.114545 11661.102273
0.700355 0.912050 24.094566 11715.971098
0.720365 0.909072 24.093257 11771.851429
0.740375 0.909319 24.095738 11827.415301
0.760385 0.912556 24.102093 11888.151163
0.780396 0.908376 24.086857 11944.908571
0.800406 0.911243 24.089249 12004.271676
0.820416 0.911290 24.070575 12066.321839
0.840426 0.907799 24.096686 12123.497143
0.860436 0.913313 24.101858 12188.683060
0.880446 0.908775 24.080000 12249.832370
0.900456 0.910207 24.082500 12309.500000
0.920467 0.912271 24.100565 12374.892655
0.940477 0.909300 24.088421 12430.456140
0.960487 0.912970 24.098621 12492.385057
0.980497 0.910506 24.094629 12551.474286
1.000507 0.909941 24.109392 12607.425414
1.020517 0.913831 24.097674 12668.755814
1.040528 0.909028 24.107500 12721.045455
1.060538 0.911918 24.118418 12778.107345
1.080548 0.911271 24.107746 12835.583815
1.100558 0.910335 24.087684 12886.327684
1.120568 0.913724 24.099091 12943.136364
1.140578 0.909483 24.098391 12994.741379
1.160588 0.911737 24.085087 13044.757225
1.180599 0.913612 24.072414 13097.471264
1.200609 0.910375 24.076872 13144.256983
1.220619 0.915270 24.083575 13195.324022
1.240629 0.912244 24.093728 13243.213018
1.260639 0.910975 24.109831 13288.096045
1.280649 0.915327 24.095730 13338.955056
1.300659 0.909829 24.110629 13383.320000
1.320670 0.913356 24.110056 13430.316384
1.340680 0.912627 24.103771 13478.474286
1.360690 0.910675 24.093257 13522.051429
1.380700 0.916396 24.112749 13569.941520
1.400710 0.909807 24.126328 13615.271186
1.420720 0.913367 24.112273 13661.460227
1.440730 0.914124 24.120452 13711.446328
1.460741 0.910382 24.116532 13755.179191
1.480751 0.916741 24.095819 13803.305085
1.500761 0.913136 24.081379 13851.235632
1.520771 0.911853 24.104457 13898.617143
1.540781 0.916564 24.108132 13947.829670
1.560791 0.911681 24.084706 13995.435294
1.580801 0.915324 24.064633 14044.378531
1.600812 0.913609 24.083908 14092.637931
1.620822 0.912008 24.084889 14141.505556
1.640832 0.917356 24.102588 14191.376471
1.660842 0.912459 24.096229 14238.834286
1.680852 0.914028 24.099101 14289.494382
1.700862 0.915223 24.100592 14338.491124
1.720872 0.911155 24.097500 14387.022727
1.740883 0.916695 24.096914 14437.102857
1.760893 0.912773 24.101573 14485.876404
1.780903 0.912441 24.113526 14536.699422
1.800913 0.915668 24.138202 14586.325843
1.820923 0.911957 24.110353 14635.164706
1.840933 0.914568 24.080667 14685.744444
1.860943 0.913395 24.075765 14735.017647
1.880954 0.910017 24.106057 14785.062857
1.900964 0.915247 24.116136 14834.397727
1.920974 0.910104 24.123182 14882.840909
1.940984 0.911671 24.126364 14934.221591
1.960994 0.912145 24.118889 14983.744444
1.981004 0.908288 24.091264 15033.183908
2.001014 0.912944 24.084260 15081.905325
2.021025 0.908644 24.114536 15129.956284
2.041035 0.908333 24.121808 15181.197740
2.061045 0.911760 24.093864 15229.914773
2.081055 0.906260 24.090118 15277.076471
2.101065 0.909464 24.082905 15326.463687
2.121075 0.908503 24.098547 15374.810056
2.141085 0.904630 24.100909 15424.028409
2.161096 0.910950 24.085549 15472.184971
2.181106 0.904882 24.079348 15520.804348
2.201116 0.906201 24.090058 15569.918129
2.221126 0.906735 24.124809 15617.683060
2.241136 0.903022 24.119053 15665.964497
2.261146 0.907259 24.106816 15713.597765
2.281156 0.903128 24.071061 15761.966480
2.301167 0.902231 24.082514 15809.542857
2.321177 0.904885 24.100994 15856.143646
2.341187 0.900692 24.107416 15902.488764
2.361197 0.902678 24.104914 15948.588571
2.381207 0.901901 24.092023 15995.780347
2.401217 0.899400 24.088619 16041.281768
2.421227 0.902776 24.092444 16088.216667
2.441238 0.898219 24.105965 16132.362573
2.461248 0.898861 24.100546 16176.513661
2.481258 0.898436 24.099551 16223.915730
2.501268 0.895165 24.113864 16267.880682
2.521278 0.899177 24.127640 16312.365169
2.541288 0.894569 24.127598 16358.698324
2.561298 0.894510 24.101436 1647.513812
2.581309 0.896683 24.084916 64.117318
2.601319 0.891144 24.093179 109.121387
2.621329 0.894643 24.104894 152.909574
2.641339 0.892310 24.120000 202.011236
2.661349 0.890314 24.103111 244.488889
2.681359 0.892721 24.092023 288.751445
2.701369 0.888571 24.106961 334.066298
2.721380 0.889191 24.102514 377.338798
2.741390 0.889145 24.114973 425.251366
2.761400 0.885203 24.096271 470.497175
2.781410 0.888296 24.089492 515.112994
2.801420 0.885842 24.106230 562.726776
2.821430 0.884363 24.107174 606.266304
2.841440 0.886270 24.100899 654.691011
2.861451 0.882306 24.096957 703.228261
2.881461 0.884798 24.101556 749.783333
2.901471 0.883621 24.104130 800.548913
2.921481 0.881311 24.098652 847.157303
2.941491 0.884382 24.087778 894.738889
2.961501 0.880586 24.096393 945.120219
2.981511 0.881589 24.109773 991.681818
3.001522 0.881711 24.106452 1041.435484
3.021532 0.878367 24.104348 1091.423913
3.041542 0.881556 24.121547 1140.591160
3.061552 0.879541 24.116906 1190.348066
3.081562 0.878422 24.094302 1239.653631
3.101572 0.880210 24.088791 1290.989011
3.121583 0.877137 24.101319 1342.906593
3.141593 0.674261 24.094694 1398.546939
3.161603 0.794321 24.101209 1449.260465
3.181613 0.814382 24.101244 1499.928230
3.201623 0.838126 24.101359 1553.262136
3.221633 0.835830 24.092611 1607.019704
3.241643 0.848166 24.086839 1659.725389
3.261654 0.851044 24.080193 1714.256039
3.281664 0.850919 24.099381 1769.855670
3.301674 0.859546 24.080000 1825.150000
3.321684 0.856608 24.104242 1882.050505
3.341694 0.861349 24.095833 1938.427083
3.361704 0.865336 24.088955 1996.960199
3.381714 0.863616 24.082956 2057.931034
3.401725 0.867792 24.100000 2118.170213
3.421735 0.869190 24.104510 2180.142157
3.441745 0.867874 24.098526 2242.436842
3.461755 0.872237 24.102449 2306.091837
3.481765 0.870444 24.094093 2369.984456
3.501775 0.873168 24.089388 2438.076531
3.521785 0.874883 24.078316 2505.910526
3.541796 0.874262 24.079381 2574.376289
3.561806 0.877464 24.082708 2643.656250
3.581816 0.877747 24.093264 2713.062176
3.601826 0.876549 24.127761 2784.716418
3.621836 0.880385 24.107979 2855.673575
3.641846 0.878830 24.121846 2925.692308
3.661856 0.882489 24.107594 2993.994652
3.681867 0.881912 24.108889 3062.848485
3.701877 0.882136 24.111913 3130.256831
3.721887 0.886349 24.115487 3196.297436
3.741897 0.884685 24.106114 3261.621762
3.761907 0.885763 24.097959 3325.183673
3.781917 0.887439 24.115054 3387.037634
3.801927 0.887369 24.106875 3446.723958
3.821938 0.891389 24.095579 3505.994737
3.841948 0.889120 24.099375 3563.234375
3.861958 0.890297 24.089948 3619.797927
3.881968 0.893079 24.086383 3674.122340
3.901978 0.892458 24.102359 3726.348718
3.921988 0.895978 24.106170 3778.372340
3.941998 0.894654 24.122139 3827.727273
3.962009 0.895585 24.111875 3876.182292
3.982019 0.897754 24.114783 3922.989130
4.002029 0.896459 24.116269 3968.652850
4.022039 0.897457 24.095450 4013.693122
4.042049 0.898548 24.091134 4058.979381
4.062059 0.897030 24.089167 4102.901042
4.082069 0.900843 24.112088 4144.824176
4.102080 0.898238 24.106736 4186.461140
4.122090 0.898946 24.099783 4226.847826
4.142100 0.900654 24.112539 4267.689119
4.162110 0.900201 24.090526 4310.247368
4.182120 0.902224 24.097297 4352.681081
4.202130 0.901917 24.104456 4396.834197
4.222140 0.900089 24.099679 4442.877005
4.242151 0.903794 24.094660 4491.413613
4.262161 0.902529 24.111204 4541.617801
4.282171 0.903833 24.099672 4594.327869
4.302181 0.903286 24.100217 4647.201087
4.322191 0.902221 24.090625 4701.713542
4.342201 0.905551 24.098696 4759.239130
4.362211 0.904540 24.100518 4816.015544
4.382222 0.904752 24.135435 4874.836957
4.402232 0.905951 24.139027 4931.135135
4.422242 0.904531 24.115440 4989.367876
4.442252 0.906951 24.093333 5047.068783
4.462262 0.905598 24.101622 5103.091892
4.482272 0.904659 24.126105 5158.621053
4.502282 0.908389 24.113333 5213.247312
4.522293 0.905476 24.121522 5264.489130
4.542303 0.906150 24.115532 5316.207447
4.562313 0.907068 24.107917 5368.494792
4.582323 0.905431 24.106455 5417.666667
4.602333 0.908643 24.110588 5467.016043
4.622343 0.906531 24.122595 5513.994595
4.642353 0.907943 24.128000 5561.329730
4.662364 0.907311 24.143704 5608.095238
4.682374 0.906281 24.126703 5655.345946
4.702384 0.909015 24.116684 5701.647668
4.722394 0.908264 24.115027 5748.681081
4.742404 0.907460 24.127568 5794.508108
4.762414 0.908445 24.124973 5838.762162
4.782424 0.906675 24.105895 5884.273684
4.802435 0.909099 24.102680 5931.432990
4.822445 0.908219 24.098771 5978.201117
4.842455 0.906578 24.092063 6022.730159
4.862465 0.909286 24.115556 6067.978836
4.882475 0.907034 24.126739 6111.630435
4.902485 0.907700 24.127831 6157.793651
4.922495 0.908514 24.127196 6202.164021
4.942506 0.907112 24.111304 6245.347826
4.962516 0.910256 24.117447 6291.250000
4.982526 0.908177 24.119781 6335.699454
5.002536 0.910221 24.074773 6379.693182
5.022546 0.910850 24.052376 6423.751381
5.042556 0.910025 24.067586 6466.275862
5.062567 0.911745 24.091200 6509.165714
5.082577 0.910916 24.096703 6555.071429
5.102587 0.909661 24.086588 6598.117647
5.122597 0.912268 24.077457 6642.387283
5.142607 0.910034 24.077318 6689.720670
5.162617 0.910372 24.096686 6735.737143
5.182627 0.910958 24.093039 6782.022099
5.202638 0.909943 24.089773 6828.931818
5.222648 0.912592 24.068503 6876.215569
5.242658 0.910359 24.061348 6922.213483
5.262668 0.909231 24.070930 6967.970930
5.282678 0.911742 24.075084 7013.804469
5.302688 0.909601 24.077257 7060.440000
5.322698 0.911892 24.063121 7107.658960
5.342709 0.909714 24.082905 7154.854749
5.362719 0.909326 24.086118 7202.158824
5.382729 0.911560 24.079091 7250.585227
5.402739 0.909446 24.080000 7297.622857
5.422749 0.910494 24.086591 7346.931818
5.442759 0.910612 24.080663 7397.138122
5.462769 0.909457 24.084855 7447.150289
5.482780 0.912615 24.074318 7496.789773
5.502790 0.910006 24.070787 7547.516854
5.522800 0.911623 24.079333 7599.566667
5.542810 0.912064 24.080947 7651.337278
5.562820 0.909762 24.087543 7701.988571
5.582830 0.912934 24.065455 7754.568182
5.602840 0.910194 24.069111 7808.316667
5.622851 0.911279 24.073253 7862.331325
5.642861 0.913225 24.075870 7916.777174
5.662871 0.911992 24.064828 7972.114943
5.682881 0.911544 24.073933 8027.117978
5.702891 0.912471 24.076532 8082.115607
5.722901 0.911160 24.099887 8139.129944
5.742911 0.916118 24.099294 8195.741176
5.762922 0.911089 24.113708 8252.775281
5.782932 0.913965 24.087910 8310.723164
5.802942 0.913623 24.090950 8370.324022
5.822952 0.913021 24.088837 8428.308140
5.842962 0.914113 24.082759 8485.494253
5.862972 0.913736 24.079545 8544.471591
5.882982 0.911892 24.080000 8606.206704
5.902993 0.914565 24.078588 8665.517647
5.923003 0.912808 24.087273 8723.602273
5.943013 0.914272 24.075838 8783.364162
5.963023 0.913388 24.077062 8843.412429
5.983033 0.913490 24.083182 8905.159091
6.003043 0.915196 24.102824 8965.635294
6.023053 0.913022 24.072584 9026.134831
6.043064 0.914250 24.067727 9088.056818
6.063074 0.914887 24.072000 9148.441176
6.083084 0.913500 24.087869 9209.983607
6.103094 0.915799 24.082955 9271.994318
6.123104 0.913617 24.090233 9335.162791
6.143114 0.913184 24.089249 9395.213873
6.163124 0.915513 24.079330 9455.234637
6.183135 0.913211 24.068343 9517.954286
6.203145 0.915345 24.072045 9577.835227
6.223155 0.913504 24.085517 9639.568966
6.243165 0.912625 24.083721 9700.093023
6.263175 0.915695 24.095470 9758.447514
