serial number: DELTA_RI70_21222007062
torque: 16.0
start_temp: 30 (33)
finish_temp: 31 (32)
note: joint z Delty
0.000000 0.686972
0.021014 0.688411
0.042028 0.690985
0.063042 0.683972
0.084056 0.674366
0.105070 0.675480
0.126084 0.682670
0.147098 0.690039
0.168112 0.690396
0.189126 0.682069
0.210140 0.673943
0.231154 0.675953
0.252168 0.683768
0.273182 0.690738
0.294196 0.689924
0.315210 0.680920
0.336224 0.673822
0.357238 0.676162
0.378252 0.685024
0.399266 0.692057
0.420280 0.688507
0.441294 0.678946
0.462308 0.672102
0.483322 0.676697
0.504336 0.685463
0.525350 0.691081
0.546364 0.686267
0.567378 0.675596
0.588392 0.672658
0.609406 0.677986
0.630420 0.685844
0.651434 0.691145
0.672448 0.685233
0.693462 0.674413
0.714476 0.672629
0.735490 0.678776
0.756504 0.686195
0.777518 0.689163
0.798532 0.682821
0.819546 0.672913
0.840560 0.671697
0.861574 0.678286
0.882588 0.687120
0.903602 0.688182
0.924616 0.680269
0.945630 0.671533
0.966644 0.671189
0.987658 0.679689
1.008672 0.686650
1.029686 0.687596
1.050700 0.679353
1.071714 0.671511
1.092728 0.673006
1.113742 0.680426
1.134756 0.687210
1.155770 0.687215
1.176784 0.677824
1.197798 0.670462
1.218812 0.672753
1.239826 0.681435
1.260840 0.688694
1.281854 0.685723
1.302868 0.675932
1.323882 0.669295
1.344896 0.673104
1.365910 0.681713
1.386924 0.688120
1.407938 0.685211
1.428952 0.674596
1.449966 0.670346
1.470980 0.675935
1.491994 0.683771
1.513008 0.689629
1.534022 0.685403
1.555036 0.674693
1.576050 0.672156
1.597064 0.677482
1.618078 0.686025
1.639092 0.689583
1.660106 0.684200
1.681120 0.673530
1.702134 0.671602
1.723148 0.677714
1.744162 0.686335
1.765176 0.689583
1.786190 0.683756
1.807204 0.672957
1.828218 0.672763
1.849232 0.680006
1.870246 0.687335
1.891260 0.690404
1.912274 0.682463
1.933288 0.672490
1.954302 0.672092
1.975316 0.680141
1.996330 0.687770
2.017344 0.688230
2.038358 0.680670
2.059372 0.671487
2.080386 0.672275
2.101400 0.681306
2.122414 0.687895
2.143428 0.687594
2.164442 0.678369
2.185456 0.671079
2.206470 0.671645
2.227484 0.680393
2.248498 0.687315
2.269512 0.686427
2.290526 0.676383
2.311540 0.669416
2.332554 0.672118
2.353568 0.680362
2.374582 0.686268
2.395596 0.684364
2.416610 0.674351
2.437624 0.668571
2.458638 0.672393
2.479652 0.681010
2.500666 0.685653
2.521680 0.682284
2.542694 0.672856
2.563708 0.667573
2.584722 0.672281
2.605736 0.680860
2.626750 0.685686
2.647764 0.680519
2.668778 0.670322
2.689792 0.666367
2.710806 0.672261
2.731820 0.680550
2.752834 0.685018
2.773848 0.678941
2.794862 0.669944
2.815876 0.667000
2.836890 0.673063
2.857904 0.681391
2.878918 0.683527
2.899932 0.677197
2.920946 0.667214
2.941960 0.665917
2.962974 0.673004
2.983988 0.681176
3.005002 0.683143
3.026016 0.676650
3.047030 0.666822
3.068044 0.666880
3.089058 0.674393
3.110072 0.682935
3.131086 0.683674
3.152100 0.676085
3.173114 0.667214
3.194128 0.668352
3.215142 0.676050
3.236156 0.683694
3.257170 0.683117
3.278184 0.674247
3.299198 0.666976
3.320212 0.669551
3.341226 0.677762
3.362240 0.685040
3.383254 0.683525
3.404268 0.674682
3.425282 0.668425
3.446296 0.671600
3.467310 0.680254
3.488324 0.686568
3.509338 0.684030
3.530352 0.675151
3.551366 0.668844
3.572380 0.673801
3.593394 0.682037
3.614408 0.688945
3.635422 0.684404
3.656436 0.674959
3.677450 0.670608
3.698464 0.675403
3.719478 0.683784
3.740492 0.689538
3.761506 0.683885
3.782520 0.674040
3.803534 0.671608
3.824548 0.676424
3.845562 0.685130
3.866576 0.689582
3.887590 0.682509
3.908604 0.673845
3.929618 0.671819
3.950632 0.679168
3.971646 0.687202
3.992660 0.690175
4.013674 0.683878
4.034688 0.673573
4.055702 0.674336
4.076716 0.681346
4.097730 0.688467
4.118744 0.690133
4.139758 0.681626
4.160772 0.672582
4.181786 0.674485
4.202800 0.682197
4.223814 0.689611
4.244828 0.687814
4.265842 0.680110
4.286856 0.672225
4.307870 0.674669
4.328884 0.683056
4.349898 0.689280
4.370912 0.687095
4.391926 0.677458
4.412940 0.670989
4.433954 0.674318
4.454968 0.682943
4.475982 0.689059
4.496996 0.684574
4.518010 0.675434
4.539023 0.669963
4.560037 0.674639
4.581051 0.683099
4.602065 0.687241
4.623079 0.683246
4.644093 0.673278
4.665107 0.670395
4.686121 0.676562
4.707135 0.684844
4.728149 0.688257
4.749163 0.682481
4.770177 0.673387
4.791191 0.671754
4.812205 0.678267
4.833219 0.686990
4.854233 0.688393
4.875247 0.681434
4.896261 0.672661
4.917275 0.672582
4.938289 0.681029
4.959303 0.687695
4.980317 0.687899
5.001331 0.679722
5.022345 0.671517
5.043359 0.674402
5.064373 0.683482
5.085387 0.689642
5.106401 0.688335
5.127415 0.678299
5.148429 0.672351
5.169443 0.676102
5.190457 0.685109
5.211471 0.690715
5.232485 0.688290
5.253499 0.678020
5.274513 0.672807
5.295527 0.614392
5.316541 0.653784
5.337555 0.670234
5.358569 0.669322
5.379583 0.665267
5.400597 0.661711
5.421611 0.670665
5.442625 0.680055
5.463639 0.685602
5.484653 0.681021
5.505667 0.670237
5.526681 0.668992
5.547695 0.676938
5.568709 0.685468
5.589723 0.688186
5.610737 0.680096
5.631751 0.672641
5.652765 0.673023
5.673779 0.681080
5.694793 0.689068
5.715807 0.688327
5.736821 0.679809
5.757835 0.673723
5.778849 0.675870
5.799863 0.683996
5.820877 0.690667
5.841891 0.689294
5.862905 0.680174
5.883919 0.674078
5.904933 0.677619
5.925947 0.686314
5.946961 0.692394
5.967975 0.688846
5.988989 0.678722
6.010003 0.674876
6.031017 0.678800
6.052031 0.688081
6.073045 0.692878
6.094059 0.686727
6.115073 0.677107
6.136087 0.674162
6.157101 0.679622
6.178115 0.688587
6.199129 0.692308
6.220143 0.685367
6.241157 0.675093
6.262171 0.674551
6.283185 0.681220
