serial number: JANUSZ_4_RI80_21414845
torque: 16.0
start_temp: 30 (34)
finish_temp: 30 (33)
note: j4_pcb_3_4
0.000000 nan
0.021014 0.340415
0.042028 0.337551
0.063042 0.340687
0.084056 0.338369
0.105070 0.337904
0.126084 0.340763
0.147098 0.336907
0.168112 0.340794
0.189126 0.337998
0.210140 0.337671
0.231154 0.339798
0.252168 0.337340
0.273182 0.340946
0.294196 0.337953
0.315210 0.338592
0.336224 0.339850
0.357238 0.337680
0.378252 0.341908
0.399266 0.338601
0.420280 0.339851
0.441294 0.340385
0.462308 0.338294
0.483322 0.342183
0.504336 0.338933
0.525350 0.340405
0.546364 0.340930
0.567378 0.338338
0.588392 0.342452
0.609406 0.338382
0.630420 0.340382
0.651434 0.341026
0.672448 0.338126
0.693462 0.341902
0.714476 0.338684
0.735490 0.340516
0.756504 0.341210
0.777518 0.338955
0.798532 0.342742
0.819546 0.339167
0.840560 0.341102
0.861574 0.340159
0.882588 0.338346
0.903602 0.342245
0.924616 0.338892
0.945630 0.341628
0.966644 0.341404
0.987658 0.340267
1.008672 0.343887
1.029686 0.340411
1.050700 0.343549
1.071714 0.342518
1.092728 0.341316
1.113742 0.343979
1.134756 0.340135
1.155770 0.343522
1.176784 0.341877
1.197798 0.341323
1.218812 0.342278
1.239826 0.338452
1.260840 0.341953
1.281854 0.340347
1.302868 0.339566
1.323882 0.342074
1.344896 0.338645
1.365910 0.342437
1.386924 0.340460
1.407938 0.340316
1.428952 0.342511
1.449966 0.338989
1.470980 0.342812
1.491994 0.340364
1.513008 0.340589
1.534022 0.342778
1.555036 0.339604
1.576050 0.343522
1.597064 0.340508
1.618078 0.341562
1.639092 0.342813
1.660106 0.339521
1.681120 0.343806
1.702134 0.340468
1.723148 0.341624
1.744162 0.342926
1.765176 0.339559
1.786190 0.343452
1.807204 0.340332
1.828218 0.342415
1.849232 0.342970
1.870246 0.339837
1.891260 0.343727
1.912274 0.340395
1.933288 0.342966
1.954302 0.342875
1.975316 0.340014
1.996330 0.343747
2.017344 0.340101
2.038358 0.343272
2.059372 0.342575
2.080386 0.340102
2.101400 0.344267
2.122414 0.340604
2.143428 0.343764
2.164442 0.342707
2.185456 0.340457
2.206470 0.343689
2.227484 0.340496
2.248498 0.343835
2.269512 0.342262
2.290526 0.340551
2.311540 0.343812
2.332554 0.340539
2.353568 0.344095
2.374582 0.341634
2.395596 0.340740
2.416610 0.343580
2.437624 0.340683
2.458638 0.344775
2.479652 0.342555
2.500666 0.341579
2.521680 0.343969
2.542694 0.340641
2.563708 0.345583
2.584722 0.342965
2.605736 0.342579
2.626750 0.343930
2.647764 0.340802
2.668778 0.345711
2.689792 0.342373
2.710806 0.343836
2.731820 0.344829
2.752834 0.341518
2.773848 0.345905
2.794862 0.342010
2.815876 0.343998
2.836890 0.343625
2.857904 0.341318
2.878918 0.346105
2.899932 0.342430
2.920946 0.344785
2.941960 0.343586
2.962974 0.342138
2.983988 0.346238
3.005002 0.342273
3.026016 0.345738
3.047030 0.343763
3.068044 0.343011
3.089058 0.346329
3.110072 0.342929
3.131086 0.346662
3.152100 0.343400
3.173114 0.342878
3.194128 0.345920
3.215142 0.342710
3.236156 0.347172
3.257170 0.344099
3.278184 0.344052
3.299198 0.346013
3.320212 0.343057
3.341226 0.348037
3.362240 0.344168
3.383254 0.345552
3.404268 0.345975
3.425282 0.343354
3.446296 0.348040
3.467310 0.343694
3.488324 0.345647
3.509338 0.345602
3.530352 0.342751
3.551366 0.347452
3.572380 0.343103
3.593394 0.345636
3.614408 0.344490
3.635422 0.342504
3.656436 0.346698
3.677450 0.342551
3.698464 0.345227
3.719478 0.343539
3.740492 0.342794
3.761506 0.346701
3.782520 0.342744
3.803534 0.346198
3.824548 0.343915
3.845562 0.343706
3.866576 0.346190
3.887590 0.342457
3.908604 0.346264
3.929618 0.343314
3.950632 0.343066
3.971646 0.345169
3.992660 0.342270
4.013674 0.346318
4.034688 0.343047
4.055702 0.344089
4.076716 0.344926
4.097730 0.341807
4.118744 0.346019
4.139758 0.342178
4.160772 0.344207
4.181786 0.344301
4.202800 0.342095
4.223814 0.345294
4.244828 0.341138
4.265842 0.343850
4.286856 0.342903
4.307870 0.341482
4.328884 0.344934
4.349898 0.341376
4.370912 0.344757
4.391926 0.343295
4.412940 0.342450
4.433954 0.345139
4.454968 0.341243
4.475982 0.344973
4.496996 0.343220
4.518010 0.342346
4.539023 0.344612
4.560037 0.341329
4.581051 0.344961
4.602065 0.342586
4.623079 0.343145
4.644093 0.344818
4.665107 0.340909
4.686121 0.344848
4.707135 0.341718
4.728149 0.342213
4.749163 0.342772
4.770177 0.340356
4.791191 0.344358
4.812205 0.341394
4.833219 0.343004
4.854233 0.343292
4.875247 0.340785
4.896261 0.344476
4.917275 0.340909
4.938289 0.342755
4.959303 0.342857
4.980317 0.340011
5.001331 0.343372
5.022345 0.339872
5.043359 0.343158
5.064373 0.342334
5.085387 0.340378
5.106401 0.343847
5.127415 0.340280
5.148429 0.343424
5.169443 0.342308
5.190457 0.340982
5.211471 0.343856
5.232485 0.340567
5.253499 0.343982
5.274513 0.341841
5.295527 0.341176
5.316541 0.343327
5.337555 0.340646
5.358569 0.344171
5.379583 0.341874
5.400597 0.340989
5.421611 0.343001
5.442625 0.339622
5.463639 0.343678
5.484653 0.341095
5.505667 0.341101
5.526681 0.342723
5.547695 0.339371
5.568709 0.343699
5.589723 0.340906
5.610737 0.341794
5.631751 0.341956
5.652765 0.338825
5.673779 0.343056
5.694793 0.339873
5.715807 0.341460
5.736821 0.341513
5.757835 0.339312
5.778849 0.343260
5.799863 0.339968
5.820877 0.341873
5.841891 0.341259
5.862905 0.339083
5.883919 0.341274
5.904933 0.337872
5.925947 0.340441
5.946961 0.339213
5.967975 0.337267
5.988989 0.341198
6.010003 0.337737
6.031017 0.340560
6.052031 0.338503
6.073045 0.336950
6.094059 0.340043
6.115073 0.337052
6.136087 0.339961
6.157101 0.338521
6.178115 0.337077
6.199129 0.340197
6.220143 0.336857
6.241157 0.340483
6.262171 0.338610
6.283185 0.337752
