serial number: JANUSZ_4_RI80_21414845
torque: 16.0
start_temp: 31 (32)
finish_temp: 32 (33)
note: j4_3_4_brak_flanszy_uszczelniajacej
0.000000 nan
0.021014 0.525838
0.042028 0.532088
0.063042 0.527307
0.084056 0.528298
0.105070 0.531102
0.126084 0.525785
0.147098 0.532324
0.168112 0.526335
0.189126 0.528645
0.210140 0.530032
0.231154 0.525403
0.252168 0.531920
0.273182 0.525053
0.294196 0.528540
0.315210 0.527954
0.336224 0.524170
0.357238 0.530189
0.378252 0.523280
0.399266 0.528072
0.420280 0.526643
0.441294 0.524467
0.462308 0.530322
0.483322 0.523218
0.504336 0.528518
0.525350 0.525824
0.546364 0.524683
0.567378 0.529738
0.588392 0.522781
0.609406 0.528487
0.630420 0.524640
0.651434 0.524565
0.672448 0.528946
0.693462 0.522458
0.714476 0.528377
0.735490 0.523793
0.756504 0.524434
0.777518 0.527932
0.798532 0.522135
0.819546 0.528323
0.840560 0.523073
0.861574 0.525198
0.882588 0.527481
0.903602 0.522176
0.924616 0.528269
0.945630 0.521952
0.966644 0.525506
0.987658 0.526286
1.008672 0.522101
1.029686 0.528007
1.050700 0.521309
1.071714 0.525969
1.092728 0.525469
1.113742 0.522760
1.134756 0.528236
1.155770 0.521264
1.176784 0.526699
1.197798 0.524860
1.218812 0.522902
1.239826 0.527583
1.260840 0.520841
1.281854 0.526749
1.302868 0.524152
1.323882 0.523903
1.344896 0.528422
1.365910 0.522112
1.386924 0.528366
1.407938 0.524982
1.428952 0.525079
1.449966 0.528844
1.470980 0.522433
1.491994 0.528639
1.513008 0.524389
1.534022 0.525668
1.555036 0.528428
1.576050 0.522678
1.597064 0.529628
1.618078 0.525586
1.639092 0.528197
1.660106 0.528838
1.681120 0.523702
1.702134 0.529954
1.723148 0.524295
1.744162 0.528343
1.765176 0.528736
1.786190 0.524682
1.807204 0.530986
1.828218 0.524695
1.849232 0.529862
1.870246 0.529243
1.891260 0.526256
1.912274 0.532290
1.933288 0.526201
1.954302 0.531573
1.975316 0.529887
1.996330 0.527326
2.017344 0.532306
2.038358 0.526424
2.059372 0.531973
2.080386 0.529283
2.101400 0.528253
2.122414 0.532713
2.143428 0.526809
2.164442 0.533034
2.185456 0.529651
2.206470 0.529614
2.227484 0.533422
2.248498 0.527782
2.269512 0.534556
2.290526 0.530439
2.311540 0.531105
2.332554 0.533889
2.353568 0.528648
2.374582 0.535490
2.395596 0.530647
2.416610 0.532330
2.437624 0.533956
2.458638 0.529187
2.479652 0.535884
2.500666 0.530161
2.521680 0.533028
2.542694 0.533952
2.563708 0.529144
2.584722 0.535747
2.605736 0.529480
2.626750 0.533545
2.647764 0.533271
2.668778 0.529785
2.689792 0.536361
2.710806 0.530075
2.731820 0.534927
2.752834 0.534053
2.773848 0.531090
2.794862 0.537059
2.815876 0.530460
2.836890 0.535523
2.857904 0.533183
2.878918 0.530850
2.899932 0.536017
2.920946 0.529798
2.941960 0.535435
2.962974 0.532612
2.983988 0.531043
3.005002 0.535807
3.026016 0.529854
3.047030 0.536092
3.068044 0.532454
3.089058 0.532292
3.110072 0.536293
3.131086 0.530424
3.152100 0.536614
3.173114 0.531889
3.194128 0.532276
3.215142 0.535207
3.236156 0.529818
3.257170 0.536542
3.278184 0.531175
3.299198 0.532415
3.320212 0.534894
3.341226 0.529746
3.362240 0.536579
3.383254 0.530795
3.404268 0.532828
3.425282 0.534339
3.446296 0.529621
3.467310 0.536375
3.488324 0.529849
3.509338 0.532825
3.530352 0.533781
3.551366 0.529645
3.572380 0.536541
3.593394 0.529584
3.614408 0.533247
3.635422 0.533115
3.656436 0.529502
3.677450 0.535820
3.698464 0.528709
3.719478 0.532769
3.740492 0.531892
3.761506 0.529091
3.782520 0.535368
3.803534 0.528321
3.824548 0.533367
3.845562 0.531730
3.866576 0.529370
3.887590 0.535029
3.908604 0.527745
3.929618 0.532464
3.950632 0.530326
3.971646 0.528755
3.992660 0.533962
4.013674 0.527086
4.034688 0.532216
4.055702 0.529306
4.076716 0.528295
4.097730 0.533179
4.118744 0.526181
4.139758 0.531725
4.160772 0.528545
4.181786 0.528413
4.202800 0.533278
4.223814 0.526658
4.244828 0.532498
4.265842 0.529131
4.286856 0.529435
4.307870 0.533758
4.328884 0.527242
4.349898 0.531877
4.370912 0.527498
4.391926 0.528448
4.412940 0.532064
4.433954 0.525934
4.454968 0.532379
4.475982 0.527500
4.496996 0.528866
4.518010 0.531794
4.539023 0.525911
4.560037 0.532325
4.581051 0.527390
4.602065 0.530013
4.623079 0.532031
4.644093 0.526829
4.665107 0.533309
4.686121 0.527963
4.707135 0.530805
4.728149 0.532260
4.749163 0.527339
4.770177 0.533328
4.791191 0.527545
4.812205 0.531241
4.833219 0.532398
4.854233 0.528116
4.875247 0.534230
4.896261 0.528101
4.917275 0.532388
4.938289 0.532470
4.959303 0.528846
4.980317 0.535000
5.001331 0.528494
5.022345 0.533663
5.043359 0.532805
5.064373 0.529974
5.085387 0.535433
5.106401 0.528804
5.127415 0.534262
5.148429 0.532559
5.169443 0.530444
5.190457 0.535356
5.211471 0.528464
5.232485 0.534281
5.253499 0.531847
5.274513 0.530928
5.295527 0.535478
5.316541 0.529142
5.337555 0.535300
5.358569 0.532137
5.379583 0.531819
5.400597 0.536011
5.421611 0.529766
5.442625 0.536177
5.463639 0.532003
5.484653 0.532183
5.505667 0.535360
5.526681 0.529350
5.547695 0.536278
5.568709 0.531520
5.589723 0.532860
5.610737 0.535279
5.631751 0.530033
5.652765 0.536821
5.673779 0.531323
5.694793 0.533733
5.715807 0.534975
5.736821 0.530432
5.757835 0.537358
5.778849 0.531362
5.799863 0.534513
5.820877 0.534530
5.841891 0.530332
5.862905 0.536758
5.883919 0.530234
5.904933 0.534347
5.925947 0.533287
5.946961 0.530176
5.967975 0.536552
5.988989 0.529653
6.010003 0.534465
6.031017 0.532689
6.052031 0.530403
6.073045 0.536040
6.094059 0.529350
6.115073 0.535033
6.136087 0.532079
6.157101 0.530947
6.178115 0.534447
6.199129 0.527689
6.220143 0.533484
6.241157 0.528181
6.262171 0.528193
6.283185 0.531970
