serial number: JANUSZ_4_RI80_21414845
torque: 16.0
start_temp: 30 (33)
finish_temp: 30 (33)
note: j4_3_4_brak_flanszy_uszczelniajacej
0.000000 nan
0.021014 0.476890
0.042028 0.483246
0.063042 0.477516
0.084056 0.479018
0.105070 0.480649
0.126084 0.476564
0.147098 0.482580
0.168112 0.476132
0.189126 0.478807
0.210140 0.479052
0.231154 0.475783
0.252168 0.481774
0.273182 0.475166
0.294196 0.478677
0.315210 0.478029
0.336224 0.475770
0.357238 0.481064
0.378252 0.473965
0.399266 0.479068
0.420280 0.476870
0.441294 0.475770
0.462308 0.480157
0.483322 0.473697
0.504336 0.479001
0.525350 0.475430
0.546364 0.475409
0.567378 0.479285
0.588392 0.472801
0.609406 0.477725
0.630420 0.473734
0.651434 0.474360
0.672448 0.477844
0.693462 0.472487
0.714476 0.478731
0.735490 0.473577
0.756504 0.474850
0.777518 0.477392
0.798532 0.472717
0.819546 0.479146
0.840560 0.472905
0.861574 0.475333
0.882588 0.476828
0.903602 0.473076
0.924616 0.478975
0.945630 0.472339
0.966644 0.476159
0.987658 0.476266
1.008672 0.473510
1.029686 0.478846
1.050700 0.471905
1.071714 0.477591
1.092728 0.476917
1.113742 0.474712
1.134756 0.479750
1.155770 0.473064
1.176784 0.478438
1.197798 0.476238
1.218812 0.474918
1.239826 0.479233
1.260840 0.472834
1.281854 0.478890
1.302868 0.475704
1.323882 0.475393
1.344896 0.479021
1.365910 0.472515
1.386924 0.478535
1.407938 0.474751
1.428952 0.475600
1.449966 0.478724
1.470980 0.472538
1.491994 0.479343
1.513008 0.474678
1.534022 0.477143
1.555036 0.479256
1.576050 0.473502
1.597064 0.480297
1.618078 0.474632
1.639092 0.478437
1.660106 0.478939
1.681120 0.474218
1.702134 0.480382
1.723148 0.474764
1.744162 0.479016
1.765176 0.478475
1.786190 0.475234
1.807204 0.481002
1.828218 0.475033
1.849232 0.480133
1.870246 0.478660
1.891260 0.476320
1.912274 0.481668
1.933288 0.475231
1.954302 0.481649
1.975316 0.478496
1.996330 0.477558
2.017344 0.481888
2.038358 0.475568
2.059372 0.482404
2.080386 0.478286
2.101400 0.478837
2.122414 0.481482
2.143428 0.475581
2.164442 0.482804
2.185456 0.478932
2.206470 0.479356
2.227484 0.481614
2.248498 0.475827
2.269512 0.482565
2.290526 0.478112
2.311540 0.479251
2.332554 0.480691
2.353568 0.475864
2.374582 0.483228
2.395596 0.477509
2.416610 0.479979
2.437624 0.480739
2.458638 0.476565
2.479652 0.483201
2.500666 0.477605
2.521680 0.480875
2.542694 0.480167
2.563708 0.477264
2.584722 0.483489
2.605736 0.477567
2.626750 0.481460
2.647764 0.479668
2.668778 0.476785
2.689792 0.484258
2.710806 0.478153
2.731820 0.483670
2.752834 0.481252
2.773848 0.479279
2.794862 0.485037
2.815876 0.478943
2.836890 0.484939
2.857904 0.481975
2.878918 0.480298
2.899932 0.485505
2.920946 0.479738
2.941960 0.485510
2.962974 0.481868
2.983988 0.481165
3.005002 0.485840
3.026016 0.478501
3.047030 0.484705
3.068044 0.480122
3.089058 0.480608
3.110072 0.484485
3.131086 0.478574
3.152100 0.485650
3.173114 0.480474
3.194128 0.481483
3.215142 0.484166
3.236156 0.479281
3.257170 0.486436
3.278184 0.480860
3.299198 0.483215
3.320212 0.484644
3.341226 0.480237
3.362240 0.486283
3.383254 0.480412
3.404268 0.482733
3.425282 0.483786
3.446296 0.479950
3.467310 0.486587
3.488324 0.480381
3.509338 0.483260
3.530352 0.483574
3.551366 0.480135
3.572380 0.486740
3.593394 0.479125
3.614408 0.483287
3.635422 0.483058
3.656436 0.480380
3.677450 0.486712
3.698464 0.479730
3.719478 0.484435
3.740492 0.482650
3.761506 0.480859
3.782520 0.486550
3.803534 0.479578
3.824548 0.484645
3.845562 0.482716
3.866576 0.481453
3.887590 0.486499
3.908604 0.479248
3.929618 0.484496
3.950632 0.482229
3.971646 0.480868
3.992660 0.485573
4.013674 0.478472
4.034688 0.484247
4.055702 0.481128
4.076716 0.480702
4.097730 0.484925
4.118744 0.478410
4.139758 0.484528
4.160772 0.481045
4.181786 0.481667
4.202800 0.485303
4.223814 0.478846
4.244828 0.485013
4.265842 0.481361
4.286856 0.482040
4.307870 0.484906
4.328884 0.478568
4.349898 0.483077
4.370912 0.477999
4.391926 0.478492
4.412940 0.480962
4.433954 0.476007
4.454968 0.481408
4.475982 0.476745
4.496996 0.478706
4.518010 0.480963
4.539023 0.475445
4.560037 0.481179
4.581051 0.476268
4.602065 0.479567
4.623079 0.480756
4.644093 0.475839
4.665107 0.481897
4.686121 0.476369
4.707135 0.480240
4.728149 0.480352
4.749163 0.476188
4.770177 0.482225
4.791191 0.476728
4.812205 0.480491
4.833219 0.480164
4.854233 0.476525
4.875247 0.482066
4.896261 0.476200
4.917275 0.480574
4.938289 0.479966
4.959303 0.477182
4.980317 0.482991
5.001331 0.476769
5.022345 0.482609
5.043359 0.481203
5.064373 0.479248
5.085387 0.483948
5.106401 0.477234
5.127415 0.482383
5.148429 0.480200
5.169443 0.479106
5.190457 0.483924
5.211471 0.477851
5.232485 0.484093
5.253499 0.480993
5.274513 0.480399
5.295527 0.483523
5.316541 0.477493
5.337555 0.483564
5.358569 0.479637
5.379583 0.479721
5.400597 0.482196
5.421611 0.477015
5.442625 0.483530
5.463639 0.478857
5.484653 0.480018
5.505667 0.482213
5.526681 0.477010
5.547695 0.484120
5.568709 0.478776
5.589723 0.480847
5.610737 0.482497
5.631751 0.478263
5.652765 0.485105
5.673779 0.480052
5.694793 0.483586
5.715807 0.482667
5.736821 0.477600
5.757835 0.483992
5.778849 0.477846
5.799863 0.481964
5.820877 0.481126
5.841891 0.477598
5.862905 0.483538
5.883919 0.477291
5.904933 0.482613
5.925947 0.480326
5.946961 0.477962
5.967975 0.482976
5.988989 0.477136
6.010003 0.482700
6.031017 0.479883
6.052031 0.478386
6.073045 0.482839
6.094059 0.477820
6.115073 0.483519
6.136087 0.479120
6.157101 0.478788
6.178115 0.482589
6.199129 0.477261
6.220143 0.483515
6.241157 0.478435
6.262171 0.478722
6.283185 0.481587
