serial number: JANUSZ_4_RI80_21414845
torque: 16.0
start_temp: 30 (32)
finish_temp: 31 (33)
note: j4_3_4_brak_flanszy_uszczelniajacej
0.000000 nan
0.021014 0.510662
0.042028 0.516344
0.063042 0.511880
0.084056 0.513124
0.105070 0.515113
0.126084 0.510957
0.147098 0.517055
0.168112 0.511036
0.189126 0.513127
0.210140 0.513685
0.231154 0.510098
0.252168 0.516073
0.273182 0.509597
0.294196 0.512517
0.315210 0.512051
0.336224 0.509333
0.357238 0.515024
0.378252 0.508255
0.399266 0.512396
0.420280 0.510665
0.441294 0.509063
0.462308 0.514592
0.483322 0.507746
0.504336 0.512415
0.525350 0.509471
0.546364 0.508678
0.567378 0.513636
0.588392 0.507955
0.609406 0.512564
0.630420 0.508182
0.651434 0.508818
0.672448 0.512394
0.693462 0.506485
0.714476 0.512079
0.735490 0.507311
0.756504 0.509041
0.777518 0.511429
0.798532 0.506238
0.819546 0.512131
0.840560 0.506385
0.861574 0.509020
0.882588 0.510300
0.903602 0.506042
0.924616 0.511885
0.945630 0.505592
0.966644 0.508926
0.987658 0.509108
1.008672 0.505858
1.029686 0.511624
1.050700 0.505230
1.071714 0.509885
1.092728 0.508898
1.113742 0.506462
1.134756 0.512112
1.155770 0.505059
1.176784 0.510582
1.197798 0.508445
1.218812 0.507246
1.239826 0.512284
1.260840 0.505628
1.281854 0.511413
1.302868 0.508510
1.323882 0.508164
1.344896 0.512349
1.365910 0.505897
1.386924 0.511852
1.407938 0.508096
1.428952 0.508765
1.449966 0.512100
1.470980 0.505980
1.491994 0.512222
1.513008 0.507668
1.534022 0.508904
1.555036 0.510719
1.576050 0.505286
1.597064 0.511564
1.618078 0.506304
1.639092 0.509635
1.660106 0.510709
1.681120 0.506490
1.702134 0.512692
1.723148 0.507109
1.744162 0.511478
1.765176 0.511174
1.786190 0.507480
1.807204 0.513127
1.828218 0.507184
1.849232 0.512493
1.870246 0.511160
1.891260 0.508931
1.912274 0.514109
1.933288 0.507943
1.954302 0.513833
1.975316 0.511503
1.996330 0.509812
2.017344 0.514472
2.038358 0.508387
2.059372 0.514415
2.080386 0.511209
2.101400 0.510843
2.122414 0.514990
2.143428 0.508865
2.164442 0.515566
2.185456 0.511651
2.206470 0.511629
2.227484 0.514987
2.248498 0.509283
2.269512 0.516011
2.290526 0.511657
2.311540 0.512767
2.332554 0.515098
2.353568 0.510045
2.374582 0.516659
2.395596 0.511534
2.416610 0.513730
2.437624 0.514925
2.458638 0.510503
2.479652 0.516754
2.500666 0.511082
2.521680 0.513436
2.542694 0.513617
2.563708 0.510264
2.584722 0.517227
2.605736 0.511223
2.626750 0.515429
2.647764 0.514386
2.668778 0.511525
2.689792 0.517805
2.710806 0.511605
2.731820 0.516472
2.752834 0.514240
2.773848 0.512203
2.794862 0.517601
2.815876 0.511761
2.836890 0.517023
2.857904 0.514087
2.878918 0.512779
2.899932 0.517853
2.920946 0.512051
2.941960 0.517377
2.962974 0.513745
2.983988 0.513466
3.005002 0.517883
3.026016 0.512274
3.047030 0.517957
3.068044 0.513711
3.089058 0.514061
3.110072 0.517786
3.131086 0.512608
3.152100 0.518769
3.173114 0.514019
3.194128 0.514919
3.215142 0.517528
3.236156 0.512680
3.257170 0.518942
3.278184 0.513741
3.299198 0.515294
3.320212 0.517318
3.341226 0.512843
3.362240 0.519318
3.383254 0.513328
3.404268 0.515587
3.425282 0.517087
3.446296 0.512838
3.467310 0.519081
3.488324 0.512797
3.509338 0.515818
3.530352 0.516164
3.551366 0.512684
3.572380 0.518824
3.593394 0.511798
3.614408 0.515534
3.635422 0.515175
3.656436 0.512088
3.677450 0.517988
3.698464 0.511342
3.719478 0.515542
3.740492 0.514620
3.761506 0.512138
3.782520 0.517649
3.803534 0.510816
3.824548 0.515531
3.845562 0.513957
3.866576 0.512249
3.887590 0.517643
3.908604 0.511056
3.929618 0.516076
3.950632 0.513817
3.971646 0.512803
3.992660 0.517750
4.013674 0.511024
4.034688 0.516232
4.055702 0.513348
4.076716 0.512641
4.097730 0.517021
4.118744 0.510413
4.139758 0.516161
4.160772 0.512469
4.181786 0.512373
4.202800 0.516573
4.223814 0.510546
4.244828 0.516504
4.265842 0.512696
4.286856 0.513332
4.307870 0.516798
4.328884 0.510427
4.349898 0.516179
4.370912 0.511926
4.391926 0.513101
4.412940 0.516119
4.433954 0.510644
4.454968 0.516671
4.475982 0.512064
4.496996 0.513799
4.518010 0.516135
4.539023 0.510823
4.560037 0.517000
4.581051 0.512078
4.602065 0.514668
4.623079 0.516396
4.644093 0.511479
4.665107 0.517572
4.686121 0.511966
4.707135 0.515153
4.728149 0.516282
4.749163 0.512232
4.770177 0.518312
4.791191 0.512473
4.812205 0.516368
4.833219 0.517026
4.854233 0.513181
4.875247 0.518943
4.896261 0.512586
4.917275 0.517270
4.938289 0.516877
4.959303 0.513365
4.980317 0.519070
5.001331 0.512928
5.022345 0.518045
5.043359 0.516671
5.064373 0.513818
5.085387 0.519158
5.106401 0.512633
5.127415 0.518184
5.148429 0.516426
5.169443 0.514309
5.190457 0.519463
5.211471 0.513221
5.232485 0.519386
5.253499 0.516718
5.274513 0.515871
5.295527 0.520184
5.316541 0.514390
5.337555 0.520489
5.358569 0.516084
5.379583 0.515456
5.400597 0.518684
5.421611 0.512470
5.442625 0.518807
5.463639 0.514779
5.484653 0.514998
5.505667 0.517593
5.526681 0.512350
5.547695 0.519092
5.568709 0.514170
5.589723 0.515826
5.610737 0.517539
5.631751 0.512963
5.652765 0.519365
5.673779 0.513936
5.694793 0.516468
5.715807 0.517349
5.736821 0.513298
5.757835 0.520060
5.778849 0.514017
5.799863 0.517398
5.820877 0.517003
5.841891 0.513675
5.862905 0.520193
5.883919 0.513704
5.904933 0.517508
5.925947 0.515850
5.946961 0.513323
5.967975 0.518732
5.988989 0.512322
6.010003 0.517035
6.031017 0.514516
6.052031 0.513299
6.073045 0.518141
6.094059 0.512311
6.115073 0.517483
6.136087 0.513774
6.157101 0.513358
6.178115 0.516969
6.199129 0.511350
6.220143 0.516761
6.241157 0.512558
6.262171 0.512857
6.283185 0.515833
