serial number: JANUSZ_4_RI80_21414845
torque: 16.0
start_temp: 30 (34)
finish_temp: 30 (33)
note: j4_3_4_ri_80
0.000000 nan
0.021014 0.488790
0.042028 0.493418
0.063042 0.487087
0.084056 0.492678
0.105070 0.488449
0.126084 0.488430
0.147098 0.492327
0.168112 0.486270
0.189126 0.492253
0.210140 0.487325
0.231154 0.488178
0.252168 0.490843
0.273182 0.485666
0.294196 0.492000
0.315210 0.486283
0.336224 0.488145
0.357238 0.489844
0.378252 0.485122
0.399266 0.491373
0.420280 0.485032
0.441294 0.488056
0.462308 0.488386
0.483322 0.484837
0.504336 0.491031
0.525350 0.484133
0.546364 0.488370
0.567378 0.487375
0.588392 0.484664
0.609406 0.490592
0.630420 0.483478
0.651434 0.488272
0.672448 0.485946
0.693462 0.484300
0.714476 0.489715
0.735490 0.482872
0.756504 0.488416
0.777518 0.485009
0.798532 0.484916
0.819546 0.489241
0.840560 0.482530
0.861574 0.488328
0.882588 0.484163
0.903602 0.485150
0.924616 0.488401
0.945630 0.482275
0.966644 0.488330
0.987658 0.483180
1.008672 0.485010
1.029686 0.487515
1.050700 0.482277
1.071714 0.488546
1.092728 0.482706
1.113742 0.485987
1.134756 0.487183
1.155770 0.482689
1.176784 0.488965
1.197798 0.482448
1.218812 0.486735
1.239826 0.486627
1.260840 0.483293
1.281854 0.489405
1.302868 0.482661
1.323882 0.487970
1.344896 0.486444
1.365910 0.484047
1.386924 0.489336
1.407938 0.482313
1.428952 0.488109
1.449966 0.485686
1.470980 0.484500
1.491994 0.489415
1.513008 0.482682
1.534022 0.488998
1.555036 0.485552
1.576050 0.485250
1.597064 0.489115
1.618078 0.482734
1.639092 0.489480
1.660106 0.485455
1.681120 0.486571
1.702134 0.489828
1.723148 0.483999
1.744162 0.490533
1.765176 0.485473
1.786190 0.487469
1.807204 0.489468
1.828218 0.483846
1.849232 0.490668
1.870246 0.485053
1.891260 0.488302
1.912274 0.489101
1.933288 0.484607
1.954302 0.490827
1.975316 0.484662
1.996330 0.489006
2.017344 0.488468
2.038358 0.485040
2.059372 0.491409
2.080386 0.485022
2.101400 0.490377
2.122414 0.488896
2.143428 0.485992
2.164442 0.491660
2.185456 0.485297
2.206470 0.491011
2.227484 0.488755
2.248498 0.486776
2.269512 0.491767
2.290526 0.485431
2.311540 0.491434
2.332554 0.487959
2.353568 0.487046
2.374582 0.491616
2.395596 0.485686
2.416610 0.492465
2.437624 0.488200
2.458638 0.488021
2.479652 0.491471
2.500666 0.485814
2.521680 0.492475
2.542694 0.487732
2.563708 0.489185
2.584722 0.491813
2.605736 0.486476
2.626750 0.493514
2.647764 0.488172
2.668778 0.489899
2.689792 0.491238
2.710806 0.486617
2.731820 0.493681
2.752834 0.487620
2.773848 0.490668
2.794862 0.491187
2.815876 0.487183
2.836890 0.494354
2.857904 0.487986
2.878918 0.491949
2.899932 0.491106
2.920946 0.488015
2.941960 0.494863
2.962974 0.488291
2.983988 0.493132
3.005002 0.491436
3.026016 0.489246
3.047030 0.495485
3.068044 0.489001
3.089058 0.494678
3.110072 0.492225
3.131086 0.490621
3.152100 0.496000
3.173114 0.489411
3.194128 0.495401
3.215142 0.492060
3.236156 0.491315
3.257170 0.496370
3.278184 0.489731
3.299198 0.495847
3.320212 0.491543
3.341226 0.491482
3.362240 0.495626
3.383254 0.489585
3.404268 0.495890
3.425282 0.490692
3.446296 0.491442
3.467310 0.495031
3.488324 0.489534
3.509338 0.496219
3.530352 0.491166
3.551366 0.492560
3.572380 0.495422
3.593394 0.489947
3.614408 0.496601
3.635422 0.491142
3.656436 0.492900
3.677450 0.495123
3.698464 0.490184
3.719478 0.496587
3.740492 0.490076
3.761506 0.492727
3.782520 0.494256
3.803534 0.489809
3.824548 0.495942
3.845562 0.489431
3.866576 0.493018
3.887590 0.493925
3.908604 0.489892
3.929618 0.496002
3.950632 0.489001
3.971646 0.493035
3.992660 0.492985
4.013674 0.489501
4.034688 0.495456
4.055702 0.488319
4.076716 0.493185
4.097730 0.492431
4.118744 0.489492
4.139758 0.495202
4.160772 0.487777
4.181786 0.492978
4.202800 0.491718
4.223814 0.489713
4.244828 0.495129
4.265842 0.488499
4.286856 0.494162
4.307870 0.491861
4.328884 0.490439
4.349898 0.495709
4.370912 0.488812
4.391926 0.494148
4.412940 0.491207
4.433954 0.490266
4.454968 0.494966
4.475982 0.488157
4.496996 0.493906
4.518010 0.490607
4.539023 0.490354
4.560037 0.494410
4.581051 0.488015
4.602065 0.494302
4.623079 0.490622
4.644093 0.490958
4.665107 0.494316
4.686121 0.488190
4.707135 0.494441
4.728149 0.490388
4.749163 0.491782
4.770177 0.494696
4.791191 0.488885
4.812205 0.495163
4.833219 0.490462
4.854233 0.491910
4.875247 0.494077
4.896261 0.488624
4.917275 0.494899
4.938289 0.489756
4.959303 0.492182
4.980317 0.493708
5.001331 0.488870
5.022345 0.495137
5.043359 0.489661
5.064373 0.492998
5.085387 0.493607
5.106401 0.489591
5.127415 0.495730
5.148429 0.489830
5.169443 0.493874
5.190457 0.493365
5.211471 0.489686
5.232485 0.495742
5.253499 0.489646
5.274513 0.494600
5.295527 0.493375
5.316541 0.490494
5.337555 0.496043
5.358569 0.489791
5.379583 0.495169
5.400597 0.493132
5.421611 0.491120
5.442625 0.495907
5.463639 0.489625
5.484653 0.495333
5.505667 0.492335
5.526681 0.491048
5.547695 0.495311
5.568709 0.489010
5.589723 0.495224
5.610737 0.491561
5.631751 0.491037
5.652765 0.494415
5.673779 0.488607
5.694793 0.495218
5.715807 0.490860
5.736821 0.491314
5.757835 0.494153
5.778849 0.488983
5.799863 0.495582
5.820877 0.490347
5.841891 0.491683
5.862905 0.493436
5.883919 0.488858
5.904933 0.495313
5.925947 0.489697
5.946961 0.492473
5.967975 0.493183
5.988989 0.489118
6.010003 0.495620
6.031017 0.489472
6.052031 0.493162
6.073045 0.492208
6.094059 0.489011
6.115073 0.495199
6.136087 0.488627
6.157101 0.493434
6.178115 0.491289
6.199129 0.489178
6.220143 0.494549
6.241157 0.487966
6.262171 0.493395
6.283185 0.490014
