serial number: JANUSZ_4_RI80_21414845
torque: 16.0
start_temp: 31 (32)
finish_temp: 31 (33)
note: j4_pcb_3_4
0.000000 nan
0.021014 0.361288
0.042028 0.358358
0.063042 0.361691
0.084056 0.359662
0.105070 0.358809
0.126084 0.361799
0.147098 0.358870
0.168112 0.362376
0.189126 0.360671
0.210140 0.359368
0.231154 0.362287
0.252168 0.358644
0.273182 0.363275
0.294196 0.360317
0.315210 0.360422
0.336224 0.362239
0.357238 0.358983
0.378252 0.363700
0.399266 0.360551
0.420280 0.361853
0.441294 0.363478
0.462308 0.360144
0.483322 0.364024
0.504336 0.360218
0.525350 0.361718
0.546364 0.362571
0.567378 0.358788
0.588392 0.362121
0.609406 0.358859
0.630420 0.360179
0.651434 0.360761
0.672448 0.358937
0.693462 0.363221
0.714476 0.359806
0.735490 0.361076
0.756504 0.361436
0.777518 0.359799
0.798532 0.364098
0.819546 0.360726
0.840560 0.362129
0.861574 0.362472
0.882588 0.359959
0.903602 0.364098
0.924616 0.360154
0.945630 0.362983
0.966644 0.361928
0.987658 0.360295
1.008672 0.363022
1.029686 0.359590
1.050700 0.363005
1.071714 0.362144
1.092728 0.360886
1.113742 0.363382
1.134756 0.360075
1.155770 0.363627
1.176784 0.362659
1.197798 0.361797
1.218812 0.364866
1.239826 0.361796
1.260840 0.364542
1.281854 0.362525
1.302868 0.361720
1.323882 0.364926
1.344896 0.361627
1.365910 0.365192
1.386924 0.363503
1.407938 0.362629
1.428952 0.365765
1.449966 0.362224
1.470980 0.366588
1.491994 0.364422
1.513008 0.363784
1.534022 0.365904
1.555036 0.361760
1.576050 0.366829
1.597064 0.364034
1.618078 0.364258
1.639092 0.366042
1.660106 0.361994
1.681120 0.366400
1.702134 0.363623
1.723148 0.364786
1.744162 0.366451
1.765176 0.362385
1.786190 0.366181
1.807204 0.362684
1.828218 0.364547
1.849232 0.365968
1.870246 0.362625
1.891260 0.367016
1.912274 0.363768
1.933288 0.365808
1.954302 0.366580
1.975316 0.362785
1.996330 0.367751
2.017344 0.364014
2.038358 0.366357
2.059372 0.366047
2.080386 0.363341
2.101400 0.367417
2.122414 0.364188
2.143428 0.367073
2.164442 0.365845
2.185456 0.362836
2.206470 0.366549
2.227484 0.362687
2.248498 0.366348
2.269512 0.364918
2.290526 0.362648
2.311540 0.365949
2.332554 0.362256
2.353568 0.366721
2.374582 0.365079
2.395596 0.363574
2.416610 0.366287
2.437624 0.362581
2.458638 0.366980
2.479652 0.364874
2.500666 0.363799
2.521680 0.366662
2.542694 0.363016
2.563708 0.367759
2.584722 0.365162
2.605736 0.364810
2.626750 0.366862
2.647764 0.363381
2.668778 0.368574
2.689792 0.365038
2.710806 0.365947
2.731820 0.367192
2.752834 0.364043
2.773848 0.369188
2.794862 0.365236
2.815876 0.366964
2.836890 0.366524
2.857904 0.363817
2.878918 0.368520
2.899932 0.364086
2.920946 0.364752
2.941960 0.364368
2.962974 0.362575
2.983988 0.366023
3.005002 0.362955
3.026016 0.366020
3.047030 0.364384
3.068044 0.362607
3.089058 0.365792
3.110072 0.361895
3.131086 0.365498
3.152100 0.363629
3.173114 0.362502
3.194128 0.365351
3.215142 0.361651
3.236156 0.366155
3.257170 0.363212
3.278184 0.362788
3.299198 0.365717
3.320212 0.362117
3.341226 0.367130
3.362240 0.363004
3.383254 0.364255
3.404268 0.365757
3.425282 0.362526
3.446296 0.367219
3.467310 0.362586
3.488324 0.364287
3.509338 0.364928
3.530352 0.362359
3.551366 0.366925
3.572380 0.362444
3.593394 0.363940
3.614408 0.364299
3.635422 0.361941
3.656436 0.366144
3.677450 0.361690
3.698464 0.364932
3.719478 0.363895
3.740492 0.362295
3.761506 0.366074
3.782520 0.361809
3.803534 0.365508
3.824548 0.363428
3.845562 0.361870
3.866576 0.364948
3.887590 0.360391
3.908604 0.364408
3.929618 0.362333
3.950632 0.362543
3.971646 0.364329
3.992660 0.360402
4.013674 0.364588
4.034688 0.360646
4.055702 0.361742
4.076716 0.363431
4.097730 0.360329
4.118744 0.364453
4.139758 0.361059
4.160772 0.362441
4.181786 0.363188
4.202800 0.360577
4.223814 0.364349
4.244828 0.360471
4.265842 0.362643
4.286856 0.362412
4.307870 0.360017
4.328884 0.363847
4.349898 0.359491
4.370912 0.362227
4.391926 0.361660
4.412940 0.360139
4.433954 0.363600
4.454968 0.359586
4.475982 0.363379
4.496996 0.361813
4.518010 0.360707
4.539023 0.362783
4.560037 0.358867
4.581051 0.362587
4.602065 0.360569
4.623079 0.359819
4.644093 0.361614
4.665107 0.358080
4.686121 0.361759
4.707135 0.359462
4.728149 0.359663
4.749163 0.361446
4.770177 0.358074
4.791191 0.362151
4.812205 0.359066
4.833219 0.360442
4.854233 0.361655
4.875247 0.358645
4.896261 0.362703
4.917275 0.359031
4.938289 0.360785
4.959303 0.361003
4.980317 0.358212
5.001331 0.362124
5.022345 0.358372
5.043359 0.360813
5.064373 0.360046
5.085387 0.357267
5.106401 0.360413
5.127415 0.357085
5.148429 0.360226
5.169443 0.359074
5.190457 0.357296
5.211471 0.359727
5.232485 0.357034
5.253499 0.360613
5.274513 0.359880
5.295527 0.357984
5.316541 0.360467
5.337555 0.357257
5.358569 0.360854
5.379583 0.359017
5.400597 0.357626
5.421611 0.359767
5.442625 0.356419
5.463639 0.360832
5.484653 0.358637
5.505667 0.358499
5.526681 0.360351
5.547695 0.357199
5.568709 0.360947
5.589723 0.357881
5.610737 0.358762
5.631751 0.360163
5.652765 0.357167
5.673779 0.361328
5.694793 0.358271
5.715807 0.359522
5.736821 0.360244
5.757835 0.357722
5.778849 0.361737
5.799863 0.358789
5.820877 0.359975
5.841891 0.359534
5.862905 0.357191
5.883919 0.361403
5.904933 0.358536
5.925947 0.360575
5.946961 0.360542
5.967975 0.357960
5.988989 0.362160
6.010003 0.358807
6.031017 0.361286
6.052031 0.360192
6.073045 0.358195
6.094059 0.361571
6.115073 0.357801
6.136087 0.360692
6.157101 0.359259
6.178115 0.357886
6.199129 0.361419
6.220143 0.358252
6.241157 0.361277
6.262171 0.359420
6.283185 0.358245
