0.994245 18.053694 32.000000
0.946768 17.457531 32.000000
0.895273 16.776013 32.000000
0.849638 16.410311 32.000000
0.796512 16.010805 32.000000
0.744929 15.186288 31.000000
0.698415 15.021657 31.000000
0.645905 14.226564 32.000000
0.599772 13.935483 32.000000
0.547396 13.085663 32.000000
0.495716 12.844532 32.000000
0.449135 12.071966 32.000000
0.396453 11.464526 31.000000
0.350286 11.096593 31.000000
0.298626 10.183767 32.000000
0.246502 9.336301 32.000000
0.199649 8.624012 32.000000
0.147974 7.834962 32.000000
0.101222 6.922364 32.000000
0.049384 5.751314 32.000000
0.000000 0.000000 32.000000
-0.049211 -5.633870 32.000000
-0.100760 -6.756890 32.000000
-0.147706 -7.762009 32.000000
-0.200052 -8.578577 32.000000
-0.246324 -9.331470 32.000000
-0.298274 -10.166913 32.000000
-0.350391 -10.900066 32.000000
-0.396960 -11.478094 32.000000
-0.448638 -12.266783 32.000000
-0.495697 -12.891546 32.000000
-0.547570 -13.333540 32.000000
-0.599638 -14.095601 32.000000
-0.646558 -14.400560 32.000000
-0.698445 -15.101402 32.000000
-0.744703 -15.364471 32.000000
-0.797429 -15.931975 32.000000
-0.848637 -16.541953 32.000000
-0.895425 -16.753212 32.000000
-0.947864 -17.183136 32.000000
-0.994494 -17.741959 32.000000
