serial number: JANUSZ_3_RI70_21414876
torque: 10
start_temp: 30 (32)
finish_temp: 30 (31)
note: zdjęty z robota, ponowny montaż, joint 4, montaż TK
0.000000 0.348821 30.000000 0.000000
0.020010 0.347958 30.000000 0.000000
0.040020 0.346447 30.000000 0.000000
0.060030 0.348320 30.000000 0.000000
0.080041 0.349550 30.000000 0.000000
0.100051 0.349887 30.000000 0.000000
0.120061 0.348335 30.000000 0.000000
0.140071 0.344938 30.000000 0.000000
0.160081 0.349032 30.000000 0.000000
0.180091 0.354088 30.000000 0.000000
0.200101 0.353317 30.000000 0.000000
0.220112 0.352177 30.000000 0.000000
0.240122 0.347882 30.000000 0.000000
0.260132 0.351265 30.000000 0.000000
0.280142 0.353032 30.000000 0.000000
0.300152 0.351919 30.000000 0.000000
0.320162 0.351543 30.000000 0.000000
0.340172 0.348879 30.000000 0.000000
0.360183 0.351202 30.000000 0.000000
0.380193 0.350613 30.000000 0.000000
0.400203 0.349180 30.000000 0.000000
0.420213 0.351041 30.000000 0.000000
0.440223 0.351776 30.000000 0.000000
0.460233 0.351676 30.000000 0.000000
0.480243 0.348072 30.000000 0.000000
0.500254 0.346782 30.000000 0.000000
0.520264 0.349346 30.000000 0.000000
0.540274 0.350464 30.000000 0.000000
0.560284 0.348680 30.000000 0.000000
0.580294 0.345283 30.000000 0.000000
0.600304 0.347077 30.000000 0.000000
0.620314 0.350082 30.000000 0.000000
0.640325 0.350779 30.000000 0.000000
0.660335 0.347708 30.000000 0.000000
0.680345 0.349909 30.000000 0.000000
0.700355 0.352396 30.000000 0.000000
0.720365 0.351120 30.000000 0.000000
0.740375 0.348834 30.000000 0.000000
0.760385 0.346982 30.000000 0.000000
0.780396 0.351376 30.000000 0.000000
0.800406 0.351772 30.000000 0.000000
0.820416 0.347851 30.000000 0.000000
0.840426 0.347401 30.000000 0.000000
0.860436 0.348748 30.000000 0.000000
0.880446 0.352426 30.000000 0.000000
0.900456 0.350757 30.000000 0.000000
0.920467 0.346669 30.000000 0.000000
0.940477 0.346963 30.000000 0.000000
0.960487 0.350318 30.000000 0.000000
0.980497 0.351220 30.000000 0.000000
1.000507 0.346288 30.000000 0.000000
1.020517 0.344694 30.000000 0.000000
1.040528 0.345886 30.000000 0.000000
1.060538 0.350528 30.000000 0.000000
1.080548 0.346591 30.000000 0.000000
1.100558 0.345009 30.000000 0.000000
1.120568 0.349194 30.000000 0.000000
1.140578 0.352516 30.000000 0.000000
1.160588 0.351193 30.000000 0.000000
1.180599 0.346881 30.000000 0.000000
1.200609 0.348322 30.000000 0.000000
1.220619 0.354476 30.000000 0.000000
1.240629 0.352228 30.000000 0.000000
1.260639 0.348255 30.000000 0.000000
1.280649 0.343711 30.000000 0.000000
1.300659 0.346699 30.000000 0.000000
1.320670 0.352367 30.000000 0.000000
1.340680 0.349101 30.000000 0.000000
1.360690 0.345137 30.000000 0.000000
1.380700 0.345105 30.000000 0.000000
1.400710 0.347312 30.000000 0.000000
1.420720 0.346778 30.000000 0.000000
1.440730 0.343689 30.000000 0.000000
1.460741 0.343631 30.000000 0.000000
1.480751 0.349897 30.000000 0.000000
1.500761 0.346565 30.000000 0.000000
1.520771 0.341404 30.000000 0.000000
1.540781 0.339696 30.000000 0.000000
1.560791 0.343815 30.000000 0.000000
1.580801 0.353132 30.000000 0.000000
1.600812 0.348357 30.000000 0.000000
1.620822 0.346313 30.000000 0.000000
1.640832 0.347191 30.000000 0.000000
1.660842 0.348873 30.000000 0.000000
1.680852 0.353743 30.000000 0.000000
1.700862 0.347985 30.000000 0.000000
1.720872 0.347790 30.000000 0.000000
1.740883 0.351375 30.000000 0.000000
1.760893 0.348503 30.000000 0.000000
1.780903 0.346685 30.000000 0.000000
1.800913 0.346200 30.000000 0.000000
1.820923 0.347114 30.000000 0.000000
1.840933 0.350994 30.000000 0.000000
1.860943 0.345545 30.000000 0.000000
1.880954 0.343489 30.000000 0.000000
1.900964 0.345539 30.000000 0.000000
1.920974 0.345443 30.000000 0.000000
1.940984 0.349052 30.000000 0.000000
1.960994 0.343357 30.000000 0.000000
1.981004 0.341181 30.000000 0.000000
2.001014 0.346277 30.000000 0.000000
2.021025 0.343914 30.000000 0.000000
2.041035 0.345778 30.000000 0.000000
2.061045 0.345962 30.000000 0.000000
2.081055 0.346379 30.000000 0.000000
2.101065 0.351640 30.000000 0.000000
2.121075 0.343180 30.000000 0.000000
2.141085 0.344309 30.000000 0.000000
2.161096 0.345599 30.000000 0.000000
2.181106 0.344655 30.000000 0.000000
2.201116 0.346856 30.000000 0.000000
2.221126 0.339038 30.000000 0.000000
2.241136 0.340692 30.000000 0.000000
2.261146 0.345199 30.000000 0.000000
2.281156 0.344236 30.000000 0.000000
2.301167 0.343819 30.000000 0.000000
2.321177 0.338732 30.000000 0.000000
2.341187 0.340633 30.000000 0.000000
2.361197 0.346093 30.000000 0.000000
2.381207 0.339804 30.000000 0.000000
2.401217 0.340526 30.000000 0.000000
2.421227 0.339971 30.000000 0.000000
2.441238 0.337165 30.000000 0.000000
2.461248 0.338555 30.000000 0.000000
2.481258 0.332166 30.000000 0.000000
2.501268 0.334425 30.000000 0.000000
2.521278 0.338920 30.000000 0.000000
2.541288 0.335657 30.000000 0.000000
2.561298 0.337972 30.000000 0.000000
2.581309 0.332730 30.000000 0.000000
2.601319 0.333737 30.000000 0.000000
2.621329 0.339139 30.000000 0.000000
2.641339 0.333285 30.000000 0.000000
2.661349 0.335440 30.000000 0.000000
2.681359 0.330802 30.000000 0.000000
2.701369 0.330579 30.000000 0.000000
2.721380 0.334577 30.000000 0.000000
2.741390 0.328736 30.000000 0.000000
2.761400 0.332571 30.000000 0.000000
2.781410 0.331358 30.000000 0.000000
2.801420 0.329927 30.000000 0.000000
2.821430 0.332360 30.000000 0.000000
2.841440 0.326104 30.000000 0.000000
2.861451 0.328679 30.000000 0.000000
2.881461 0.332468 30.000000 0.000000
2.901471 0.326233 30.000000 0.000000
2.921481 0.328159 30.000000 0.000000
2.941491 0.322461 30.000000 0.000000
2.961501 0.323332 30.000000 0.000000
2.981511 0.329737 30.000000 0.000000
3.001522 0.323207 30.000000 0.000000
3.021532 0.325152 30.000000 0.000000
3.041542 0.322814 30.000000 0.000000
3.061552 0.321553 30.000000 0.000000
3.081562 0.327534 30.000000 0.000000
3.101572 0.321163 30.000000 0.000000
3.121583 0.325470 30.000000 0.000000
3.141593 0.326806 30.000000 0.000000
3.161603 0.321038 30.000000 0.000000
3.181613 0.324958 30.000000 0.000000
3.201623 0.318822 30.000000 0.000000
3.221633 0.323735 30.000000 0.000000
3.241643 0.329196 30.000000 0.000000
3.261654 0.321517 30.000000 0.000000
3.281664 0.325716 30.000000 0.000000
3.301674 0.322383 30.000000 0.000000
3.321684 0.323245 30.000000 0.000000
3.341694 0.328472 30.000000 0.000000
3.361704 0.320733 30.000000 0.000000
3.381714 0.323173 30.000000 0.000000
3.401725 0.326755 30.000000 0.000000
3.421735 0.322101 30.000000 0.000000
3.441745 0.325916 30.000000 0.000000
3.461755 0.319981 30.000000 0.000000
3.481765 0.323339 30.000000 0.000000
3.501775 0.331275 30.000000 0.000000
3.521785 0.323682 30.000000 0.000000
3.541796 0.328563 30.000000 0.000000
3.561806 0.326171 30.000000 0.000000
3.581816 0.328757 30.000000 0.000000
3.601826 0.334494 30.000000 0.000000
3.621836 0.324627 30.000000 0.000000
3.641846 0.328472 30.000000 0.000000
3.661856 0.331193 30.000000 0.000000
3.681867 0.328408 30.000000 0.000000
3.701877 0.331163 30.000000 0.000000
3.721887 0.320048 30.000000 0.000000
3.741897 0.325481 30.000000 0.000000
3.761907 0.332652 30.000000 0.000000
3.781917 0.327156 30.000000 0.000000
3.801927 0.331593 30.000000 0.000000
3.821938 0.328480 30.000000 0.000000
3.841948 0.329982 30.000000 0.000000
3.861958 0.334860 30.000000 0.000000
3.881968 0.325439 30.000000 0.000000
3.901978 0.330052 30.000000 0.000000
3.921988 0.334132 30.000000 0.000000
3.941998 0.330508 30.000000 0.000000
3.962009 0.332936 30.000000 0.000000
3.982019 0.325199 30.000000 0.000000
4.002029 0.330712 30.000000 0.000000
4.022039 0.338202 30.000000 0.000000
4.042049 0.332028 30.000000 0.000000
4.062059 0.336269 30.000000 0.000000
4.082069 0.331760 30.000000 0.000000
4.102080 0.336729 30.000000 0.000000
4.122090 0.341532 30.000000 0.000000
4.142100 0.330611 30.000000 0.000000
4.162110 0.337274 30.000000 0.000000
4.182120 0.338291 30.000000 0.000000
4.202130 0.336069 30.000000 0.000000
4.222140 0.340023 30.000000 0.000000
4.242151 0.333405 30.000000 0.000000
4.262161 0.340612 30.000000 0.000000
4.282171 0.344522 30.000000 0.000000
4.302181 0.336955 30.000000 0.000000
4.322191 0.337484 30.000000 0.000000
4.342201 0.334268 30.000000 0.000000
4.362211 0.338530 30.000000 0.000000
4.382222 0.342049 30.000000 0.000000
4.402232 0.332870 30.000000 0.000000
4.422242 0.337636 30.000000 0.000000
4.442252 0.338122 30.000000 0.000000
4.462262 0.338052 30.000000 0.000000
4.482272 0.340226 30.000000 0.000000
4.502282 0.332042 30.000000 0.000000
4.522293 0.340224 30.000000 0.000000
4.542303 0.343731 30.000000 0.000000
4.562313 0.337652 30.000000 0.000000
4.582323 0.341378 30.000000 0.000000
4.602333 0.335348 30.000000 0.000000
4.622343 0.342093 30.000000 0.000000
4.642353 0.343025 30.000000 0.000000
4.662364 0.333239 30.000000 0.000000
4.682374 0.338202 30.000000 0.000000
4.702384 0.336805 30.000000 0.000000
4.722394 0.340020 30.000000 0.000000
4.742404 0.339370 30.000000 0.000000
4.762414 0.330212 30.000000 0.000000
4.782424 0.338539 30.000000 0.000000
4.802435 0.341579 30.000000 0.000000
4.822445 0.337939 30.000000 0.000000
4.842455 0.338587 30.000000 0.000000
4.862465 0.332773 30.000000 0.000000
4.882475 0.339683 30.000000 0.000000
4.902485 0.340183 30.000000 0.000000
4.922495 0.330917 30.000000 0.000000
4.942506 0.337072 30.000000 0.000000
4.962516 0.335894 30.000000 0.000000
4.982526 0.337817 30.000000 0.000000
5.002536 0.337110 30.000000 0.000000
5.022546 0.327519 30.000000 0.000000
5.042556 0.337765 30.000000 0.000000
5.062567 0.339332 30.000000 0.000000
5.082577 0.334897 30.000000 0.000000
5.102587 0.338306 30.000000 0.000000
5.122597 0.329529 30.000000 0.000000
5.142607 0.337033 30.000000 0.000000
5.162617 0.337438 30.000000 0.000000
5.182627 0.332137 30.000000 0.000000
5.202638 0.337503 30.000000 0.000000
5.222648 0.332127 30.000000 0.000000
5.242658 0.335420 30.000000 0.000000
5.262668 0.334277 30.000000 0.000000
5.282678 0.327627 30.000000 0.000000
5.302688 0.334751 30.000000 0.000000
5.322698 0.335040 30.000000 0.000000
5.342709 0.333831 30.000000 0.000000
5.362719 0.336186 30.000000 0.000000
5.382729 0.329212 30.000000 0.000000
5.402739 0.338541 30.000000 0.000000
5.422749 0.340234 30.000000 0.000000
5.442759 0.333155 30.000000 0.000000
5.462769 0.336906 30.000000 0.000000
5.482780 0.333018 30.000000 0.000000
5.502790 0.338877 30.000000 0.000000
5.522800 0.342038 30.000000 0.000000
5.542810 0.333468 30.000000 0.000000
5.562820 0.341366 30.000000 0.000000
5.582830 0.340945 30.000000 0.000000
5.602840 0.338777 30.000000 0.000000
5.622851 0.339706 30.000000 0.000000
5.642861 0.333950 30.000000 0.000000
5.662871 0.341762 30.000000 0.000000
5.682881 0.340931 30.000000 0.000000
5.702891 0.335550 30.000000 0.000000
5.722901 0.340926 30.000000 0.000000
5.742911 0.338565 30.000000 0.000000
5.762922 0.344009 30.000000 0.000000
5.782932 0.343087 30.000000 0.000000
5.802942 0.337744 30.000000 0.000000
5.822952 0.342265 30.000000 0.000000
5.842962 0.342230 30.000000 0.000000
5.862972 0.343375 30.000000 0.000000
5.882982 0.345208 30.000000 0.000000
5.902993 0.339050 30.000000 0.000000
5.923003 0.344000 30.000000 0.000000
5.943013 0.346287 30.000000 0.000000
5.963023 0.344519 30.000000 0.000000
5.983033 0.349514 30.000000 0.000000
6.003043 0.345842 30.000000 0.000000
6.023053 0.351168 30.000000 0.000000
6.043064 0.350768 30.000000 0.000000
6.063074 0.345122 30.000000 0.000000
6.083084 0.349559 30.000000 0.000000
6.103094 0.349296 30.000000 0.000000
6.123104 0.352752 30.000000 0.000000
6.143114 0.350501 30.000000 0.000000
6.163124 0.343469 30.000000 0.000000
6.183135 0.347550 30.000000 0.000000
6.203145 0.349742 30.000000 0.000000
6.223155 0.348370 30.000000 0.000000
6.243165 0.347143 30.000000 0.000000
6.263175 0.343625 30.000000 0.000000
