serial number: JANUSZ_3_RI70_21414876
torque: 8
start_temp: 24 (24)
finish_temp: 23 (24)
note: PCB 3_4 duze opory
0.000000 0.079860 23.992394 0.000000
0.020010 0.068624 23.983191 0.000000
0.040020 0.080562 23.978154 0.000000
0.060030 0.080535 23.983295 0.000000
0.080041 0.073988 23.968793 0.000000
0.100051 0.078334 23.994676 0.000000
0.120061 0.071619 23.985116 0.000000
0.140071 0.078857 23.991935 0.000000
0.160081 0.075887 23.982699 0.000000
0.180091 0.066653 23.980695 0.000000
0.200101 0.075575 23.972068 0.000000
0.220112 0.074485 23.969195 0.000000
0.240122 0.076169 23.967833 0.000000
0.260132 0.073845 23.955163 0.000000
0.280142 0.064880 23.971618 0.000000
0.300152 0.074981 23.975197 0.000000
0.320162 0.076311 23.968582 0.000000
0.340172 0.068677 23.970119 0.000000
0.360183 0.069471 23.960973 0.000000
0.380193 0.066512 23.958841 0.000000
0.400203 0.074546 23.975909 0.000000
0.420213 0.069953 23.984309 0.000000
0.440223 0.064321 23.967138 0.000000
0.460233 0.066480 23.978817 0.000000
0.480243 0.071286 23.989265 0.000000
0.500254 0.069379 23.962105 0.000000
0.520264 0.067719 23.982477 0.000000
0.540274 0.062715 23.985571 0.000000
0.560284 0.070046 23.969020 0.000000
0.580294 0.072974 23.968889 0.000000
0.600304 0.065033 23.963704 0.000000
0.620314 0.066375 23.968116 0.000000
0.640325 0.064647 23.981625 0.000000
0.660335 0.071244 23.956703 0.000000
0.680345 0.066356 23.977615 0.000000
0.700355 0.061911 23.983513 0.000000
0.720365 0.062530 23.981667 0.000000
0.740375 0.069384 23.987726 0.000000
0.760385 0.065676 23.968641 0.000000
0.780396 0.064880 23.988406 0.000000
0.800406 0.062563 23.989458 0.000000
0.820416 0.067295 23.974430 0.000000
0.840426 0.064436 23.977035 0.000000
0.860436 0.064609 23.990037 0.000000
0.880446 0.064423 23.968778 0.000000
0.900456 0.065485 23.909603 0.000000
0.920467 0.069861 23.931608 0.000000
0.940477 0.061725 23.958395 0.000000
0.960487 0.064212 23.956241 0.000000
0.980497 0.062744 23.962623 0.000000
1.000507 0.070006 23.973187 0.000000
1.020517 0.066154 23.917739 0.000000
1.040528 0.065973 23.931445 0.000000
1.060538 0.061288 23.931039 0.000000
1.080548 0.066162 23.950937 0.000000
1.100558 0.065172 23.959351 0.000000
1.120568 0.067605 23.917854 0.000000
1.140578 0.063324 23.939016 0.000000
1.160588 0.065601 23.949927 0.000000
1.180599 0.068122 23.966939 0.000000
1.200609 0.061673 23.959200 0.000000
1.220619 0.065619 23.949466 0.000000
1.240629 0.064063 23.955209 0.000000
1.260639 0.067911 23.931825 0.000000
1.280649 0.069055 23.928205 0.000000
1.300659 0.066374 23.938235 0.000000
1.320670 0.066405 23.941762 0.000000
1.340680 0.068441 23.884984 0.000000
1.360690 0.065502 23.874587 0.000000
1.380700 0.072111 23.862787 0.000000
1.400710 0.064393 23.848691 0.000000
1.420720 0.067588 23.839549 0.000000
1.440730 0.068963 23.873197 0.000000
1.460741 0.067794 23.918599 0.000000
1.480751 0.070464 23.915000 0.000000
1.500761 0.067983 23.927294 0.000000
1.520771 0.067072 23.896085 0.000000
1.540781 0.072945 23.918450 0.000000
1.560791 0.067145 23.883234 0.000000
1.580801 0.067881 23.877953 0.000000
1.600812 0.069377 23.891661 0.000000
1.620822 0.064724 23.867148 0.000000
1.640832 0.076275 23.910823 0.000000
1.660842 0.068982 23.891681 0.000000
1.680852 0.068443 23.847935 0.000000
1.700862 0.074020 24.000000 0.000000
1.720872 0.072790 24.000000 0.000000
1.740883 0.076471 24.000000 0.000000
1.760893 0.070759 24.000000 0.000000
1.780903 0.067690 24.000000 0.000000
1.800913 0.080667 24.000000 0.000000
1.820923 0.071361 24.000000 0.000000
1.840933 0.073580 24.000000 0.000000
1.860943 0.074269 24.000000 0.000000
1.880954 0.071461 24.000000 0.000000
1.900964 0.079358 24.000000 0.000000
1.920974 0.071608 24.000000 0.000000
1.940984 0.072634 24.000000 0.000000
1.960994 0.080819 24.000000 0.000000
1.981004 0.075382 24.000000 0.000000
2.001014 0.078404 24.000000 0.000000
2.021025 0.073748 24.000000 0.000000
2.041035 0.073364 24.000000 0.000000
2.061045 0.089778 24.000000 0.000000
2.081055 0.080514 24.000000 0.000000
2.101065 0.077569 24.000000 0.000000
2.121075 0.078586 24.000000 0.000000
2.141085 0.079003 24.000000 0.000000
2.161096 0.087426 24.000000 0.000000
2.181106 0.081723 24.000000 0.000000
2.201116 0.077495 24.000000 0.000000
2.221126 0.088589 23.982456 0.000000
2.241136 0.081947 24.000000 0.000000
2.261146 0.087406 24.000000 0.000000
2.281156 0.083512 24.000000 0.000000
2.301167 0.079830 24.000000 0.000000
2.321177 0.094675 24.000000 0.000000
2.341187 0.082812 24.000000 0.000000
2.361197 0.079916 24.000000 0.000000
2.381207 0.086960 23.984252 0.000000
2.401217 0.084614 24.000000 0.000000
2.421227 0.097098 24.000000 0.000000
2.441238 0.087322 24.000000 0.000000
2.461248 0.081694 24.000000 0.000000
2.481258 0.099412 24.000000 0.000000
2.501268 0.088616 24.000000 0.000000
2.521278 0.096349 24.000000 0.000000
2.541288 0.090891 24.000000 0.000000
2.561298 0.082628 24.000000 0.000000
2.581309 0.105749 24.000000 0.000000
2.601319 0.095152 23.991667 0.000000
2.621329 0.089607 24.000000 0.000000
2.641339 0.095814 24.000000 0.000000
2.661349 0.094583 23.983462 0.000000
2.681359 0.106311 23.996667 0.000000
2.701369 0.097743 23.986441 0.000000
2.721380 0.087270 23.986275 0.000000
2.741390 0.106810 24.000000 0.000000
2.761400 0.096687 24.000000 0.000000
2.781410 0.101927 24.000000 0.000000
2.801420 0.103882 24.000000 0.000000
2.821430 0.095885 24.000000 0.000000
2.841440 0.114931 24.000000 0.000000
2.861451 0.103180 24.000000 0.000000
2.881461 0.096705 23.978022 0.000000
2.901471 0.109217 24.000000 0.000000
2.921481 0.104868 24.000000 0.000000
2.941491 0.116062 24.000000 0.000000
2.961501 0.104466 23.972477 0.000000
2.981511 0.092398 23.983830 0.000000
3.001522 0.114479 23.983736 0.000000
3.021532 0.104377 24.000000 0.000000
3.041542 0.107640 24.000000 0.000000
3.061552 0.110117 24.000000 0.000000
3.081562 0.099621 24.000000 0.000000
3.101572 0.122401 24.000000 0.000000
3.121583 0.108848 23.980198 0.000000
3.141593 0.101431 23.988372 0.000000
3.161603 0.115320 24.000000 0.000000
3.181613 0.106919 24.000000 0.000000
3.201623 0.119354 24.000000 0.000000
3.221633 0.111312 23.990099 0.000000
3.241643 0.103207 24.000000 0.000000
3.261654 0.122683 24.000000 0.000000
3.281664 0.111464 24.000000 0.000000
3.301674 0.110469 24.000000 0.000000
3.321684 0.113648 24.000000 0.000000
3.341694 0.104538 24.000000 0.000000
3.361704 0.128236 24.000000 0.000000
3.381714 0.115445 24.000000 0.000000
3.401725 0.107398 23.985366 0.000000
3.421735 0.119323 23.981053 0.000000
3.441745 0.109239 23.986047 0.000000
3.461755 0.124264 23.989610 0.000000
3.481765 0.115422 24.000000 0.000000
3.501775 0.105303 24.000000 0.000000
3.521785 0.123992 24.000000 0.000000
3.541796 0.115098 24.000000 0.000000
3.561806 0.111793 23.994634 0.000000
3.581816 0.122455 23.993913 0.000000
3.601826 0.109809 24.000000 0.000000
3.621836 0.132685 24.000000 0.000000
3.641846 0.119601 24.000000 0.000000
3.661856 0.110545 24.000000 0.000000
3.681867 0.120995 24.000000 0.000000
3.701877 0.114377 24.000000 0.000000
3.721887 0.126800 24.000000 0.000000
3.741897 0.123184 23.980225 0.000000
3.761907 0.114072 23.942703 0.000000
3.781917 0.130943 23.989302 0.000000
3.801927 0.121924 23.999012 0.000000
3.821938 0.121766 23.973684 0.000000
3.841948 0.127799 23.990909 0.000000
3.861958 0.114775 23.944103 0.000000
3.881968 0.137732 23.948108 0.000000
3.901978 0.123126 23.985581 0.000000
3.921988 0.121091 23.989730 0.000000
3.941998 0.130118 24.000000 0.000000
3.962009 0.120180 23.982857 0.000000
3.982019 0.131637 23.991053 0.000000
4.002029 0.127002 23.976941 0.000000
4.022039 0.117116 23.972603 0.000000
4.042049 0.129910 23.999535 0.000000
4.062059 0.122894 24.000000 0.000000
4.082069 0.124964 23.986842 0.000000
4.102080 0.132135 23.964286 0.000000
4.122090 0.112107 23.980000 0.000000
4.142100 0.134239 23.982000 0.000000
4.162110 0.126052 23.987654 0.000000
4.182120 0.125337 24.000000 0.000000
4.202130 0.134101 23.976941 0.000000
4.222140 0.120161 23.986494 0.000000
4.242151 0.132806 23.971053 0.000000
4.262161 0.128537 23.966265 0.000000
4.282171 0.101369 23.993506 0.000000
4.302181 0.133437 24.000000 0.000000
4.322191 0.120846 23.990886 0.000000
4.342201 0.129109 23.982585 0.000000
4.362211 0.131641 23.988095 0.000000
4.382222 0.115817 23.993421 0.000000
4.402232 0.136217 23.981366 0.000000
4.422242 0.126259 24.000000 0.000000
4.442252 0.127892 24.000000 0.000000
4.462262 0.137291 23.994152 0.000000
4.482272 0.119411 23.990850 0.000000
4.502282 0.133353 23.956291 0.000000
4.522293 0.133223 23.956250 0.000000
4.542303 0.119632 24.000000 0.000000
4.562313 0.133442 23.994253 0.000000
4.582323 0.119014 23.990886 0.000000
4.602333 0.133490 23.980833 0.000000
4.622343 0.134462 23.989024 0.000000
4.642353 0.113739 23.964645 0.000000
4.662364 0.132343 23.996905 0.000000
4.682374 0.121523 23.954847 0.000000
4.702384 0.123652 23.967376 0.000000
4.722394 0.131267 23.994091 0.000000
4.742404 0.111613 23.981481 0.000000
4.762414 0.130275 23.981013 0.000000
4.782424 0.128355 23.973735 0.000000
4.802435 0.114805 23.982282 0.000000
4.822445 0.130409 24.000000 0.000000
4.842455 0.114560 23.981481 0.000000
4.862465 0.129329 24.000000 0.000000
4.882475 0.127670 24.000000 0.000000
4.902485 0.105618 23.975000 0.000000
4.922495 0.122871 23.983696 0.000000
4.942506 0.116811 23.994012 0.000000
4.962516 0.117342 23.993333 0.000000
4.982526 0.124782 23.966316 0.000000
5.002536 0.105069 23.978443 0.000000
5.022546 0.124373 23.960958 0.000000
5.042556 0.122118 23.958391 0.000000
5.062567 0.106309 23.975500 0.000000
5.082577 0.119990 23.978182 0.000000
5.102587 0.105043 23.978837 0.000000
5.122597 0.119476 23.976855 0.000000
5.142607 0.119141 23.977354 0.000000
5.162617 0.097182 23.973409 0.000000
5.182627 0.113884 23.991313 0.000000
5.202638 0.109432 24.000000 0.000000
5.222648 0.109691 23.949814 0.000000
5.242658 0.117053 23.941188 0.000000
5.262668 0.094810 23.994409 0.000000
5.282678 0.118341 23.965714 0.000000
5.302688 0.112759 23.976649 0.000000
5.322698 0.100283 23.965116 0.000000
5.342709 0.112494 23.948654 0.000000
5.362719 0.097107 24.000000 0.000000
5.382729 0.114456 23.958061 0.000000
5.402739 0.111234 23.979701 0.000000
5.422749 0.092638 23.992979 0.000000
5.442759 0.106757 23.992000 0.000000
5.462769 0.103444 23.980211 0.000000
5.482780 0.103405 23.987052 0.000000
5.502790 0.109604 23.985849 0.000000
5.522800 0.088619 23.990303 0.000000
5.542810 0.109103 23.985532 0.000000
5.562820 0.106883 23.985455 0.000000
5.582830 0.096048 23.986222 0.000000
5.602840 0.103205 23.986425 0.000000
5.622851 0.092127 23.993069 0.000000
5.642861 0.106639 23.991160 0.000000
5.662871 0.105221 23.985981 0.000000
5.682881 0.085967 24.000000 0.000000
5.702891 0.097719 23.980351 0.000000
5.722901 0.096367 23.979802 0.000000
5.742911 0.096952 23.982888 0.000000
5.762922 0.099364 23.994655 0.000000
5.782932 0.082351 23.995261 0.000000
5.802942 0.098252 23.993208 0.000000
5.822952 0.094600 23.997477 0.000000
5.842962 0.087746 23.978291 0.000000
5.862972 0.092590 23.989237 0.000000
5.882982 0.084019 24.000000 0.000000
5.902993 0.094333 24.000000 0.000000
5.923003 0.094218 23.995294 0.000000
5.943013 0.077807 23.973273 0.000000
5.963023 0.090395 23.979839 0.000000
5.983033 0.087466 23.990137 0.000000
6.003043 0.087958 23.986411 0.000000
6.023053 0.088122 24.000000 0.000000
6.043064 0.075061 23.996085 0.000000
6.063074 0.090610 23.986609 0.000000
6.083084 0.086590 23.983539 0.000000
6.103094 0.079807 23.995434 0.000000
6.123104 0.082027 23.996416 0.000000
6.143114 0.078222 24.000000 0.000000
6.163124 0.087008 23.986547 0.000000
6.183135 0.084897 23.988550 0.000000
6.203145 0.069781 23.990081 0.000000
6.223155 0.080595 23.987240 0.000000
6.243165 0.080022 23.989212 0.000000
6.263175 0.082032 23.985339 0.000000
