serial number: JANUSZ_3_RI70_21414876
torque: 8
start_temp: 30 (31)
finish_temp: 30 (31)
note: zdjęty z robota, soft 19.07 oryg. PIDy , po złożeniu TK
0.000000 0.203246 30.000000 0.000000
0.020010 0.204353 30.000000 0.000000
0.040020 0.197358 30.000000 0.000000
0.060030 0.200359 30.000000 0.000000
0.080041 0.197148 30.000000 0.000000
0.100051 0.201465 30.000000 0.000000
0.120061 0.199539 30.000000 0.000000
0.140071 0.190082 30.000000 0.000000
0.160081 0.197347 30.000000 0.000000
0.180091 0.200594 30.000000 0.000000
0.200101 0.198018 30.000000 0.000000
0.220112 0.196012 30.000000 0.000000
0.240122 0.189276 30.000000 0.000000
0.260132 0.197144 30.000000 0.000000
0.280142 0.199909 30.000000 0.000000
0.300152 0.189758 30.000000 0.000000
0.320162 0.192822 30.000000 0.000000
0.340172 0.191690 30.000000 0.000000
0.360183 0.195385 30.000000 0.000000
0.380193 0.195358 30.000000 0.000000
0.400203 0.185682 30.000000 0.000000
0.420213 0.192150 30.000000 0.000000
0.440223 0.196815 30.000000 0.000000
0.460233 0.191550 30.000000 0.000000
0.480243 0.190505 30.000000 0.000000
0.500254 0.184789 30.000000 0.000000
0.520264 0.191979 30.000000 0.000000
0.540274 0.196407 30.000000 0.000000
0.560284 0.185981 30.000000 0.000000
0.580294 0.187902 30.000000 0.000000
0.600304 0.188468 30.000000 0.000000
0.620314 0.191307 30.000000 0.000000
0.640325 0.190560 30.000000 0.000000
0.660335 0.179255 30.000000 0.000000
0.680345 0.186231 30.000000 0.000000
0.700355 0.191939 30.000000 0.000000
0.720365 0.188681 30.000000 0.000000
0.740375 0.187143 30.000000 0.000000
0.760385 0.179627 30.000000 0.000000
0.780396 0.188180 30.000000 0.000000
0.800406 0.192341 30.000000 0.000000
0.820416 0.181381 30.000000 0.000000
0.840426 0.184038 30.000000 0.000000
0.860436 0.185110 30.000000 0.000000
0.880446 0.187697 30.000000 0.000000
0.900456 0.186270 30.000000 0.000000
0.920467 0.174388 30.000000 0.000000
0.940477 0.181930 30.000000 0.000000
0.960487 0.186996 30.000000 0.000000
0.980497 0.183554 30.000000 0.000000
1.000507 0.184256 30.000000 0.000000
1.020517 0.177211 30.000000 0.000000
1.040528 0.183516 30.000000 0.000000
1.060538 0.190781 30.000000 0.000000
1.080548 0.179492 30.000000 0.000000
1.100558 0.184362 30.000000 0.000000
1.120568 0.183665 30.000000 0.000000
1.140578 0.184997 30.000000 0.000000
1.160588 0.186665 30.000000 0.000000
1.180599 0.177171 30.000000 0.000000
1.200609 0.183865 30.000000 0.000000
1.220619 0.187633 30.000000 0.000000
1.240629 0.181697 30.000000 0.000000
1.260639 0.182522 30.000000 0.000000
1.280649 0.175111 30.000000 0.000000
1.300659 0.183771 30.000000 0.000000
1.320670 0.189100 30.000000 0.000000
1.340680 0.181472 30.000000 0.000000
1.360690 0.185450 30.000000 0.000000
1.380700 0.182955 30.000000 0.000000
1.400710 0.183906 30.000000 0.000000
1.420720 0.187323 30.000000 0.000000
1.440730 0.181220 30.000000 0.000000
1.460741 0.185943 30.000000 0.000000
1.480751 0.187014 30.000000 0.000000
1.500761 0.183709 30.000000 0.000000
1.520771 0.186619 30.000000 0.000000
1.540781 0.179455 30.000000 0.000000
1.560791 0.185224 30.000000 0.000000
1.580801 0.190469 30.000000 0.000000
1.600812 0.184436 30.000000 0.000000
1.620822 0.186611 30.000000 0.000000
1.640832 0.184747 30.000000 0.000000
1.660842 0.187112 30.000000 0.000000
1.680852 0.189974 30.000000 0.000000
1.700862 0.183063 30.000000 0.000000
1.720872 0.186951 30.000000 0.000000
1.740883 0.187319 30.000000 0.000000
1.760893 0.188283 30.000000 0.000000
1.780903 0.191284 30.000000 0.000000
1.800913 0.185482 30.000000 0.000000
1.820923 0.190844 30.000000 0.000000
1.840933 0.194233 30.000000 0.000000
1.860943 0.189916 30.000000 0.000000
1.880954 0.192067 30.000000 0.000000
1.900964 0.190748 30.000000 0.000000
1.920974 0.189934 30.000000 0.000000
1.940984 0.192137 30.000000 0.000000
1.960994 0.188129 30.000000 0.000000
1.981004 0.188941 30.000000 0.000000
2.001014 0.191451 30.000000 0.000000
2.021025 0.190942 30.000000 0.000000
2.041035 0.192996 30.000000 0.000000
2.061045 0.187200 30.000000 0.000000
2.081055 0.187258 30.000000 0.000000
2.101065 0.189763 30.000000 0.000000
2.121075 0.189332 30.000000 0.000000
2.141085 0.191162 30.000000 0.000000
2.161096 0.188102 30.000000 0.000000
2.181106 0.188137 30.000000 0.000000
2.201116 0.194383 30.000000 0.000000
2.221126 0.190262 30.000000 0.000000
2.241136 0.187989 30.000000 0.000000
2.261146 0.188987 30.000000 0.000000
2.281156 0.190827 30.000000 0.000000
2.301167 0.193850 30.000000 0.000000
2.321177 0.187039 30.000000 0.000000
2.341187 0.185180 30.000000 0.000000
2.361197 0.190289 30.000000 0.000000
2.381207 0.192851 30.000000 0.000000
2.401217 0.190851 30.000000 0.000000
2.421227 0.184144 30.000000 0.000000
2.441238 0.184999 30.000000 0.000000
2.461248 0.193200 30.000000 0.000000
2.481258 0.190281 30.000000 0.000000
2.501268 0.185587 30.000000 0.000000
2.521278 0.184771 30.000000 0.000000
2.541288 0.187583 30.000000 0.000000
2.561298 0.193042 30.000000 0.000000
2.581309 0.187618 30.000000 0.000000
2.601319 0.184955 30.000000 0.000000
2.621329 0.188851 30.000000 0.000000
2.641339 0.191216 30.000000 0.000000
2.661349 0.187841 30.000000 0.000000
2.681359 0.184046 30.000000 0.000000
2.701369 0.185002 30.000000 0.000000
2.721380 0.192114 30.000000 0.000000
2.741390 0.189359 30.000000 0.000000
2.761400 0.184476 30.000000 0.000000
2.781410 0.183817 30.000000 0.000000
2.801420 0.188649 30.000000 0.000000
2.821430 0.192268 30.000000 0.000000
2.841440 0.185957 30.000000 0.000000
2.861451 0.183354 30.000000 0.000000
2.881461 0.188642 30.000000 0.000000
2.901471 0.192277 30.000000 0.000000
2.921481 0.188860 30.000000 0.000000
2.941491 0.184426 30.000000 0.000000
2.961501 0.185019 30.000000 0.000000
2.981511 0.191808 30.000000 0.000000
3.001522 0.189890 30.000000 0.000000
3.021532 0.182533 30.000000 0.000000
3.041542 0.184868 30.000000 0.000000
3.061552 0.189640 30.000000 0.000000
3.081562 0.192730 30.000000 0.000000
3.101572 0.187331 30.000000 0.000000
3.121583 0.184660 30.000000 0.000000
3.141593 0.191069 30.000000 0.000000
3.161603 0.195912 30.000000 0.000000
3.181613 0.189283 30.000000 0.000000
3.201623 0.184015 30.000000 0.000000
3.221633 0.189247 30.000000 0.000000
3.241643 0.197034 30.000000 0.000000
3.261654 0.195634 30.000000 0.000000
3.281664 0.187519 30.000000 0.000000
3.301674 0.188476 30.000000 0.000000
3.321684 0.195137 30.000000 0.000000
3.341694 0.195801 30.000000 0.000000
3.361704 0.190384 30.000000 0.000000
3.381714 0.188791 30.000000 0.000000
3.401725 0.195176 30.000000 0.000000
3.421735 0.198436 30.000000 0.000000
3.441745 0.191485 30.000000 0.000000
3.461755 0.188210 30.000000 0.000000
3.481765 0.193068 30.000000 0.000000
3.501775 0.199259 30.000000 0.000000
3.521785 0.197785 30.000000 0.000000
3.541796 0.191704 30.000000 0.000000
3.561806 0.194374 30.000000 0.000000
3.581816 0.199695 30.000000 0.000000
3.601826 0.198300 30.000000 0.000000
3.621836 0.192777 30.000000 0.000000
3.641846 0.193315 30.000000 0.000000
3.661856 0.197685 30.000000 0.000000
3.681867 0.201489 30.000000 0.000000
3.701877 0.192301 30.000000 0.000000
3.721887 0.190160 30.000000 0.000000
3.741897 0.197987 30.000000 0.000000
3.761907 0.203429 30.000000 0.000000
3.781917 0.201378 30.000000 0.000000
3.801927 0.194869 30.000000 0.000000
3.821938 0.193263 30.000000 0.000000
3.841948 0.199630 30.000000 0.000000
3.861958 0.199589 30.000000 0.000000
3.881968 0.196370 30.000000 0.000000
3.901978 0.195819 30.000000 0.000000
3.921988 0.199149 30.000000 0.000000
3.941998 0.204386 30.000000 0.000000
3.962009 0.194879 30.000000 0.000000
3.982019 0.193950 30.000000 0.000000
4.002029 0.198370 30.000000 0.000000
4.022039 0.201715 30.000000 0.000000
4.042049 0.198268 30.000000 0.000000
4.062059 0.193173 30.000000 0.000000
4.082069 0.196011 30.000000 0.000000
4.102080 0.204651 30.000000 0.000000
4.122090 0.198491 30.000000 0.000000
4.142100 0.193946 30.000000 0.000000
4.162110 0.194864 30.000000 0.000000
4.182120 0.198465 30.000000 0.000000
4.202130 0.203253 30.000000 0.000000
4.222140 0.192246 30.000000 0.000000
4.242151 0.193136 30.000000 0.000000
4.262161 0.198812 30.000000 0.000000
4.282171 0.198836 30.000000 0.000000
4.302181 0.197565 30.000000 0.000000
4.322191 0.192782 30.000000 0.000000
4.342201 0.196065 30.000000 0.000000
4.362211 0.202132 30.000000 0.000000
4.382222 0.195708 30.000000 0.000000
4.402232 0.194807 30.000000 0.000000
4.422242 0.194951 30.000000 0.000000
4.442252 0.200363 30.000000 0.000000
4.462262 0.203461 30.000000 0.000000
4.482272 0.196434 30.000000 0.000000
4.502282 0.194751 30.000000 0.000000
4.522293 0.197658 30.000000 0.000000
4.542303 0.198485 30.000000 0.000000
4.562313 0.198691 30.000000 0.000000
4.582323 0.194810 30.000000 0.000000
4.602333 0.196126 30.000000 0.000000
4.622343 0.201840 30.000000 0.000000
4.642353 0.196827 30.000000 0.000000
4.662364 0.196085 30.000000 0.000000
4.682374 0.197782 30.000000 0.000000
4.702384 0.200453 30.000000 0.000000
4.722394 0.203256 30.000000 0.000000
4.742404 0.197422 30.000000 0.000000
4.762414 0.197825 30.000000 0.000000
4.782424 0.200994 30.000000 0.000000
4.802435 0.202462 30.000000 0.000000
4.822445 0.203926 30.000000 0.000000
4.842455 0.198488 30.000000 0.000000
4.862465 0.198029 30.000000 0.000000
4.882475 0.201086 30.000000 0.000000
4.902485 0.197363 30.000000 0.000000
4.922495 0.197282 30.000000 0.000000
4.942506 0.198468 30.000000 0.000000
4.962516 0.199354 30.000000 0.000000
4.982526 0.200792 30.000000 0.000000
5.002536 0.196230 30.000000 0.000000
5.022546 0.195886 30.000000 0.000000
5.042556 0.201570 30.000000 0.000000
5.062567 0.202284 30.000000 0.000000
5.082577 0.202528 30.000000 0.000000
5.102587 0.198362 30.000000 0.000000
5.122597 0.195700 30.000000 0.000000
5.142607 0.202066 30.000000 0.000000
5.162617 0.201902 30.000000 0.000000
5.182627 0.203718 30.000000 0.000000
5.202638 0.202622 30.000000 0.000000
5.222648 0.200162 30.000000 0.000000
5.242658 0.203542 30.000000 0.000000
5.262668 0.199539 30.000000 0.000000
5.282678 0.199561 30.000000 0.000000
5.302688 0.202328 30.000000 0.000000
5.322698 0.199145 30.000000 0.000000
5.342709 0.202807 30.000000 0.000000
5.362719 0.198559 30.000000 0.000000
5.382729 0.197246 30.000000 0.000000
5.402739 0.203918 30.000000 0.000000
5.422749 0.203196 30.000000 0.000000
5.442759 0.202629 30.000000 0.000000
5.462769 0.199622 30.000000 0.000000
5.482780 0.196754 30.000000 0.000000
5.502790 0.204253 30.000000 0.000000
5.522800 0.203410 30.000000 0.000000
5.542810 0.201204 30.000000 0.000000
5.562820 0.202431 30.000000 0.000000
5.582830 0.201515 30.000000 0.000000
5.602840 0.206231 30.000000 0.000000
5.622851 0.203655 30.000000 0.000000
5.642861 0.199838 30.000000 0.000000
5.662871 0.204651 30.000000 0.000000
5.682881 0.204245 30.000000 0.000000
5.702891 0.205145 30.000000 0.000000
5.722901 0.202559 30.000000 0.000000
5.742911 0.200914 30.000000 0.000000
5.762922 0.210797 30.000000 0.000000
5.782932 0.207588 30.000000 0.000000
5.802942 0.202273 30.000000 0.000000
5.822952 0.203071 30.000000 0.000000
5.842962 0.202985 30.000000 0.000000
5.862972 0.209587 30.000000 0.000000
5.882982 0.206433 30.000000 0.000000
5.902993 0.200747 30.000000 0.000000
5.923003 0.206126 30.000000 0.000000
5.943013 0.208432 30.000000 0.000000
5.963023 0.207986 30.000000 0.000000
5.983033 0.205432 30.000000 0.000000
6.003043 0.201259 30.000000 0.000000
6.023053 0.206084 30.000000 0.000000
6.043064 0.203976 30.000000 0.000000
6.063074 0.199678 30.000000 0.000000
6.083084 0.204036 30.000000 0.000000
6.103094 0.203573 30.000000 0.000000
6.123104 0.209329 30.000000 0.000000
6.143114 0.203951 30.000000 0.000000
6.163124 0.195668 30.000000 0.000000
6.183135 0.202992 30.000000 0.000000
6.203145 0.204406 30.000000 0.000000
6.223155 0.203785 30.000000 0.000000
6.243165 0.200831 30.000000 0.000000
6.263175 0.195094 30.000000 0.000000
