serial number: JANUSZ_3_RI70_21414876
torque: 8
start_temp: 30 (31)
finish_temp: 30 (31)
note: na PCB 3 4
0.000000 0.201736 30.000000 0.000000
0.020010 0.202580 30.000000 0.000000
0.040020 0.205069 30.000000 0.000000
0.060030 0.202788 30.000000 0.000000
0.080041 0.195779 30.000000 0.000000
0.100051 0.200205 30.000000 0.000000
0.120061 0.202886 30.000000 0.000000
0.140071 0.200136 30.000000 0.000000
0.160081 0.199812 30.000000 0.000000
0.180091 0.197712 30.000000 0.000000
0.200101 0.200246 30.000000 0.000000
0.220112 0.201108 30.000000 0.000000
0.240122 0.196108 30.000000 0.000000
0.260132 0.198975 30.000000 0.000000
0.280142 0.199518 30.000000 0.000000
0.300152 0.201306 30.000000 0.000000
0.320162 0.199352 30.000000 0.000000
0.340172 0.194954 30.000000 0.000000
0.360183 0.198679 30.000000 0.000000
0.380193 0.199796 30.000000 0.000000
0.400203 0.194848 30.000000 0.000000
0.420213 0.194348 30.000000 0.000000
0.440223 0.192356 30.000000 0.000000
0.460233 0.196579 30.000000 0.000000
0.480243 0.197122 30.000000 0.000000
0.500254 0.189973 30.000000 0.000000
0.520264 0.193035 30.000000 0.000000
0.540274 0.193639 30.000000 0.000000
0.560284 0.195287 30.000000 0.000000
0.580294 0.194029 30.000000 0.000000
0.600304 0.188561 30.000000 0.000000
0.620314 0.193172 30.000000 0.000000
0.640325 0.153826 30.000000 0.000000
0.660335 0.183571 30.000000 0.000000
0.680345 0.189798 30.000000 0.000000
0.700355 0.189195 30.000000 0.000000
0.720365 0.193137 30.000000 0.000000
0.740375 0.194268 30.000000 0.000000
0.760385 0.188843 30.000000 0.000000
0.780396 0.191574 30.000000 0.000000
0.800406 0.192547 30.000000 0.000000
0.820416 0.192994 30.000000 0.000000
0.840426 0.192112 30.000000 0.000000
0.860436 0.187399 30.000000 0.000000
0.880446 0.191625 30.000000 0.000000
0.900456 0.193746 30.000000 0.000000
0.920467 0.189680 30.000000 0.000000
0.940477 0.190380 30.000000 0.000000
0.960487 0.187982 30.000000 0.000000
0.980497 0.190595 30.000000 0.000000
1.000507 0.192986 30.000000 0.000000
1.020517 0.187939 30.000000 0.000000
1.040528 0.191101 30.000000 0.000000
1.060538 0.192337 30.000000 0.000000
1.080548 0.191052 30.000000 0.000000
1.100558 0.190722 30.000000 0.000000
1.120568 0.187094 30.000000 0.000000
1.140578 0.190158 30.000000 0.000000
1.160588 0.193114 30.000000 0.000000
1.180599 0.187799 30.000000 0.000000
1.200609 0.188928 30.000000 0.000000
1.220619 0.186740 30.000000 0.000000
1.240629 0.190077 30.000000 0.000000
1.260639 0.191904 30.000000 0.000000
1.280649 0.187852 30.000000 0.000000
1.300659 0.189788 30.000000 0.000000
1.320670 0.190028 30.000000 0.000000
1.340680 0.189746 30.000000 0.000000
1.360690 0.190486 30.000000 0.000000
1.380700 0.187314 30.000000 0.000000
1.400710 0.189738 30.000000 0.000000
1.420720 0.193172 30.000000 0.000000
1.440730 0.189714 30.000000 0.000000
1.460741 0.189821 30.000000 0.000000
1.480751 0.188278 30.000000 0.000000
1.500761 0.191882 30.000000 0.000000
1.520771 0.193243 30.000000 0.000000
1.540781 0.189876 30.000000 0.000000
1.560791 0.190817 30.000000 0.000000
1.580801 0.192301 30.000000 0.000000
1.600812 0.192824 30.000000 0.000000
1.620822 0.194792 30.000000 0.000000
1.640832 0.192869 30.000000 0.000000
1.660842 0.193670 30.000000 0.000000
1.680852 0.195344 30.000000 0.000000
1.700862 0.195104 30.000000 0.000000
1.720872 0.195880 30.000000 0.000000
1.740883 0.195191 30.000000 0.000000
1.760893 0.196017 30.000000 0.000000
1.780903 0.196210 30.000000 0.000000
1.800913 0.196226 30.000000 0.000000
1.820923 0.196353 30.000000 0.000000
1.840933 0.197143 30.000000 0.000000
1.860943 0.197891 30.000000 0.000000
1.880954 0.198627 30.000000 0.000000
1.900964 0.196539 30.000000 0.000000
1.920974 0.194877 30.000000 0.000000
1.940984 0.195627 30.000000 0.000000
1.960994 0.196067 30.000000 0.000000
1.981004 0.195442 30.000000 0.000000
2.001014 0.194201 30.000000 0.000000
2.021025 0.195789 30.000000 0.000000
2.041035 0.197208 30.000000 0.000000
2.061045 0.197964 30.000000 0.000000
2.081055 0.196478 30.000000 0.000000
2.101065 0.196179 30.000000 0.000000
2.121075 0.196621 30.000000 0.000000
2.141085 0.195925 30.000000 0.000000
2.161096 0.195118 30.000000 0.000000
2.181106 0.193558 30.000000 0.000000
2.201116 0.195818 30.000000 0.000000
2.221126 0.198237 30.000000 0.000000
2.241136 0.196292 30.000000 0.000000
2.261146 0.193651 30.000000 0.000000
2.281156 0.193738 30.000000 0.000000
2.301167 0.196765 30.000000 0.000000
2.321177 0.199264 30.000000 0.000000
2.341187 0.194564 30.000000 0.000000
2.361197 0.193635 30.000000 0.000000
2.381207 0.195307 30.000000 0.000000
2.401217 0.195656 30.000000 0.000000
2.421227 0.195883 30.000000 0.000000
2.441238 0.192350 30.000000 0.000000
2.461248 0.192571 30.000000 0.000000
2.481258 0.195715 30.000000 0.000000
2.501268 0.194107 30.000000 0.000000
2.521278 0.192891 30.000000 0.000000
2.541288 0.194401 30.000000 0.000000
2.561298 0.196651 30.000000 0.000000
2.581309 0.198423 30.000000 0.000000
2.601319 0.192046 30.000000 0.000000
2.621329 0.189899 30.000000 0.000000
2.641339 0.194269 30.000000 0.000000
2.661349 0.195105 30.000000 0.000000
2.681359 0.195713 30.000000 0.000000
2.701369 0.191103 30.000000 0.000000
2.721380 0.191839 30.000000 0.000000
2.741390 0.196076 30.000000 0.000000
2.761400 0.193918 30.000000 0.000000
2.781410 0.192567 30.000000 0.000000
2.801420 0.192222 30.000000 0.000000
2.821430 0.193845 30.000000 0.000000
2.841440 0.196462 30.000000 0.000000
2.861451 0.191226 30.000000 0.000000
2.881461 0.190384 30.000000 0.000000
2.901471 0.194588 30.000000 0.000000
2.921481 0.195341 30.000000 0.000000
2.941491 0.195056 30.000000 0.000000
2.961501 0.189984 30.000000 0.000000
2.981511 0.191187 30.000000 0.000000
3.001522 0.196883 30.000000 0.000000
3.021532 0.194805 30.000000 0.000000
3.041542 0.192368 30.000000 0.000000
3.061552 0.194881 30.000000 0.000000
3.081562 0.198072 30.000000 0.000000
3.101572 0.200614 30.000000 0.000000
3.121583 0.193730 30.000000 0.000000
3.141593 0.191899 30.000000 0.000000
3.161603 0.196401 30.000000 0.000000
3.181613 0.197780 30.000000 0.000000
3.201623 0.198364 30.000000 0.000000
3.221633 0.193964 30.000000 0.000000
3.241643 0.195288 30.000000 0.000000
3.261654 0.199774 30.000000 0.000000
3.281664 0.196506 30.000000 0.000000
3.301674 0.193798 30.000000 0.000000
3.321684 0.195550 30.000000 0.000000
3.341694 0.198524 30.000000 0.000000
3.361704 0.201013 30.000000 0.000000
3.381714 0.194062 30.000000 0.000000
3.401725 0.192584 30.000000 0.000000
3.421735 0.196585 30.000000 0.000000
3.441745 0.197827 30.000000 0.000000
3.461755 0.197474 30.000000 0.000000
3.481765 0.194070 30.000000 0.000000
3.501775 0.196077 30.000000 0.000000
3.521785 0.200091 30.000000 0.000000
3.541796 0.197548 30.000000 0.000000
3.561806 0.194956 30.000000 0.000000
3.581816 0.195799 30.000000 0.000000
3.601826 0.198032 30.000000 0.000000
3.621836 0.200588 30.000000 0.000000
3.641846 0.194293 30.000000 0.000000
3.661856 0.192387 30.000000 0.000000
3.681867 0.197376 30.000000 0.000000
3.701877 0.198087 30.000000 0.000000
3.721887 0.196747 30.000000 0.000000
3.741897 0.195299 30.000000 0.000000
3.761907 0.197551 30.000000 0.000000
3.781917 0.202230 30.000000 0.000000
3.801927 0.198646 30.000000 0.000000
3.821938 0.196125 30.000000 0.000000
3.841948 0.198219 30.000000 0.000000
3.861958 0.201642 30.000000 0.000000
3.881968 0.202761 30.000000 0.000000
3.901978 0.195269 30.000000 0.000000
3.921988 0.194954 30.000000 0.000000
3.941998 0.199853 30.000000 0.000000
3.962009 0.199988 30.000000 0.000000
3.982019 0.199607 30.000000 0.000000
4.002029 0.196693 30.000000 0.000000
4.022039 0.197773 30.000000 0.000000
4.042049 0.203418 30.000000 0.000000
4.062059 0.199216 30.000000 0.000000
4.082069 0.197804 30.000000 0.000000
4.102080 0.198721 30.000000 0.000000
4.122090 0.200843 30.000000 0.000000
4.142100 0.202796 30.000000 0.000000
4.162110 0.197960 30.000000 0.000000
4.182120 0.198337 30.000000 0.000000
4.202130 0.201951 30.000000 0.000000
4.222140 0.200149 30.000000 0.000000
4.242151 0.199116 30.000000 0.000000
4.262161 0.196836 30.000000 0.000000
4.282171 0.197489 30.000000 0.000000
4.302181 0.203303 30.000000 0.000000
4.322191 0.198917 30.000000 0.000000
4.342201 0.197444 30.000000 0.000000
4.362211 0.199989 30.000000 0.000000
4.382222 0.202232 30.000000 0.000000
4.402232 0.204222 30.000000 0.000000
4.422242 0.199289 30.000000 0.000000
4.442252 0.199200 30.000000 0.000000
4.462262 0.204124 30.000000 0.000000
4.482272 0.202475 30.000000 0.000000
4.502282 0.201773 30.000000 0.000000
4.522293 0.200108 30.000000 0.000000
4.542303 0.201516 30.000000 0.000000
4.562313 0.204226 30.000000 0.000000
4.582323 0.200524 30.000000 0.000000
4.602333 0.199990 30.000000 0.000000
4.622343 0.202411 30.000000 0.000000
4.642353 0.203838 30.000000 0.000000
4.662364 0.204969 30.000000 0.000000
4.682374 0.202035 30.000000 0.000000
4.702384 0.202158 30.000000 0.000000
4.722394 0.204977 30.000000 0.000000
4.742404 0.203474 30.000000 0.000000
4.762414 0.204695 30.000000 0.000000
4.782424 0.202021 30.000000 0.000000
4.802435 0.202995 30.000000 0.000000
4.822445 0.206818 30.000000 0.000000
4.842455 0.203279 30.000000 0.000000
4.862465 0.202604 30.000000 0.000000
4.882475 0.202817 30.000000 0.000000
4.902485 0.203357 30.000000 0.000000
4.922495 0.205620 30.000000 0.000000
4.942506 0.203108 30.000000 0.000000
4.962516 0.202419 30.000000 0.000000
4.982526 0.205128 30.000000 0.000000
5.002536 0.204047 30.000000 0.000000
5.022546 0.204882 30.000000 0.000000
5.042556 0.203416 30.000000 0.000000
5.062567 0.202441 30.000000 0.000000
5.082577 0.205521 30.000000 0.000000
5.102587 0.203560 30.000000 0.000000
5.122597 0.202513 30.000000 0.000000
5.142607 0.203483 30.000000 0.000000
5.162617 0.202567 30.000000 0.000000
5.182627 0.204830 30.000000 0.000000
5.202638 0.200600 30.000000 0.000000
5.222648 0.198726 30.000000 0.000000
5.242658 0.202597 30.000000 0.000000
5.262668 0.205356 30.000000 0.000000
5.282678 0.207645 30.000000 0.000000
5.302688 0.203513 30.000000 0.000000
5.322698 0.201945 30.000000 0.000000
5.342709 0.205374 30.000000 0.000000
5.362719 0.203862 30.000000 0.000000
5.382729 0.204192 30.000000 0.000000
5.402739 0.205397 30.000000 0.000000
5.422749 0.204088 30.000000 0.000000
5.442759 0.206436 30.000000 0.000000
5.462769 0.203796 30.000000 0.000000
5.482780 0.201846 30.000000 0.000000
5.502790 0.205157 30.000000 0.000000
5.522800 0.204845 30.000000 0.000000
5.542810 0.205955 30.000000 0.000000
5.562820 0.203827 30.000000 0.000000
5.582830 0.201648 30.000000 0.000000
5.602840 0.207348 30.000000 0.000000
5.622851 0.205798 30.000000 0.000000
5.642861 0.204189 30.000000 0.000000
5.662871 0.205255 30.000000 0.000000
5.682881 0.204568 30.000000 0.000000
5.702891 0.209233 30.000000 0.000000
5.722901 0.206943 30.000000 0.000000
5.742911 0.204290 30.000000 0.000000
5.762922 0.206667 30.000000 0.000000
5.782932 0.206623 30.000000 0.000000
5.802942 0.208891 30.000000 0.000000
5.822952 0.208008 30.000000 0.000000
5.842962 0.203129 30.000000 0.000000
5.862972 0.206497 30.000000 0.000000
5.882982 0.207761 30.000000 0.000000
5.902993 0.205840 30.000000 0.000000
5.923003 0.204759 30.000000 0.000000
5.943013 0.203782 30.000000 0.000000
5.963023 0.209850 30.000000 0.000000
5.983033 0.208486 30.000000 0.000000
6.003043 0.205110 30.000000 0.000000
6.023053 0.206500 30.000000 0.000000
6.043064 0.207557 30.000000 0.000000
6.063074 0.209338 30.000000 0.000000
6.083084 0.207412 30.000000 0.000000
6.103094 0.202058 30.000000 0.000000
6.123104 0.206232 30.000000 0.000000
6.143114 0.206780 30.000000 0.000000
6.163124 0.204123 30.000000 0.000000
6.183135 0.203762 30.000000 0.000000
6.203145 0.201616 30.000000 0.000000
6.223155 0.205652 30.000000 0.000000
6.243165 0.203990 30.000000 0.000000
6.263175 0.199062 30.000000 0.000000
