serial number: JANUSZ_3_RI70_21414876
torque: 8.0
start_temp: 30 (32)
finish_temp: 30 (31)
note: testy arka
0.000000 nan
0.021014 0.244952
0.042028 0.244729
0.063042 0.245534
0.084056 0.244525
0.105070 0.242375
0.126084 0.246330
0.147098 0.245355
0.168112 0.245286
0.189126 0.243715
0.210140 0.239991
0.231154 0.243319
0.252168 0.241687
0.273182 0.241802
0.294196 0.241046
0.315210 0.238520
0.336224 0.241521
0.357238 0.241109
0.378252 0.240735
0.399266 0.239215
0.420280 0.237366
0.441294 0.239882
0.462308 0.239340
0.483322 0.238668
0.504336 0.236199
0.525350 0.234716
0.546364 0.237736
0.567378 0.237340
0.588392 0.237702
0.609406 0.236039
0.630420 0.234574
0.651434 0.238309
0.672448 0.237290
0.693462 0.236668
0.714476 0.233778
0.735490 0.231430
0.756504 0.233745
0.777518 0.233454
0.798532 0.234881
0.819546 0.234160
0.840560 0.231818
0.861574 0.233023
0.882588 0.232174
0.903602 0.232719
0.924616 0.231465
0.945630 0.228939
0.966644 0.230141
0.987658 0.231538
1.008672 0.234101
1.029686 0.234507
1.050700 0.231851
1.071714 0.230515
1.092728 0.229922
1.113742 0.233147
1.134756 0.232985
1.155770 0.230483
1.176784 0.230608
1.197798 0.229513
1.218812 0.232159
1.239826 0.232751
1.260840 0.230506
1.281854 0.230493
1.302868 0.229558
1.323882 0.230648
1.344896 0.233410
1.365910 0.232121
1.386924 0.230473
1.407938 0.229044
1.428952 0.230042
1.449966 0.233557
1.470980 0.233335
1.491994 0.232230
1.513008 0.230739
1.534022 0.232048
1.555036 0.234079
1.576050 0.235374
1.597064 0.235393
1.618078 0.233742
1.639092 0.234576
1.660106 0.236264
1.681120 0.237230
1.702134 0.236860
1.723148 0.236233
1.744162 0.235157
1.765176 0.234935
1.786190 0.235876
1.807204 0.236587
1.828218 0.236961
1.849232 0.234505
1.870246 0.235048
1.891260 0.236083
1.912274 0.236959
1.933288 0.237270
1.954302 0.235719
1.975316 0.235654
1.996330 0.236418
2.017344 0.237940
2.038358 0.238978
2.059372 0.236499
2.080386 0.235242
2.101400 0.236407
2.122414 0.238621
2.143428 0.241115
2.164442 0.240517
2.185456 0.239618
2.206470 0.238474
2.227484 0.238761
2.248498 0.239960
2.269512 0.238765
2.290526 0.238710
2.311540 0.236055
2.332554 0.236339
2.353568 0.236870
2.374582 0.236474
2.395596 0.236515
2.416610 0.231759
2.437624 0.233657
2.458638 0.236429
2.479652 0.236737
2.500666 0.238041
2.521680 0.235122
2.542694 0.233229
2.563708 0.235595
2.584722 0.235743
2.605736 0.237542
2.626750 0.234960
2.647764 0.234748
2.668778 0.236780
2.689792 0.236606
2.710806 0.237929
2.731820 0.233096
2.752834 0.232931
2.773848 0.233337
2.794862 0.233933
2.815876 0.236459
2.836890 0.233188
2.857904 0.233663
2.878918 0.234210
2.899932 0.235047
2.920946 0.237259
2.941960 0.233214
2.962974 0.233974
2.983988 0.234133
3.005002 0.233675
3.026016 0.236264
3.047030 0.232035
3.068044 0.231422
3.089058 0.232881
3.110072 0.233676
3.131086 0.235193
3.152100 0.230308
3.173114 0.231735
3.194128 0.233108
3.215142 0.235042
3.236156 0.236384
3.257170 0.232050
3.278184 0.232723
3.299198 0.230993
3.320212 0.233573
3.341226 0.235712
3.362240 0.232659
3.383254 0.234074
3.404268 0.231932
3.425282 0.233830
3.446296 0.235731
3.467310 0.232887
3.488324 0.233926
3.509338 0.232335
3.530352 0.233977
3.551366 0.238094
3.572380 0.236681
3.593394 0.236795
3.614408 0.234200
3.635422 0.234971
3.656436 0.239098
3.677450 0.238255
3.698464 0.239149
3.719478 0.233962
3.740492 0.234207
3.761506 0.236868
3.782520 0.238179
3.803534 0.239923
3.824548 0.234912
3.845562 0.235741
3.866576 0.237725
3.887590 0.239190
3.908604 0.240832
3.929618 0.235807
3.950632 0.235459
3.971646 0.237335
3.992660 0.238692
4.013674 0.241571
4.034688 0.236951
4.055702 0.236861
4.076716 0.238923
4.097730 0.239653
4.118744 0.242539
4.139758 0.237986
4.160772 0.238179
4.181786 0.238601
4.202800 0.239000
4.223814 0.243600
4.244828 0.239482
4.265842 0.239937
4.286856 0.239661
4.307870 0.239184
4.328884 0.240953
4.349898 0.237787
4.370912 0.240106
4.391926 0.240196
4.412940 0.240377
4.433954 0.242647
4.454968 0.238698
4.475982 0.241177
4.496996 0.241677
4.518010 0.240629
4.539023 0.242201
4.560037 0.237721
4.581051 0.239774
4.602065 0.239566
4.623079 0.240445
4.644093 0.242576
4.665107 0.238589
4.686121 0.240389
4.707135 0.240154
4.728149 0.241256
4.749163 0.242648
4.770177 0.239440
4.791191 0.241383
4.812205 0.240879
4.833219 0.241348
4.854233 0.243324
4.875247 0.240121
4.896261 0.241201
4.917275 0.238566
4.938289 0.238705
4.959303 0.241440
4.980317 0.239365
5.001331 0.241274
5.022345 0.239043
5.043359 0.239958
5.064373 0.242459
5.085387 0.240614
5.106401 0.243027
5.127415 0.239632
5.148429 0.239284
5.169443 0.240822
5.190457 0.239665
5.211471 0.241472
5.232485 0.237153
5.253499 0.237624
5.274513 0.239631
5.295527 0.239840
5.316541 0.244021
5.337555 0.240531
5.358569 0.239884
5.379583 0.239541
5.400597 0.239409
5.421611 0.243537
5.442625 0.241994
5.463639 0.242984
5.484653 0.242039
5.505667 0.240365
5.526681 0.243758
5.547695 0.241263
5.568709 0.243389
5.589723 0.241419
5.610737 0.238991
5.631751 0.242652
5.652765 0.241406
5.673779 0.243742
5.694793 0.240242
5.715807 0.237973
5.736821 0.241798
5.757835 0.241279
5.778849 0.244100
5.799863 0.241439
5.820877 0.239797
5.841891 0.243840
5.862905 0.243150
5.883919 0.246569
5.904933 0.244690
5.925947 0.243692
5.946961 0.245846
5.967975 0.244358
5.988989 0.248217
6.010003 0.245953
6.031017 0.244361
6.052031 0.244858
6.073045 0.243653
6.094059 0.247950
6.115073 0.246449
6.136087 0.245228
6.157101 0.245474
6.178115 0.244372
6.199129 0.246885
6.220143 0.245181
6.241157 0.244423
6.262171 0.243668
6.283185 0.241466
