serial number: JANUSZ_3_RI70_21414876
torque: 8
start_temp: 30 (31)
finish_temp: 30 (31)
note: zdjęty z robota, był pyłek na enkoderze, montaż Dodo
0.000000 0.191432 30.000000 0.000000
0.020010 0.189180 30.000000 0.000000
0.040020 0.188293 30.000000 0.000000
0.060030 0.185050 30.000000 0.000000
0.080041 0.190090 30.000000 0.000000
0.100051 0.191459 30.000000 0.000000
0.120061 0.184999 30.000000 0.000000
0.140071 0.187949 30.000000 0.000000
0.160081 0.187595 30.000000 0.000000
0.180091 0.189941 30.000000 0.000000
0.200101 0.190703 30.000000 0.000000
0.220112 0.184472 30.000000 0.000000
0.240122 0.190548 30.000000 0.000000
0.260132 0.187934 30.000000 0.000000
0.280142 0.185103 30.000000 0.000000
0.300152 0.185270 30.000000 0.000000
0.320162 0.184674 30.000000 0.000000
0.340172 0.194299 30.000000 0.000000
0.360183 0.192178 30.000000 0.000000
0.380193 0.182717 30.000000 0.000000
0.400203 0.186758 30.000000 0.000000
0.420213 0.184581 30.000000 0.000000
0.440223 0.192154 30.000000 0.000000
0.460233 0.190133 30.000000 0.000000
0.480243 0.182421 30.000000 0.000000
0.500254 0.188883 30.000000 0.000000
0.520264 0.185330 30.000000 0.000000
0.540274 0.187392 30.000000 0.000000
0.560284 0.188014 30.000000 0.000000
0.580294 0.182967 30.000000 0.000000
0.600304 0.190713 30.000000 0.000000
0.620314 0.185498 30.000000 0.000000
0.640325 0.179982 30.000000 0.000000
0.660335 0.185632 30.000000 0.000000
0.680345 0.185472 30.000000 0.000000
0.700355 0.192346 30.000000 0.000000
0.720365 0.185374 30.000000 0.000000
0.740375 0.177243 30.000000 0.000000
0.760385 0.185772 30.000000 0.000000
0.780396 0.185890 30.000000 0.000000
0.800406 0.186929 30.000000 0.000000
0.820416 0.185456 30.000000 0.000000
0.840426 0.178947 30.000000 0.000000
0.860436 0.190446 30.000000 0.000000
0.880446 0.183597 30.000000 0.000000
0.900456 0.179041 30.000000 0.000000
0.920467 0.184754 30.000000 0.000000
0.940477 0.182743 30.000000 0.000000
0.960487 0.190630 30.000000 0.000000
0.980497 0.182513 30.000000 0.000000
1.000507 0.174363 30.000000 0.000000
1.020517 0.186266 30.000000 0.000000
1.040528 0.186233 30.000000 0.000000
1.060538 0.184571 30.000000 0.000000
1.080548 0.182904 30.000000 0.000000
1.100558 0.174701 30.000000 0.000000
1.120568 0.187773 30.000000 0.000000
1.140578 0.182399 30.000000 0.000000
1.160588 0.176379 30.000000 0.000000
1.180599 0.181948 30.000000 0.000000
1.200609 0.178159 30.000000 0.000000
1.220619 0.186842 30.000000 0.000000
1.240629 0.182958 30.000000 0.000000
1.260639 0.174930 30.000000 0.000000
1.280649 0.188278 30.000000 0.000000
1.300659 0.186032 30.000000 0.000000
1.320670 0.184644 30.000000 0.000000
1.340680 0.182618 30.000000 0.000000
1.360690 0.174465 30.000000 0.000000
1.380700 0.191070 30.000000 0.000000
1.400710 0.183109 30.000000 0.000000
1.420720 0.176619 30.000000 0.000000
1.440730 0.182719 30.000000 0.000000
1.460741 0.179294 30.000000 0.000000
1.480751 0.188585 30.000000 0.000000
1.500761 0.183315 30.000000 0.000000
1.520771 0.171769 30.000000 0.000000
1.540781 0.185127 30.000000 0.000000
1.560791 0.183369 30.000000 0.000000
1.580801 0.182242 30.000000 0.000000
1.600812 0.183924 30.000000 0.000000
1.620822 0.175795 30.000000 0.000000
1.640832 0.191584 30.000000 0.000000
1.660842 0.183068 30.000000 0.000000
1.680852 0.175149 30.000000 0.000000
1.700862 0.184009 30.000000 0.000000
1.720872 0.177181 30.000000 0.000000
1.740883 0.187813 30.000000 0.000000
1.760893 0.182981 30.000000 0.000000
1.780903 0.171538 30.000000 0.000000
1.800913 0.184705 30.000000 0.000000
1.820923 0.179554 30.000000 0.000000
1.840933 0.182304 30.000000 0.000000
1.860943 0.180229 30.000000 0.000000
1.880954 0.167308 30.000000 0.000000
1.900964 0.184564 30.000000 0.000000
1.920974 0.175572 30.000000 0.000000
1.940984 0.170188 30.000000 0.000000
1.960994 0.181124 30.000000 0.000000
1.981004 0.174154 30.000000 0.000000
2.001014 0.185772 30.000000 0.000000
2.021025 0.177613 30.000000 0.000000
2.041035 0.164039 30.000000 0.000000
2.061045 0.179023 30.000000 0.000000
2.081055 0.173501 30.000000 0.000000
2.101065 0.177393 30.000000 0.000000
2.121075 0.177527 30.000000 0.000000
2.141085 0.162858 30.000000 0.000000
2.161096 0.181192 30.000000 0.000000
2.181106 0.173283 30.000000 0.000000
2.201116 0.169139 30.000000 0.000000
2.221126 0.177100 30.000000 0.000000
2.241136 0.164703 30.000000 0.000000
2.261146 0.180083 30.000000 0.000000
2.281156 0.171400 30.000000 0.000000
2.301167 0.161477 30.000000 0.000000
2.321177 0.177671 30.000000 0.000000
2.341187 0.169948 30.000000 0.000000
2.361197 0.173782 30.000000 0.000000
2.381207 0.172108 30.000000 0.000000
2.401217 0.159261 30.000000 0.000000
2.421227 0.179848 30.000000 0.000000
2.441238 0.172955 30.000000 0.000000
2.461248 0.168078 30.000000 0.000000
2.481258 0.174834 30.000000 0.000000
2.501268 0.161219 30.000000 0.000000
2.521278 0.176747 30.000000 0.000000
2.541288 0.169398 30.000000 0.000000
2.561298 0.161467 30.000000 0.000000
2.581309 0.175914 30.000000 0.000000
2.601319 0.165791 30.000000 0.000000
2.621329 0.173223 30.000000 0.000000
2.641339 0.173531 30.000000 0.000000
2.661349 0.160853 30.000000 0.000000
2.681359 0.179553 30.000000 0.000000
2.701369 0.169998 30.000000 0.000000
2.721380 0.166262 30.000000 0.000000
2.741390 0.172594 30.000000 0.000000
2.761400 0.159072 30.000000 0.000000
2.781410 0.178461 30.000000 0.000000
2.801420 0.171974 30.000000 0.000000
2.821430 0.162800 30.000000 0.000000
2.841440 0.173977 30.000000 0.000000
2.861451 0.160817 30.000000 0.000000
2.881461 0.171022 30.000000 0.000000
2.901471 0.173029 30.000000 0.000000
2.921481 0.159619 30.000000 0.000000
2.941491 0.177773 30.000000 0.000000
2.961501 0.166262 30.000000 0.000000
2.981511 0.167068 30.000000 0.000000
3.001522 0.175896 30.000000 0.000000
3.021532 0.159732 30.000000 0.000000
3.041542 0.178271 30.000000 0.000000
3.061552 0.169716 30.000000 0.000000
3.081562 0.161189 30.000000 0.000000
3.101572 0.173551 30.000000 0.000000
3.121583 0.161949 30.000000 0.000000
3.141593 0.175261 30.000000 0.000000
3.161603 0.174845 30.000000 0.000000
3.181613 0.156198 30.000000 0.000000
3.201623 0.173418 30.000000 0.000000
3.221633 0.163787 30.000000 0.000000
3.241643 0.170526 30.000000 0.000000
3.261654 0.178644 30.000000 0.000000
3.281664 0.157926 30.000000 0.000000
3.301674 0.174327 30.000000 0.000000
3.321684 0.166202 30.000000 0.000000
3.341694 0.161613 30.000000 0.000000
3.361704 0.176814 30.000000 0.000000
3.381714 0.160046 30.000000 0.000000
3.401725 0.174221 30.000000 0.000000
3.421735 0.175130 30.000000 0.000000
3.441745 0.156596 30.000000 0.000000
3.461755 0.176018 30.000000 0.000000
3.481765 0.164715 30.000000 0.000000
3.501775 0.172828 30.000000 0.000000
3.521785 0.178439 30.000000 0.000000
3.541796 0.155867 30.000000 0.000000
3.561806 0.175721 30.000000 0.000000
3.581816 0.170846 30.000000 0.000000
3.601826 0.166777 30.000000 0.000000
3.621836 0.179093 30.000000 0.000000
3.641846 0.157995 30.000000 0.000000
3.661856 0.175805 30.000000 0.000000
3.681867 0.177329 30.000000 0.000000
3.701877 0.158705 30.000000 0.000000
3.721887 0.178709 30.000000 0.000000
3.741897 0.164317 30.000000 0.000000
3.761907 0.171964 30.000000 0.000000
3.781917 0.176326 30.000000 0.000000
3.801927 0.153195 30.000000 0.000000
3.821938 0.177677 30.000000 0.000000
3.841948 0.173043 30.000000 0.000000
3.861958 0.164620 30.000000 0.000000
3.881968 0.176832 30.000000 0.000000
3.901978 0.153671 30.000000 0.000000
3.921988 0.176049 30.000000 0.000000
3.941998 0.177754 30.000000 0.000000
3.962009 0.157240 30.000000 0.000000
3.982019 0.178651 30.000000 0.000000
4.002029 0.163551 30.000000 0.000000
4.022039 0.174421 30.000000 0.000000
4.042049 0.179391 30.000000 0.000000
4.062059 0.155255 30.000000 0.000000
4.082069 0.178523 30.000000 0.000000
4.102080 0.174228 30.000000 0.000000
4.122090 0.167589 30.000000 0.000000
4.142100 0.179744 30.000000 0.000000
4.162110 0.157282 30.000000 0.000000
4.182120 0.181087 30.000000 0.000000
4.202130 0.180345 30.000000 0.000000
4.222140 0.158986 30.000000 0.000000
4.242151 0.179054 30.000000 0.000000
4.262161 0.165834 30.000000 0.000000
4.282171 0.177814 30.000000 0.000000
4.302181 0.184983 30.000000 0.000000
4.322191 0.158183 30.000000 0.000000
4.342201 0.178504 30.000000 0.000000
4.362211 0.174912 30.000000 0.000000
4.382222 0.167626 30.000000 0.000000
4.402232 0.182065 30.000000 0.000000
4.422242 0.160052 30.000000 0.000000
4.442252 0.182693 30.000000 0.000000
4.462262 0.181463 30.000000 0.000000
4.482272 0.160000 30.000000 0.000000
4.502282 0.179383 30.000000 0.000000
4.522293 0.168556 30.000000 0.000000
4.542303 0.177454 30.000000 0.000000
4.562313 0.181316 30.000000 0.000000
4.582323 0.156560 30.000000 0.000000
4.602333 0.180686 30.000000 0.000000
4.622343 0.178672 30.000000 0.000000
4.642353 0.170186 30.000000 0.000000
4.662364 0.184142 30.000000 0.000000
4.682374 0.162927 30.000000 0.000000
4.702384 0.182624 30.000000 0.000000
4.722394 0.180713 30.000000 0.000000
4.742404 0.162508 30.000000 0.000000
4.762414 0.181637 30.000000 0.000000
4.782424 0.172226 30.000000 0.000000
4.802435 0.177164 30.000000 0.000000
4.822445 0.181433 30.000000 0.000000
4.842455 0.161359 30.000000 0.000000
4.862465 0.182670 30.000000 0.000000
4.882475 0.182899 30.000000 0.000000
4.902485 0.172268 30.000000 0.000000
4.922495 0.181943 30.000000 0.000000
4.942506 0.164807 30.000000 0.000000
4.962516 0.182793 30.000000 0.000000
4.982526 0.184244 30.000000 0.000000
5.002536 0.169058 30.000000 0.000000
5.022546 0.184680 30.000000 0.000000
5.042556 0.176398 30.000000 0.000000
5.062567 0.178962 30.000000 0.000000
5.082577 0.183665 30.000000 0.000000
5.102587 0.165796 30.000000 0.000000
5.122597 0.183300 30.000000 0.000000
5.142607 0.182443 30.000000 0.000000
5.162617 0.171544 30.000000 0.000000
5.182627 0.181418 30.000000 0.000000
5.202638 0.170306 30.000000 0.000000
5.222648 0.184674 30.000000 0.000000
5.242658 0.185791 30.000000 0.000000
5.262668 0.172001 30.000000 0.000000
5.282678 0.183018 30.000000 0.000000
5.302688 0.176849 30.000000 0.000000
5.322698 0.179248 30.000000 0.000000
5.342709 0.183306 30.000000 0.000000
5.362719 0.169610 30.000000 0.000000
5.382729 0.181340 30.000000 0.000000
5.402739 0.180412 30.000000 0.000000
5.422749 0.175308 30.000000 0.000000
5.442759 0.185585 30.000000 0.000000
5.462769 0.177375 30.000000 0.000000
5.482780 0.185913 30.000000 0.000000
5.502790 0.185024 30.000000 0.000000
5.522800 0.174510 30.000000 0.000000
5.542810 0.184508 30.000000 0.000000
5.562820 0.180605 30.000000 0.000000
5.582830 0.182599 30.000000 0.000000
5.602840 0.184611 30.000000 0.000000
5.622851 0.174079 30.000000 0.000000
5.642861 0.184980 30.000000 0.000000
5.662871 0.185475 30.000000 0.000000
5.682881 0.182423 30.000000 0.000000
5.702891 0.187901 30.000000 0.000000
5.722901 0.177991 30.000000 0.000000
5.742911 0.186606 30.000000 0.000000
5.762922 0.184540 30.000000 0.000000
5.782932 0.181428 30.000000 0.000000
5.802942 0.189540 30.000000 0.000000
5.822952 0.185835 30.000000 0.000000
5.842962 0.187173 30.000000 0.000000
5.862972 0.185803 30.000000 0.000000
5.882982 0.177812 30.000000 0.000000
5.902993 0.186104 30.000000 0.000000
5.923003 0.186239 30.000000 0.000000
5.943013 0.184322 30.000000 0.000000
5.963023 0.186625 30.000000 0.000000
5.983033 0.179434 30.000000 0.000000
6.003043 0.187046 30.000000 0.000000
6.023053 0.187920 30.000000 0.000000
6.043064 0.185589 30.000000 0.000000
6.063074 0.189691 30.000000 0.000000
6.083084 0.187502 30.000000 0.000000
6.103094 0.189632 30.000000 0.000000
6.123104 0.188976 30.000000 0.000000
6.143114 0.184559 30.000000 0.000000
6.163124 0.190557 30.000000 0.000000
6.183135 0.188673 30.000000 0.000000
6.203145 0.188012 30.000000 0.000000
6.223155 0.190288 30.000000 0.000000
6.243165 0.183797 30.000000 0.000000
6.263175 0.192015 30.000000 0.000000
