serial number: JANUSZ_3_RI70_21414876
torque: 8.0
start_temp: 31 (32)
finish_temp: 31 (32)
note: testy arka
0.000000 nan
0.021014 0.223642
0.042028 0.224243
0.063042 0.223915
0.084056 0.223593
0.105070 0.228428
0.126084 0.225115
0.147098 0.226149
0.168112 0.225091
0.189126 0.225578
0.210140 0.229193
0.231154 0.225140
0.252168 0.226588
0.273182 0.224154
0.294196 0.224575
0.315210 0.228857
0.336224 0.226492
0.357238 0.227797
0.378252 0.225063
0.399266 0.226310
0.420280 0.229454
0.441294 0.226099
0.462308 0.228334
0.483322 0.225263
0.504336 0.225672
0.525350 0.228684
0.546364 0.226712
0.567378 0.228627
0.588392 0.224992
0.609406 0.225656
0.630420 0.229486
0.651434 0.227968
0.672448 0.229525
0.693462 0.223422
0.714476 0.224569
0.735490 0.227464
0.756504 0.226752
0.777518 0.229206
0.798532 0.222743
0.819546 0.223871
0.840560 0.227851
0.861574 0.228835
0.882588 0.231689
0.903602 0.225438
0.924616 0.225246
0.945630 0.226623
0.966644 0.227977
0.987658 0.230894
1.008672 0.224269
1.029686 0.226149
1.050700 0.228553
1.071714 0.228773
1.092728 0.230955
1.113742 0.225283
1.134756 0.226642
1.155770 0.225813
1.176784 0.226703
1.197798 0.230929
1.218812 0.226286
1.239826 0.227849
1.260840 0.225389
1.281854 0.225712
1.302868 0.229561
1.323882 0.224965
1.344896 0.228714
1.365910 0.226015
1.386924 0.225972
1.407938 0.229135
1.428952 0.225033
1.449966 0.227946
1.470980 0.223744
1.491994 0.223215
1.513008 0.226854
1.534022 0.224750
1.555036 0.228471
1.576050 0.224035
1.597064 0.224836
1.618078 0.228579
1.639092 0.226163
1.660106 0.230124
1.681120 0.227436
1.702134 0.227270
1.723148 0.228807
1.744162 0.225775
1.765176 0.230284
1.786190 0.225638
1.807204 0.225704
1.828218 0.227518
1.849232 0.226214
1.870246 0.229804
1.891260 0.226577
1.912274 0.227826
1.933288 0.228616
1.954302 0.226774
1.975316 0.231840
1.996330 0.228615
2.017344 0.230387
2.038358 0.229649
2.059372 0.227178
2.080386 0.231680
2.101400 0.228009
2.122414 0.231221
2.143428 0.230656
2.164442 0.228705
2.185456 0.233152
2.206470 0.229252
2.227484 0.232165
2.248498 0.230014
2.269512 0.228343
2.290526 0.232853
2.311540 0.229571
2.332554 0.232476
2.353568 0.229736
2.374582 0.228274
2.395596 0.232898
2.416610 0.230459
2.437624 0.233798
2.458638 0.230654
2.479652 0.229556
2.500666 0.232582
2.521680 0.231597
2.542694 0.235586
2.563708 0.231711
2.584722 0.230435
2.605736 0.232855
2.626750 0.230639
2.647764 0.233906
2.668778 0.230112
2.689792 0.228648
2.710806 0.230865
2.731820 0.228658
2.752834 0.231852
2.773848 0.229022
2.794862 0.228530
2.815876 0.229509
2.836890 0.228281
2.857904 0.232482
2.878918 0.228561
2.899932 0.228817
2.920946 0.229567
2.941960 0.228476
2.962974 0.231735
2.983988 0.227540
3.005002 0.225902
3.026016 0.224394
3.047030 0.223797
3.068044 0.228189
3.089058 0.226198
3.110072 0.226810
3.131086 0.225025
3.152100 0.224323
3.173114 0.228324
3.194128 0.227540
3.215142 0.227007
3.236156 0.224056
3.257170 0.222376
3.278184 0.226449
3.299198 0.225290
3.320212 0.225920
3.341226 0.222566
3.362240 0.220109
3.383254 0.223685
3.404268 0.224721
3.425282 0.224177
3.446296 0.220641
3.467310 0.219625
3.488324 0.222195
3.509338 0.223584
3.530352 0.224796
3.551366 0.221269
3.572380 0.219863
3.593394 0.222233
3.614408 0.222585
3.635422 0.223962
3.656436 0.220074
3.677450 0.218419
3.698464 0.219461
3.719478 0.221085
3.740492 0.223532
3.761506 0.221236
3.782520 0.219628
3.803534 0.219240
3.824548 0.219933
3.845562 0.222073
3.866576 0.220656
3.887590 0.220373
3.908604 0.220985
3.929618 0.220214
3.950632 0.222583
3.971646 0.221609
3.992660 0.221073
4.013674 0.218622
4.034688 0.217713
4.055702 0.219943
4.076716 0.222117
4.097730 0.223520
4.118744 0.222142
4.139758 0.219577
4.160772 0.221244
4.181786 0.221313
4.202800 0.221606
4.223814 0.220759
4.244828 0.219847
4.265842 0.220833
4.286856 0.221024
4.307870 0.221803
4.328884 0.221124
4.349898 0.222826
4.370912 0.225021
4.391926 0.224423
4.412940 0.226074
4.433954 0.224474
4.454968 0.225682
4.475982 0.226003
4.496996 0.226060
4.518010 0.228426
4.539023 0.226531
4.560037 0.226864
4.581051 0.226762
4.602065 0.228118
4.623079 0.230944
4.644093 0.229684
4.665107 0.232178
4.686121 0.231691
4.707135 0.230891
4.728149 0.230852
4.749163 0.229846
4.770177 0.232041
4.791191 0.229239
4.812205 0.227874
4.833219 0.227922
4.854233 0.225488
4.875247 0.227918
4.896261 0.227326
4.917275 0.228961
4.938289 0.230100
4.959303 0.228519
4.980317 0.231328
5.001331 0.228628
5.022345 0.229090
5.043359 0.228883
5.064373 0.227642
5.085387 0.230476
5.106401 0.228052
5.127415 0.228269
5.148429 0.227946
5.169443 0.227258
5.190457 0.229655
5.211471 0.225290
5.232485 0.226356
5.253499 0.226531
5.274513 0.225833
5.295527 0.227298
5.316541 0.224310
5.337555 0.225846
5.358569 0.225182
5.379583 0.224579
5.400597 0.226042
5.421611 0.222836
5.442625 0.223818
5.463639 0.223781
5.484653 0.224032
5.505667 0.226047
5.526681 0.223594
5.547695 0.225785
5.568709 0.223072
5.589723 0.224376
5.610737 0.228196
5.631751 0.226364
5.652765 0.227953
5.673779 0.223511
5.694793 0.223321
5.715807 0.227237
5.736821 0.226593
5.757835 0.229171
5.778849 0.222759
5.799863 0.222744
5.820877 0.226606
5.841891 0.226824
5.862905 0.228869
5.883919 0.223201
5.904933 0.222598
5.925947 0.225407
5.946961 0.226492
5.967975 0.230068
5.988989 0.223541
6.010003 0.224290
6.031017 0.226737
6.052031 0.225144
6.073045 0.228121
6.094059 0.221659
6.115073 0.222529
6.136087 0.224362
6.157101 0.225159
6.178115 0.228656
6.199129 0.223892
6.220143 0.224986
6.241157 0.225787
6.262171 0.225423
6.283185 0.229065
