serial number: JANUSZ_3_RI70_21414876
torque: 8
start_temp: 30 (32)
finish_temp: 30 (31)
note: zdjęty z robota, ponowny montaż, joint 4, montaż TK
0.000000 0.211031 30.000000 0.000000
0.020010 0.207413 30.000000 0.000000
0.040020 0.206314 30.000000 0.000000
0.060030 0.206446 30.000000 0.000000
0.080041 0.199633 30.000000 0.000000
0.100051 0.211634 30.000000 0.000000
0.120061 0.207561 30.000000 0.000000
0.140071 0.203060 30.000000 0.000000
0.160081 0.211320 30.000000 0.000000
0.180091 0.207150 30.000000 0.000000
0.200101 0.212304 30.000000 0.000000
0.220112 0.211326 30.000000 0.000000
0.240122 0.203080 30.000000 0.000000
0.260132 0.214312 30.000000 0.000000
0.280142 0.208041 30.000000 0.000000
0.300152 0.204861 30.000000 0.000000
0.320162 0.206823 30.000000 0.000000
0.340172 0.202218 30.000000 0.000000
0.360183 0.213887 30.000000 0.000000
0.380193 0.207179 30.000000 0.000000
0.400203 0.201602 30.000000 0.000000
0.420213 0.206803 30.000000 0.000000
0.440223 0.205422 30.000000 0.000000
0.460233 0.212888 30.000000 0.000000
0.480243 0.208108 30.000000 0.000000
0.500254 0.199886 30.000000 0.000000
0.520264 0.208216 30.000000 0.000000
0.540274 0.204529 30.000000 0.000000
0.560284 0.207175 30.000000 0.000000
0.580294 0.207063 30.000000 0.000000
0.600304 0.202005 30.000000 0.000000
0.620314 0.212655 30.000000 0.000000
0.640325 0.207814 30.000000 0.000000
0.660335 0.201889 30.000000 0.000000
0.680345 0.206455 30.000000 0.000000
0.700355 0.205916 30.000000 0.000000
0.720365 0.214178 30.000000 0.000000
0.740375 0.207405 30.000000 0.000000
0.760385 0.198055 30.000000 0.000000
0.780396 0.207666 30.000000 0.000000
0.800406 0.207917 30.000000 0.000000
0.820416 0.209953 30.000000 0.000000
0.840426 0.207402 30.000000 0.000000
0.860436 0.199817 30.000000 0.000000
0.880446 0.210191 30.000000 0.000000
0.900456 0.206351 30.000000 0.000000
0.920467 0.203484 30.000000 0.000000
0.940477 0.208304 30.000000 0.000000
0.960487 0.207974 30.000000 0.000000
0.980497 0.214204 30.000000 0.000000
1.000507 0.205463 30.000000 0.000000
1.020517 0.197785 30.000000 0.000000
1.040528 0.208123 30.000000 0.000000
1.060538 0.212497 30.000000 0.000000
1.080548 0.212558 30.000000 0.000000
1.100558 0.209947 30.000000 0.000000
1.120568 0.203772 30.000000 0.000000
1.140578 0.212589 30.000000 0.000000
1.160588 0.211445 30.000000 0.000000
1.180599 0.205544 30.000000 0.000000
1.200609 0.208983 30.000000 0.000000
1.220619 0.206328 30.000000 0.000000
1.240629 0.212035 30.000000 0.000000
1.260639 0.205768 30.000000 0.000000
1.280649 0.198822 30.000000 0.000000
1.300659 0.209898 30.000000 0.000000
1.320670 0.211225 30.000000 0.000000
1.340680 0.207899 30.000000 0.000000
1.360690 0.204673 30.000000 0.000000
1.380700 0.200403 30.000000 0.000000
1.400710 0.208840 30.000000 0.000000
1.420720 0.208660 30.000000 0.000000
1.440730 0.202452 30.000000 0.000000
1.460741 0.205595 30.000000 0.000000
1.480751 0.204994 30.000000 0.000000
1.500761 0.212367 30.000000 0.000000
1.520771 0.209268 30.000000 0.000000
1.540781 0.205153 30.000000 0.000000
1.560791 0.212596 30.000000 0.000000
1.580801 0.214207 30.000000 0.000000
1.600812 0.208461 30.000000 0.000000
1.620822 0.209294 30.000000 0.000000
1.640832 0.203470 30.000000 0.000000
1.660842 0.213593 30.000000 0.000000
1.680852 0.213645 30.000000 0.000000
1.700862 0.204495 30.000000 0.000000
1.720872 0.207379 30.000000 0.000000
1.740883 0.205426 30.000000 0.000000
1.760893 0.212211 30.000000 0.000000
1.780903 0.208114 30.000000 0.000000
1.800913 0.200240 30.000000 0.000000
1.820923 0.208441 30.000000 0.000000
1.840933 0.211130 30.000000 0.000000
1.860943 0.208291 30.000000 0.000000
1.880954 0.207838 30.000000 0.000000
1.900964 0.202260 30.000000 0.000000
1.920974 0.209220 30.000000 0.000000
1.940984 0.210573 30.000000 0.000000
1.960994 0.201511 30.000000 0.000000
1.981004 0.205461 30.000000 0.000000
2.001014 0.206371 30.000000 0.000000
2.021025 0.211626 30.000000 0.000000
2.041035 0.208008 30.000000 0.000000
2.061045 0.199655 30.000000 0.000000
2.081055 0.207867 30.000000 0.000000
2.101065 0.212928 30.000000 0.000000
2.121075 0.208610 30.000000 0.000000
2.141085 0.208098 30.000000 0.000000
2.161096 0.199344 30.000000 0.000000
2.181106 0.206268 30.000000 0.000000
2.201116 0.206447 30.000000 0.000000
2.221126 0.198665 30.000000 0.000000
2.241136 0.204093 30.000000 0.000000
2.261146 0.200340 30.000000 0.000000
2.281156 0.204112 30.000000 0.000000
2.301167 0.202069 30.000000 0.000000
2.321177 0.195798 30.000000 0.000000
2.341187 0.201142 30.000000 0.000000
2.361197 0.202770 30.000000 0.000000
2.381207 0.198830 30.000000 0.000000
2.401217 0.197961 30.000000 0.000000
2.421227 0.191292 30.000000 0.000000
2.441238 0.199379 30.000000 0.000000
2.461248 0.203168 30.000000 0.000000
2.481258 0.195808 30.000000 0.000000
2.501268 0.199014 30.000000 0.000000
2.521278 0.191643 30.000000 0.000000
2.541288 0.195863 30.000000 0.000000
2.561298 0.198143 30.000000 0.000000
2.581309 0.189965 30.000000 0.000000
2.601319 0.197598 30.000000 0.000000
2.621329 0.197108 30.000000 0.000000
2.641339 0.194536 30.000000 0.000000
2.661349 0.196111 30.000000 0.000000
2.681359 0.186417 30.000000 0.000000
2.701369 0.195748 30.000000 0.000000
2.721380 0.197188 30.000000 0.000000
2.741390 0.187749 30.000000 0.000000
2.761400 0.192935 30.000000 0.000000
2.781410 0.185946 30.000000 0.000000
2.801420 0.192294 30.000000 0.000000
2.821430 0.193141 30.000000 0.000000
2.841440 0.183304 30.000000 0.000000
2.861451 0.190605 30.000000 0.000000
2.881461 0.187423 30.000000 0.000000
2.901471 0.187489 30.000000 0.000000
2.921481 0.192804 30.000000 0.000000
2.941491 0.180740 30.000000 0.000000
2.961501 0.188487 30.000000 0.000000
2.981511 0.189094 30.000000 0.000000
3.001522 0.182391 30.000000 0.000000
3.021532 0.190795 30.000000 0.000000
3.041542 0.181940 30.000000 0.000000
3.061552 0.188437 30.000000 0.000000
3.081562 0.189223 30.000000 0.000000
3.101572 0.178463 30.000000 0.000000
3.121583 0.187217 30.000000 0.000000
3.141593 0.186012 30.000000 0.000000
3.161603 0.187786 30.000000 0.000000
3.181613 0.190400 30.000000 0.000000
3.201623 0.175926 30.000000 0.000000
3.221633 0.185443 30.000000 0.000000
3.241643 0.186570 30.000000 0.000000
3.261654 0.183214 30.000000 0.000000
3.281664 0.189848 30.000000 0.000000
3.301674 0.177988 30.000000 0.000000
3.321684 0.187885 30.000000 0.000000
3.341694 0.188208 30.000000 0.000000
3.361704 0.178457 30.000000 0.000000
3.381714 0.186300 30.000000 0.000000
3.401725 0.182545 30.000000 0.000000
3.421735 0.187050 30.000000 0.000000
3.441745 0.188951 30.000000 0.000000
3.461755 0.175364 30.000000 0.000000
3.481765 0.186089 30.000000 0.000000
3.501775 0.190896 30.000000 0.000000
3.521785 0.186493 30.000000 0.000000
3.541796 0.192008 30.000000 0.000000
3.561806 0.180230 30.000000 0.000000
3.581816 0.190829 30.000000 0.000000
3.601826 0.193537 30.000000 0.000000
3.621836 0.183779 30.000000 0.000000
3.641846 0.193011 30.000000 0.000000
3.661856 0.187781 30.000000 0.000000
3.681867 0.190920 30.000000 0.000000
3.701877 0.193531 30.000000 0.000000
3.721887 0.178683 30.000000 0.000000
3.741897 0.192559 30.000000 0.000000
3.761907 0.193192 30.000000 0.000000
3.781917 0.188683 30.000000 0.000000
3.801927 0.193151 30.000000 0.000000
3.821938 0.180409 30.000000 0.000000
3.841948 0.193472 30.000000 0.000000
3.861958 0.195955 30.000000 0.000000
3.881968 0.185775 30.000000 0.000000
3.901978 0.193372 30.000000 0.000000
3.921988 0.187283 30.000000 0.000000
3.941998 0.195122 30.000000 0.000000
3.962009 0.197794 30.000000 0.000000
3.982019 0.184900 30.000000 0.000000
4.002029 0.197847 30.000000 0.000000
4.022039 0.197041 30.000000 0.000000
4.042049 0.194159 30.000000 0.000000
4.062059 0.198216 30.000000 0.000000
4.082069 0.184772 30.000000 0.000000
4.102080 0.200146 30.000000 0.000000
4.122090 0.199741 30.000000 0.000000
4.142100 0.188341 30.000000 0.000000
4.162110 0.197856 30.000000 0.000000
4.182120 0.191774 30.000000 0.000000
4.202130 0.201339 30.000000 0.000000
4.222140 0.201215 30.000000 0.000000
4.242151 0.184768 30.000000 0.000000
4.262161 0.198456 30.000000 0.000000
4.282171 0.197653 30.000000 0.000000
4.302181 0.196655 30.000000 0.000000
4.322191 0.198516 30.000000 0.000000
4.342201 0.186424 30.000000 0.000000
4.362211 0.200976 30.000000 0.000000
4.382222 0.198411 30.000000 0.000000
4.402232 0.189636 30.000000 0.000000
4.422242 0.199480 30.000000 0.000000
4.442252 0.193252 30.000000 0.000000
4.462262 0.205399 30.000000 0.000000
4.482272 0.202371 30.000000 0.000000
4.502282 0.188109 30.000000 0.000000
4.522293 0.202352 30.000000 0.000000
4.542303 0.200166 30.000000 0.000000
4.562313 0.199919 30.000000 0.000000
4.582323 0.200347 30.000000 0.000000
4.602333 0.186202 30.000000 0.000000
4.622343 0.203211 30.000000 0.000000
4.642353 0.200937 30.000000 0.000000
4.662364 0.193672 30.000000 0.000000
4.682374 0.201846 30.000000 0.000000
4.702384 0.191205 30.000000 0.000000
4.722394 0.203699 30.000000 0.000000
4.742404 0.199814 30.000000 0.000000
4.762414 0.190108 30.000000 0.000000
4.782424 0.202203 30.000000 0.000000
4.802435 0.195211 30.000000 0.000000
4.822445 0.196990 30.000000 0.000000
4.842455 0.196338 30.000000 0.000000
4.862465 0.185765 30.000000 0.000000
4.882475 0.203104 30.000000 0.000000
4.902485 0.200573 30.000000 0.000000
4.922495 0.195230 30.000000 0.000000
4.942506 0.204360 30.000000 0.000000
4.962516 0.193246 30.000000 0.000000
4.982526 0.206578 30.000000 0.000000
5.002536 0.201555 30.000000 0.000000
5.022546 0.189740 30.000000 0.000000
5.042556 0.202601 30.000000 0.000000
5.062567 0.195427 30.000000 0.000000
5.082577 0.199997 30.000000 0.000000
5.102587 0.200179 30.000000 0.000000
5.122597 0.185476 30.000000 0.000000
5.142607 0.203137 30.000000 0.000000
5.162617 0.197355 30.000000 0.000000
5.182627 0.191818 30.000000 0.000000
5.202638 0.198192 30.000000 0.000000
5.222648 0.188665 30.000000 0.000000
5.242658 0.204255 30.000000 0.000000
5.262668 0.196421 30.000000 0.000000
5.282678 0.186380 30.000000 0.000000
5.302688 0.198899 30.000000 0.000000
5.322698 0.193222 30.000000 0.000000
5.342709 0.200172 30.000000 0.000000
5.362719 0.200020 30.000000 0.000000
5.382729 0.187206 30.000000 0.000000
5.402739 0.204213 30.000000 0.000000
5.422749 0.197766 30.000000 0.000000
5.442759 0.195434 30.000000 0.000000
5.462769 0.201699 30.000000 0.000000
5.482780 0.188968 30.000000 0.000000
5.502790 0.204631 30.000000 0.000000
5.522800 0.197095 30.000000 0.000000
5.542810 0.189566 30.000000 0.000000
5.562820 0.201358 30.000000 0.000000
5.582830 0.194368 30.000000 0.000000
5.602840 0.204059 30.000000 0.000000
5.622851 0.201253 30.000000 0.000000
5.642861 0.188314 30.000000 0.000000
5.662871 0.203423 30.000000 0.000000
5.682881 0.199637 30.000000 0.000000
5.702891 0.201035 30.000000 0.000000
5.722901 0.202490 30.000000 0.000000
5.742911 0.189320 30.000000 0.000000
5.762922 0.205263 30.000000 0.000000
5.782932 0.201054 30.000000 0.000000
5.802942 0.196038 30.000000 0.000000
5.822952 0.204518 30.000000 0.000000
5.842962 0.196955 30.000000 0.000000
5.862972 0.206373 30.000000 0.000000
5.882982 0.203011 30.000000 0.000000
5.902993 0.192632 30.000000 0.000000
5.923003 0.207295 30.000000 0.000000
5.943013 0.204769 30.000000 0.000000
5.963023 0.206014 30.000000 0.000000
5.983033 0.207372 30.000000 0.000000
6.003043 0.195377 30.000000 0.000000
6.023053 0.210167 30.000000 0.000000
6.043064 0.206004 30.000000 0.000000
6.063074 0.202073 30.000000 0.000000
6.083084 0.208355 30.000000 0.000000
6.103094 0.199367 30.000000 0.000000
6.123104 0.209961 30.000000 0.000000
6.143114 0.205764 30.000000 0.000000
6.163124 0.198810 30.000000 0.000000
6.183135 0.209322 30.000000 0.000000
6.203145 0.203948 30.000000 0.000000
6.223155 0.206928 30.000000 0.000000
6.243165 0.205779 30.000000 0.000000
6.263175 0.197535 30.000000 0.000000
