serial number: JANUSZ_3_RI70_21414876
torque: 8.0
start_temp: 30 (32)
finish_temp: 30 (31)
note: testy tomka
0.000000 nan
0.021014 0.235721
0.042028 0.234972
0.063042 0.234966
0.084056 0.235575
0.105070 0.238278
0.126084 0.235564
0.147098 0.234305
0.168112 0.235135
0.189126 0.235597
0.210140 0.238737
0.231154 0.237500
0.252168 0.236510
0.273182 0.236433
0.294196 0.236267
0.315210 0.238579
0.336224 0.236288
0.357238 0.234698
0.378252 0.234385
0.399266 0.235907
0.420280 0.238531
0.441294 0.237409
0.462308 0.237271
0.483322 0.235445
0.504336 0.234186
0.525350 0.237456
0.546364 0.236471
0.567378 0.236203
0.588392 0.234679
0.609406 0.234699
0.630420 0.238923
0.651434 0.238974
0.672448 0.240593
0.693462 0.238190
0.714476 0.236638
0.735490 0.239937
0.756504 0.240536
0.777518 0.240886
0.798532 0.237520
0.819546 0.237501
0.840560 0.240636
0.861574 0.242370
0.882588 0.242679
0.903602 0.239684
0.924616 0.238075
0.945630 0.239163
0.966644 0.239239
0.987658 0.239892
1.008672 0.235981
1.029686 0.234894
1.050700 0.237986
1.071714 0.239272
1.092728 0.242014
1.113742 0.239629
1.134756 0.238763
1.155770 0.240606
1.176784 0.240024
1.197798 0.241320
1.218812 0.239037
1.239826 0.238492
1.260840 0.237801
1.281854 0.235964
1.302868 0.237805
1.323882 0.236386
1.344896 0.235901
1.365910 0.234802
1.386924 0.233974
1.407938 0.236909
1.428952 0.237213
1.449966 0.238968
1.470980 0.237449
1.491994 0.235291
1.513008 0.238928
1.534022 0.238648
1.555036 0.239921
1.576050 0.239298
1.597064 0.237374
1.618078 0.240923
1.639092 0.239756
1.660106 0.241339
1.681120 0.240150
1.702134 0.237532
1.723148 0.238872
1.744162 0.237537
1.765176 0.239663
1.786190 0.238482
1.807204 0.237054
1.828218 0.237813
1.849232 0.237620
1.870246 0.240518
1.891260 0.239833
1.912274 0.238867
1.933288 0.239462
1.954302 0.236995
1.975316 0.240021
1.996330 0.239048
2.017344 0.238008
2.038358 0.238607
2.059372 0.236400
2.080386 0.239966
2.101400 0.239711
2.122414 0.239784
2.143428 0.239865
2.164442 0.237896
2.185456 0.241196
2.206470 0.240376
2.227484 0.241318
2.248498 0.240779
2.269512 0.237797
2.290526 0.241099
2.311540 0.240910
2.332554 0.240827
2.353568 0.240493
2.374582 0.239195
2.395596 0.242475
2.416610 0.242230
2.437624 0.243045
2.458638 0.242357
2.479652 0.239760
2.500666 0.242943
2.521680 0.241782
2.542694 0.243098
2.563708 0.242028
2.584722 0.240012
2.605736 0.243075
2.626750 0.243053
2.647764 0.243982
2.668778 0.242819
2.689792 0.239923
2.710806 0.243903
2.731820 0.243123
2.752834 0.243851
2.773848 0.242531
2.794862 0.239666
2.815876 0.242852
2.836890 0.241354
2.857904 0.241863
2.878918 0.240724
2.899932 0.238149
2.920946 0.240615
2.941960 0.241041
2.962974 0.241948
2.983988 0.240562
3.005002 0.237922
3.026016 0.239003
3.047030 0.237109
3.068044 0.239224
3.089058 0.238935
3.110072 0.236479
3.131086 0.236325
3.152100 0.234546
3.173114 0.237517
3.194128 0.237566
3.215142 0.235339
3.236156 0.235493
3.257170 0.232726
3.278184 0.235657
3.299198 0.236467
3.320212 0.233609
3.341226 0.233183
3.362240 0.230580
3.383254 0.234543
3.404268 0.236601
3.425282 0.234024
3.446296 0.232518
3.467310 0.230203
3.488324 0.234604
3.509338 0.235487
3.530352 0.234101
3.551366 0.232425
3.572380 0.229208
3.593394 0.233116
3.614408 0.234528
3.635422 0.234887
3.656436 0.233482
3.677450 0.228295
3.698464 0.232236
3.719478 0.234776
3.740492 0.235484
3.761506 0.234864
3.782520 0.230203
3.803534 0.231418
3.824548 0.232212
3.845562 0.232616
3.866576 0.233384
3.887590 0.229068
3.908604 0.229744
3.929618 0.229492
3.950632 0.231367
3.971646 0.232940
3.992660 0.230819
4.013674 0.232196
4.034688 0.229773
4.055702 0.231746
4.076716 0.234078
4.097730 0.232553
4.118744 0.234005
4.139758 0.231547
4.160772 0.234060
4.181786 0.236345
4.202800 0.236094
4.223814 0.237449
4.244828 0.235071
4.265842 0.236344
4.286856 0.238537
4.307870 0.236287
4.328884 0.237129
4.349898 0.235390
4.370912 0.235367
4.391926 0.236348
4.412940 0.235415
4.433954 0.236294
4.454968 0.236620
4.475982 0.237854
4.496996 0.237866
4.518010 0.237869
4.539023 0.239351
4.560037 0.238863
4.581051 0.239665
4.602065 0.237860
4.623079 0.236488
4.644093 0.237089
4.665107 0.236985
4.686121 0.238458
4.707135 0.239324
4.728149 0.239476
4.749163 0.240698
4.770177 0.239975
4.791191 0.239342
4.812205 0.240154
4.833219 0.239781
4.854233 0.239175
4.875247 0.239619
4.896261 0.239173
4.917275 0.239430
4.938289 0.238796
4.959303 0.238267
4.980317 0.238795
5.001331 0.238019
5.022345 0.237167
5.043359 0.238276
5.064373 0.238811
5.085387 0.239239
5.106401 0.237836
5.127415 0.237607
5.148429 0.239571
5.169443 0.241025
5.190457 0.241048
5.211471 0.239565
5.232485 0.238338
5.253499 0.238134
5.274513 0.239624
5.295527 0.239196
5.316541 0.237189
5.337555 0.235631
5.358569 0.234709
5.379583 0.236068
5.400597 0.237694
5.421611 0.237253
5.442625 0.236204
5.463639 0.235163
5.484653 0.235830
5.505667 0.237264
5.526681 0.236799
5.547695 0.235905
5.568709 0.234416
5.589723 0.233898
5.610737 0.235566
5.631751 0.236821
5.652765 0.235404
5.673779 0.232172
5.694793 0.232711
5.715807 0.235753
5.736821 0.236955
5.757835 0.235733
5.778849 0.232163
5.799863 0.232517
5.820877 0.234523
5.841891 0.236281
5.862905 0.236432
5.883919 0.231876
5.904933 0.230278
5.925947 0.233220
5.946961 0.235167
5.967975 0.236605
5.988989 0.233831
6.010003 0.232503
6.031017 0.234783
6.052031 0.237228
6.073045 0.238968
6.094059 0.235917
6.115073 0.233368
6.136087 0.235355
6.157101 0.237190
6.178115 0.238548
6.199129 0.235676
6.220143 0.234484
6.241157 0.235647
6.262171 0.236651
6.283185 0.239023
