serial number: RI70_21217412
torque: 8
start_temp: 25 (26)
finish_temp: 25 (26)
note: po poprawkach z flansza
0.000000 0.499953 25.066139 7946.009901
0.020010 0.497826 25.091282 7257.158974
0.040020 0.501586 25.047839 7686.150754
0.060030 0.497421 25.075152 7994.939394
0.080041 0.498926 25.057843 7723.441176
0.100051 0.502161 25.095510 6783.209184
0.120061 0.498880 25.086990 7682.131068
0.140071 0.502356 25.068259 7987.756219
0.160081 0.498640 25.059200 8026.650000
0.180091 0.500078 25.070400 7477.475000
0.200101 0.504410 25.065979 8165.912371
0.220112 0.500012 25.076059 7747.093596
0.240122 0.502591 25.072000 8024.400000
0.260132 0.501995 25.068744 7254.859296
0.280142 0.500186 25.053800 7498.450000
0.300152 0.504060 25.050256 7104.287179
0.320162 0.500196 25.062538 7442.944162
0.340172 0.501382 25.084776 8214.671642
0.360183 0.504203 25.095721 7787.069652
0.380193 0.500707 25.075423 7396.139303
0.400203 0.504352 25.083282 8078.774359
0.420213 0.500534 25.080796 7340.228856
0.440223 0.501616 25.089353 7602.721393
0.460233 0.504410 25.079015 7981.512315
0.480243 0.499869 25.081837 7662.969388
0.500254 0.502183 25.132857 7477.617347
0.520264 0.501535 25.104854 8067.310680
0.540274 0.500683 25.063366 7702.589109
0.560284 0.504235 25.058462 7604.620513
0.580294 0.500785 25.063719 7470.788945
0.600304 0.502450 25.066533 7925.497487
0.620314 0.504520 25.057200 7737.845000
0.640325 0.501855 25.057980 7491.419192
0.660335 0.505062 25.083417 8247.934673
0.680345 0.502464 25.084646 7556.358586
0.700355 0.503740 25.067200 8507.000000
0.720365 0.506165 25.086030 7611.080402
0.740375 0.501913 25.110576 7789.675393
0.760385 0.504594 25.099707 8182.326829
0.780396 0.503713 25.047590 8116.615385
0.800406 0.503445 25.051034 8137.625616
0.820416 0.507108 25.110254 8563.203046
0.840426 0.503837 25.101443 7759.221649
0.860436 0.505294 25.090297 7276.544554
0.880446 0.507279 25.075714 7495.357143
0.900456 0.504724 25.061523 7828.441624
0.920467 0.508895 25.074490 7794.204082
0.940477 0.505803 25.064205 7126.138462
0.960487 0.507313 25.094000 7702.425000
0.980497 0.509291 25.077811 7945.751244
1.000507 0.505841 25.071313 7794.601010
1.020517 0.509396 25.083770 7423.790576
1.040528 0.507963 25.078776 7977.530612
1.060538 0.507314 25.099592 7127.071429
1.080548 0.510941 25.102312 7241.432161
1.100558 0.507528 25.078974 7602.446154
1.120568 0.508686 25.079798 7861.696970
1.140578 0.510368 25.087551 8672.255102
1.160588 0.508234 25.091168 8527.756345
1.180599 0.512552 25.091546 7968.603093
1.200609 0.509226 25.060711 7576.822335
1.220619 0.511183 25.079171 7987.253886
1.240629 0.513454 25.095179 7248.220513
1.260639 0.510074 25.077374 7109.181818
1.280649 0.513716 25.102359 7539.907692
1.300659 0.511809 25.090452 7698.587940
1.320670 0.512047 25.063280 8505.343915
1.340680 0.515515 25.068945 8248.587940
1.360690 0.512147 25.078125 7189.291667
1.380700 0.514121 25.065327 8494.894472
1.400710 0.515003 25.060632 7633.589474
1.420720 0.513658 25.072449 7246.122449
1.440730 0.517272 25.079391 7651.106599
1.460741 0.514458 25.064842 7658.926316
1.480751 0.516452 25.083417 7009.959799
1.500761 0.518991 25.081466 8312.963351
1.520771 0.515514 25.106526 6909.663158
1.540781 0.519099 25.095288 8200.136126
1.560791 0.516739 25.079391 7749.862944
1.580801 0.517393 25.081421 7724.868020
1.600812 0.520526 25.073404 8339.521277
1.620822 0.517241 25.057320 7092.432990
1.640832 0.519108 25.073583 8039.946524
1.660842 0.520129 25.069495 7932.196970
1.680852 0.518553 25.083158 8082.057895
1.700862 0.522200 25.101949 8437.005128
1.720872 0.518831 25.082947 6496.784211
1.740883 0.520647 25.114468 7664.031915
1.760893 0.522718 25.099692 7365.800000
1.780903 0.519649 25.103385 7819.923077
1.800913 0.523350 25.118065 8339.118280
1.820923 0.520269 25.107136 8039.944724
1.840933 0.521110 25.082045 7981.318182
1.860943 0.524401 25.079080 7466.954023
1.880954 0.520791 25.066272 8849.852071
1.900964 0.523165 25.056914 7394.245714
1.920974 0.522917 25.058698 7964.573964
1.940984 0.521237 25.069425 7763.310345
1.960994 0.524640 25.067135 8155.953216
1.981004 0.521314 25.075349 7963.825581
2.001014 0.523332 25.055673 7912.175439
2.021025 0.525276 25.040678 8162.406780
2.041035 0.521871 25.053410 7823.069364
2.061045 0.525910 25.055714 7828.517857
2.081055 0.522086 25.058140 8079.720930
2.101065 0.522860 25.083468 8435.930636
2.121075 0.525915 25.066588 8026.147059
2.141085 0.522638 25.052706 7511.894118
2.161096 0.524622 25.050930 7162.470930
2.181106 0.524251 25.059770 7842.011494
2.201116 0.522863 25.042558 7234.156977
2.221126 0.526210 25.054353 7461.188235
2.241136 0.521838 25.044186 8247.558140
2.261146 0.523154 25.040936 7597.040936
2.281156 0.524622 25.074620 7764.543860
2.301167 0.521439 25.083636 7121.517045
2.321177 0.525051 25.054438 7673.934911
2.341187 0.521204 25.020698 8531.773256
2.361197 0.523024 25.036571 7945.834286
2.381207 0.525975 25.055148 8132.514793
2.401217 0.522244 25.037045 8490.676136
2.421227 0.525302 25.033333 7572.726190
2.441238 0.523299 25.055314 8366.794286
2.461248 0.521985 25.049882 8756.335294
2.481258 0.525795 25.044162 7284.375723
2.501268 0.522298 25.039070 7212.930233
2.521278 0.523929 25.052941 8052.829412
2.541288 0.525346 25.056416 7648.485549
2.561298 0.522534 25.063392 8197.491228
2.581309 0.525829 25.056744 7466.052326
2.601319 0.521980 25.070520 7935.502890
2.621329 0.523857 25.069240 7969.058480
2.641339 0.526989 25.056331 7576.153846
2.661349 0.523720 25.049302 7985.622093
2.681359 0.526771 25.060465 8565.331395
2.701369 0.524946 25.061379 7892.862069
2.721380 0.524251 25.061775 8347.426036
2.741390 0.527046 25.059770 7629.666667
2.761400 0.523380 25.026279 7788.151163
2.781410 0.524877 25.035000 7261.113095
2.801420 0.525928 25.082069 7892.218391
2.821430 0.523892 25.071243 7415.579882
2.841440 0.527363 25.073933 7592.938202
2.861451 0.522683 25.080237 8786.390533
2.881461 0.524537 25.057882 7663.076471
2.901471 0.526507 25.058012 8103.286550
2.921481 0.523447 25.061412 7884.564706
2.941491 0.526585 25.055455 7990.130682
2.961501 0.523607 25.063095 8076.125000
2.981511 0.523724 25.078857 7617.320000
3.001522 0.526474 25.063294 8662.611765
3.021532 0.523780 25.066047 7600.441860
3.041542 0.525124 25.055765 7299.935294
3.061552 0.525669 25.058713 7611.906433
3.081562 0.523898 25.037029 7918.588571
3.101572 0.527425 25.055181 8217.463855
3.121583 0.522690 25.098743 8034.445714
3.141593 0.524632 25.087719 8299.871345
3.161603 0.526712 25.056000 8086.576471
3.181613 0.523104 25.041667 7164.553571
3.201623 0.526670 25.077457 7885.803468
3.221633 0.524235 25.079535 7276.750000
3.241643 0.524712 25.034124 8087.045198
3.261654 0.527888 25.057176 7832.352941
3.281664 0.524134 25.050930 7543.709302
3.301674 0.525140 25.041667 7895.642857
3.321684 0.525862 25.051792 8211.618497
3.341694 0.523860 25.066514 7680.154286
3.361704 0.527958 25.072530 6982.662651
3.381714 0.523144 25.069595 8068.739884
3.401725 0.525342 25.057803 8182.497110
3.421735 0.528169 25.053576 7764.781818
3.441745 0.524782 25.074483 7495.074713
3.461755 0.528685 25.058935 8239.686391
3.481765 0.525373 25.046591 7784.931818
3.501775 0.525744 25.062036 6754.000000
3.521785 0.529110 25.056497 8126.847458
3.541796 0.525465 25.053571 7324.065476
3.561806 0.527305 25.048242 8233.278788
3.581816 0.528092 25.045814 7900.290698
3.601826 0.526232 25.050465 7915.546512
3.621836 0.529688 25.052558 7101.593023
3.641846 0.524603 25.058810 7114.488095
3.661856 0.526861 25.047765 8599.388235
3.681867 0.529066 25.051591 7582.562500
3.701877 0.524718 25.055723 8208.317919
3.721887 0.527910 25.055706 7619.865031
3.741897 0.524418 25.090000 7950.238636
3.761907 0.524422 25.071445 7544.202312
3.781917 0.527577 25.073647 7693.829412
3.801927 0.523434 25.065665 7778.323699
3.821938 0.525832 25.021429 7222.345238
3.841948 0.526012 25.053810 8150.023810
3.861958 0.524430 25.084114 7724.497143
3.881968 0.527906 25.071294 7679.152941
3.901978 0.523364 25.071676 8046.768786
3.921988 0.525124 25.056744 8299.337209
3.941998 0.527638 25.048421 7502.403509
3.962009 0.523201 25.060351 7987.128655
3.982019 0.526789 25.070575 8036.293103
4.002029 0.522622 25.059767 7732.732558
4.022039 0.523291 25.063584 7878.156069
4.042049 0.526487 25.060698 8027.930233
4.062059 0.521709 25.053964 7267.633136
4.082069 0.523878 25.072273 7943.329545
4.102080 0.523253 25.061302 7880.343195
4.122090 0.521327 25.065263 7082.058480
4.142100 0.524853 25.064186 7562.889535
4.162110 0.519931 25.096782 8292.540230
4.182120 0.521148 25.076279 7744.563953
4.202130 0.523227 25.077471 7770.793103
4.222140 0.519330 25.073526 8188.780347
4.242151 0.522773 25.076782 8265.454023
4.262161 0.518678 25.071813 7544.912281
4.282171 0.518961 25.057341 7522.127168
4.302181 0.521714 25.076279 7540.500000
4.322191 0.517328 25.104545 8017.977273
4.342201 0.519925 25.104828 7795.017241
4.362211 0.519402 25.095906 8137.807018
4.382222 0.516916 25.063409 7794.215909
4.402232 0.520213 25.055402 7488.522989
4.422242 0.515758 25.073636 7748.267045
4.442252 0.516780 25.096706 6772.517647
4.462262 0.518732 25.086667 7098.281609
4.482272 0.514818 25.056686 7778.354286
4.502282 0.518234 25.046629 7588.554286
4.522293 0.513999 25.061628 7721.610465
4.542303 0.514684 25.049945 7403.204420
4.562313 0.517816 25.063158 8334.584795
4.582323 0.513038 25.061149 7790.298851
4.602333 0.516057 25.071186 7723.395480
4.622343 0.514671 25.071543 7242.320000
4.642353 0.512652 25.054857 7848.320000
4.662364 0.516166 25.054629 7549.754286
4.682374 0.511666 25.081395 7167.534884
4.702384 0.512963 25.064088 7894.580110
4.722394 0.514627 25.052184 8255.028736
4.742404 0.510711 25.072914 8265.760000
4.762414 0.514226 25.108571 7091.131429
4.782424 0.509622 25.083429 7913.034286
4.802435 0.510801 25.098743 7970.331429
4.822445 0.513518 25.109213 7770.230337
4.842455 0.508953 25.116667 7572.672222
4.862465 0.512232 25.091462 8353.198830
4.882475 0.510656 25.071864 8299.740113
4.902485 0.508810 25.049438 7348.471910
4.922495 0.512074 25.087273 7023.142045
4.942506 0.508519 25.046780 6770.203390
4.962516 0.509970 25.099111 8480.161111
4.982526 0.510567 25.111628 8026.093023
5.002536 0.507695 25.103182 8153.187500
5.022546 0.510671 25.054365 8053.044199
5.042556 0.505857 25.081582 7691.491525
5.062567 0.506725 25.084828 8048.068966
5.082577 0.508779 25.053034 8250.157303
5.102587 0.504693 25.052737 6637.033520
5.122597 0.507384 25.052571 7749.457143
5.142607 0.504973 25.045363 8315.312849
5.162617 0.503751 25.075778 7620.438889
5.182627 0.507232 25.051620 7931.586592
5.202638 0.503021 25.034802 6967.344633
5.222648 0.503882 25.060112 8075.893855
5.242658 0.504879 25.071638 7605.525424
5.262668 0.502019 25.058798 7357.863388
5.282678 0.506133 25.088588 7702.853107
5.302688 0.502167 25.108276 8134.574713
5.322698 0.503446 25.061978 8038.725275
5.342709 0.506496 25.092571 8517.908571
5.362719 0.502602 25.067045 8484.625000
5.382729 0.506110 25.094444 7041.888889
5.402739 0.503222 25.046136 7387.954545
5.422749 0.502139 25.077989 7618.329609
5.442759 0.505517 25.084944 7609.084270
5.462769 0.501834 25.101469 8202.875706
5.482780 0.502455 25.090166 7799.878453
5.502790 0.503498 25.073812 8509.773481
5.522800 0.500834 25.068634 8163.229508
5.542810 0.504898 25.071412 7832.231638
5.562820 0.500307 25.088352 7512.780220
5.582830 0.501218 25.095682 7800.721591
5.602840 0.503832 25.075165 7278.824176
5.622851 0.499214 25.097081 7285.145946
5.642861 0.501947 25.093668 8282.145729
5.662871 0.499368 25.090891 7751.153465
5.682881 0.498662 25.101106 7863.221106
5.702891 0.502457 25.083184 8002.527363
5.722901 0.497809 25.093069 7989.638614
5.742911 0.499136 25.077766 8005.664975
5.762922 0.499885 25.086965 8461.014925
5.782932 0.497043 25.066935 7013.788945
5.802942 0.500725 25.055644 7079.742574
5.822952 0.495605 25.050099 7429.811881
5.842962 0.496714 25.064677 8194.711443
5.862972 0.500219 25.063284 7663.900498
5.882982 0.496600 25.076800 7161.630000
5.902993 0.500323 25.076327 7392.244898
5.923003 0.496832 25.090547 7417.213930
5.943013 0.496499 25.098627 7354.460784
5.963023 0.500613 25.096000 7756.000000
5.983033 0.496020 25.077843 8261.176471
6.003043 0.497897 25.070647 6983.572139
6.023053 0.498457 25.063881 7756.303483
6.043064 0.496145 25.077200 8237.880000
6.063074 0.501241 25.076418 8518.393035
6.083084 0.496742 25.072200 8067.765000
6.103094 0.498303 25.053600 7598.620000
6.123104 0.501628 25.074400 8500.400000
6.143114 0.497567 25.068119 7513.841584
6.163124 0.500883 25.073400 7381.085000
6.183135 0.497304 25.061584 7714.193069
6.203145 0.497836 25.089552 7613.771144
6.223155 0.502350 25.077576 7591.277778
6.243165 0.497331 25.085455 7432.151515
6.263175 0.499245 25.082786 7763.562189
