serial number: RI70_21217412
torque: 8
start_temp: 26 (26)
finish_temp: 26 (26)
note: po poprawkach z flansza i radiatorem
0.000000 0.492340 25.438212 466.860335
0.020010 0.489477 25.472747 530.719780
0.040020 0.490235 25.472727 609.213904
0.060030 0.491460 25.406339 678.295082
0.080041 0.488368 25.440865 741.535135
0.100051 0.491800 25.506448 819.819672
0.120061 0.488420 25.448556 880.112299
0.140071 0.489838 25.441989 947.690608
0.160081 0.492288 25.441967 1021.633880
0.180091 0.488851 25.511230 1081.636364
0.200101 0.491037 25.529333 1158.488889
0.220112 0.489710 25.485376 1224.935484
0.240122 0.489218 25.418564 1287.414365
0.260132 0.492926 25.425778 1367.400000
0.280142 0.490436 25.478925 1427.252688
0.300152 0.491658 25.526304 1499.021739
0.320162 0.493002 25.520437 1571.568306
0.340172 0.490718 25.473443 1628.071038
0.360183 0.494092 25.473846 1706.478022
0.380193 0.490567 25.459348 1764.451087
0.400203 0.492277 25.475191 1825.163934
0.420213 0.494601 25.535568 1896.037838
0.440223 0.491241 25.451087 1946.304348
0.460233 0.494621 25.444693 2012.530726
0.480243 0.492801 25.484862 2067.756906
0.500254 0.492689 25.483497 2115.819672
0.520264 0.495646 25.470276 2182.071823
0.540274 0.492722 25.494505 2226.258242
0.560284 0.493764 25.535082 2280.497268
0.580294 0.494959 25.488525 2336.344262
0.600304 0.492820 25.488444 2376.672222
0.620314 0.495751 25.518261 2437.777174
0.640325 0.491750 25.495568 2480.735135
0.660335 0.493612 25.476703 2527.774725
0.680345 0.495868 25.503556 2583.788889
0.700355 0.492190 25.485934 2623.879121
0.720365 0.494653 25.456264 2680.098901
0.740375 0.492858 25.491492 2726.674033
0.760385 0.491718 25.503425 2771.237569
0.780396 0.495213 25.490652 2831.586957
0.800406 0.491743 25.468172 2874.473118
0.820416 0.492470 25.458000 2930.750000
0.840426 0.493166 25.467556 2983.077778
0.860436 0.490400 25.468691 3031.403141
0.880446 0.492436 25.471429 3096.142857
0.900456 0.488710 25.451429 3143.807692
0.920467 0.489569 25.426378 3201.037838
0.940477 0.491833 25.453989 3258.754098
0.960487 0.487199 25.467322 3306.863388
0.980497 0.489771 25.481064 3370.404255
1.000507 0.486517 25.521768 3418.044199
1.020517 0.485274 25.580659 3467.950549
1.040528 0.488150 25.492340 3522.095745
1.060538 0.485143 25.479348 3562.288043
1.080548 0.485862 25.460000 3615.274194
1.100558 0.486466 25.464599 3656.203209
1.120568 0.483874 25.432381 3695.592593
1.140578 0.486752 25.476739 3742.467391
1.160588 0.483610 25.474348 3773.260870
1.180599 0.484577 25.515484 3815.301075
1.200609 0.487289 25.548444 3849.761111
1.220619 0.483047 25.486316 3878.894737
1.240629 0.485741 25.422857 3921.054945
1.260639 0.483437 25.404767 3943.533679
1.280649 0.483135 25.450492 3979.000000
1.300659 0.485974 25.527213 4006.502732
1.320670 0.483135 25.482979 4031.122340
1.340680 0.484730 25.476503 4063.983607
1.360690 0.485339 25.491739 4082.494565
1.380700 0.482255 25.419167 4109.270833
1.400710 0.485280 25.452678 4133.672131
1.420720 0.481467 25.454947 4150.057895
1.440730 0.482610 25.415000 4178.456522
1.460741 0.484416 25.448254 4194.137566
1.480751 0.480282 25.457049 4211.404372
1.500761 0.483030 25.459679 4239.844920
1.520771 0.479534 25.492275 4253.423280
1.540781 0.478986 25.470688 4275.269841
1.560791 0.481232 25.488556 4298.887701
1.580801 0.477494 25.420741 4317.031746
1.600812 0.479584 25.444348 4345.434783
1.620822 0.479463 25.481684 4368.063158
1.640832 0.476339 25.524632 4393.405263
1.660842 0.478570 25.518936 4428.015957
1.680852 0.475988 25.454486 4450.902703
1.700862 0.476575 25.438969 4488.969072
1.720872 0.478938 25.511414 4518.020942
1.740883 0.475621 25.559783 4552.048913
1.760893 0.478921 25.508421 4590.736842
1.780903 0.475722 25.459476 4623.125654
1.800913 0.475426 25.458065 4660.526882
1.820923 0.478325 25.494118 4696.989305
1.840933 0.474464 25.524767 4727.870466
1.860943 0.476198 25.476632 4768.878947
1.880954 0.475509 25.473797 4797.764706
1.900964 0.473076 25.463158 4832.610526
1.920974 0.476035 25.490526 4866.257895
1.940984 0.473725 25.519158 4894.484211
1.960994 0.473592 25.496720 4928.719577
1.981004 0.475420 25.525236 4955.183246
2.001014 0.472349 25.535829 4982.352941
2.021025 0.475896 25.518144 5015.216495
2.041035 0.472261 25.495873 5036.740741
2.061045 0.471939 25.458316 5071.331579
2.081055 0.474549 25.486170 5094.255319
2.101065 0.471901 25.528000 5125.400000
2.121075 0.474404 25.507644 5156.628272
2.141085 0.472814 25.519372 5184.853403
2.161096 0.470387 25.513369 5218.812834
2.181106 0.473457 25.507423 5248.948454
2.201116 0.471509 25.533757 5281.619048
2.221126 0.471617 25.535916 5318.450262
2.241136 0.473606 25.493194 5348.141361
2.261146 0.470425 25.485864 5386.921466
2.281156 0.473761 25.485417 5421.765625
2.301167 0.469722 25.475979 5456.947090
2.321177 0.470134 25.436667 5498.656250
2.341187 0.473069 25.455532 5531.148936
2.361197 0.469637 25.504870 5572.958549
2.381207 0.471428 25.483938 5615.891192
2.401217 0.469154 25.501263 5652.147368
2.421227 0.466991 25.528821 5699.820513
2.441238 0.470151 25.519579 5738.368421
2.461248 0.467228 25.485864 5782.816754
2.481258 0.467031 25.518526 5833.621053
2.501268 0.467777 25.526091 5871.568528
2.521278 0.465188 25.488866 5926.474227
2.541288 0.468281 25.502199 5975.319372
2.561298 0.464384 25.488705 6021.015544
2.581309 0.465040 25.482020 6081.641414
2.601319 0.466844 25.479372 6125.308901
2.621329 0.463377 25.491959 6183.268041
2.641339 0.465738 25.447407 6243.111111
2.661349 0.463616 25.488934 6289.421320
2.681359 0.462453 25.528497 6357.295337
2.701369 0.465909 25.552539 6411.632124
2.721380 0.462850 25.470754 6471.442211
2.741390 0.462847 25.484167 6544.614583
2.761400 0.464324 25.510208 6597.552083
2.781410 0.461805 25.517990 6672.195980
2.801420 0.464826 25.461075 6744.172043
2.821430 0.460779 25.438218 6807.475248
2.841440 0.461719 25.436495 6894.726804
2.861451 0.464943 25.476531 6963.678571
2.881461 0.461674 25.414639 7042.453608
2.901471 0.462496 25.387977 7132.537572
2.921481 0.460699 25.417829 7203.222857
2.941491 0.460252 25.455954 7297.404624
2.961501 0.464037 25.491395 7382.267442
2.981511 0.461097 25.424751 7466.248619
3.001522 0.461309 25.414217 7568.963855
3.021532 0.462352 25.531685 7648.544944
3.041542 0.460823 25.480706 7743.382353
3.061552 0.463073 25.442759 7845.097701
3.081562 0.459561 25.493099 7929.134503
3.101572 0.460799 25.399326 8035.404494
3.121583 0.463674 25.432189 8129.372781
3.141593 0.461186 25.424368 8219.551724
3.161603 0.463960 25.390629 8331.628571
3.181613 0.462210 25.475349 8419.505814
3.201623 0.461603 25.448786 8520.942197
3.221633 0.464964 25.418140 8623.627907
3.241643 0.462360 25.461149 8709.005747
3.261654 0.463588 25.441871 8816.614035
3.281664 0.465179 25.397661 8906.286550
3.301674 0.462882 25.385455 8997.625000
3.321684 0.465764 25.498795 9102.102410
3.341694 0.462075 25.485207 9179.970414
3.361704 0.462667 25.465434 9277.323699
3.381714 0.465578 25.426215 9369.757062
3.401725 0.462230 25.424740 9447.196532
3.421735 0.464763 25.416374 9544.970760
3.441745 0.462724 25.455314 9617.137143
3.461755 0.462066 25.390769 9697.680473
3.481765 0.465873 25.453257 9783.205714
3.501775 0.462412 25.458824 9847.411765
3.521785 0.463606 25.497273 9930.392045
3.541796 0.464322 25.418266 9999.312139
3.561806 0.462572 25.484941 10062.082353
3.581816 0.464943 25.420000 10141.389535
3.601826 0.462027 25.355145 10197.184971
3.621836 0.462175 25.395862 10266.540230
3.641846 0.465013 25.410698 10332.296512
3.661856 0.461913 25.417241 10384.080460
3.681867 0.463822 25.398824 10456.270588
3.701877 0.461520 25.480710 10507.136095
3.721887 0.461951 25.459435 10564.576271
3.741897 0.464894 25.439075 10628.381503
3.761907 0.461401 25.419645 10672.100592
3.781917 0.463368 25.468800 10734.005714
3.801927 0.464881 25.478372 10783.058140
3.821938 0.462929 25.516763 10828.630058
3.841948 0.464779 25.472000 10888.747059
3.861958 0.462876 25.480230 10927.080460
3.881968 0.462701 25.431314 10980.388571
3.901978 0.466110 25.463488 11028.180233
3.921988 0.463690 25.476725 11064.994152
3.941998 0.466699 25.488655 11119.912281
3.962009 0.463910 25.447586 11156.339080
3.982019 0.464655 25.498353 11198.682353
4.002029 0.467668 25.479766 11245.210526
4.022039 0.464870 25.438844 11276.751445
4.042049 0.466343 25.449412 11323.635294
4.062059 0.466982 25.409655 11358.988506
4.082069 0.465328 25.391059 11391.647059
4.102080 0.468446 25.428538 11436.596491
4.122090 0.465608 25.495581 11464.122093
4.142100 0.466669 25.512326 11504.645349
4.162110 0.470019 25.486024 11539.481928
4.182120 0.467889 25.468736 11566.758621
4.202130 0.470848 25.464828 11609.528736
4.222140 0.468600 25.441190 11633.553571
4.242151 0.469396 25.458246 11667.134503
4.262161 0.472584 25.530233 11699.476744
4.282171 0.470463 25.484121 11724.872727
4.302181 0.472403 25.470465 11759.656977
4.322191 0.473017 25.441170 11787.233918
4.342201 0.471742 25.456512 11814.720930
4.362211 0.475062 25.437037 11851.790123
4.382222 0.472945 25.446744 11874.058140
4.402232 0.473920 25.449412 11911.152941
4.422242 0.476244 25.423354 11939.428571
4.442252 0.474031 25.477740 11967.581921
4.462262 0.477381 25.477301 12006.233129
4.482272 0.475029 25.494737 12031.257310
4.502282 0.476493 25.502036 12065.898204
4.522293 0.479006 25.496000 12096.315152
4.542303 0.477014 25.445207 12121.402367
4.562313 0.479189 25.429091 12157.369697
4.582323 0.479092 25.444235 12180.541176
4.602333 0.478756 25.492455 12210.305389
4.622343 0.482303 25.469940 12241.359281
4.642353 0.480695 25.438049 12264.548780
4.662364 0.481772 25.443095 12298.982143
4.682374 0.484025 25.471656 12323.963190
4.702384 0.481744 25.416429 12352.077381
4.722394 0.484759 25.465868 12386.736527
4.742404 0.482310 25.465767 12410.822086
4.762414 0.483539 25.449102 12445.724551
4.782424 0.485533 25.445952 12475.625000
4.802435 0.482260 25.474110 12504.110429
4.822445 0.484785 25.464390 12542.451220
4.842455 0.483644 25.471529 12568.076471
4.862465 0.482647 25.454724 12604.828221
4.882475 0.485063 25.457669 12636.196319
4.902485 0.482703 25.481667 12665.214286
4.922495 0.483401 25.456250 12704.237500
4.942506 0.484845 25.442395 12731.371257
4.962516 0.483227 25.440235 12766.923529
4.982526 0.485193 25.424596 12803.745342
5.002536 0.482843 25.477882 12831.511765
5.022546 0.484210 25.441951 12874.280488
5.042556 0.487349 25.431852 12902.703704
5.062567 0.484657 25.420120 12940.586826
5.082577 0.486985 25.494410 12981.366460
5.102587 0.400816 25.451132 13024.023585
5.122597 0.422791 25.490616 13065.137441
5.142607 0.472076 25.456591 13094.869318
5.162617 0.466029 25.462340 13132.218085
5.182627 0.465304 25.449312 13178.492063
5.202638 0.472340 25.443333 13209.854167
5.222648 0.474427 25.449684 13257.321053
5.242658 0.480559 25.498848 13299.219895
5.262668 0.480007 25.521093 13337.016393
5.282678 0.482116 25.505340 13389.801047
5.302688 0.485180 25.481730 13425.027027
5.322698 0.483410 25.458396 13473.085561
5.342709 0.487169 25.462951 13520.027322
5.362719 0.485678 25.527097 13556.569892
5.382729 0.486936 25.484641 13610.662983
5.402739 0.489459 25.523871 13647.709677
5.422749 0.487266 25.478085 13693.734043
5.442759 0.488213 25.475111 13746.955556
5.462769 0.488912 25.498913 13782.793478
5.482780 0.487127 25.481489 13840.281915
5.502790 0.489546 25.471381 13886.270718
5.522800 0.486665 25.475892 13934.627027
5.542810 0.487988 25.502486 13998.859459
5.562820 0.489429 25.492022 14042.814208
5.582830 0.486131 25.514681 14106.420213
5.602840 0.488701 25.449451 14167.423077
5.622851 0.485909 25.462295 14218.666667
5.642861 0.487123 25.510703 14293.643243
5.662871 0.489615 25.512787 14346.950820
5.682881 0.487288 25.486203 14414.197861
5.702891 0.488957 25.481957 14491.086957
5.722901 0.489642 25.485246 14545.535519
5.742911 0.488838 25.454348 14626.364130
5.762922 0.491961 25.459676 14692.259459
5.782932 0.489547 25.462762 14759.640884
5.802942 0.491002 25.482128 14845.765957
5.822952 0.492645 25.480656 14906.027322
5.842962 0.489720 25.475556 14987.194444
5.862972 0.493170 25.480649 15067.378378
5.882982 0.490141 25.500440 15136.450549
5.902993 0.490708 25.490753 15230.526882
5.923003 0.493324 25.481778 15301.816667
5.943013 0.490478 25.490667 15383.800000
5.963023 0.490846 25.449892 15480.543011
5.983033 0.490751 25.494130 15553.847826
6.003043 0.489812 25.473913 15651.581522
6.023053 0.492475 25.506595 15739.151351
6.043064 0.490594 25.472707 15823.370166
6.063074 0.490965 25.501099 15925.203297
6.083084 0.492805 25.465714 16004.252747
6.103094 0.489879 25.435217 16096.902174
6.123104 0.492747 25.476087 16192.961957
6.143114 0.489680 25.470549 16271.115385
6.163124 0.491286 25.432432 10166.659459
6.183135 0.493248 25.470444 62.922222
6.203145 0.489905 25.484706 142.994652
6.223155 0.491721 25.467174 236.896739
6.243165 0.490602 25.476541 306.237838
6.263175 0.489610 25.500546 386.448087
