serial number: RI70_21217412
torque: 12
start_temp: 24 (24)
finish_temp: 24 (24)
note: asdfasdf
0.000000 1.176823 23.992644 2590.988506
0.020010 1.183892 24.003810 2643.607143
0.040020 1.179463 24.003077 2679.560440
0.060030 1.177967 23.995443 2739.379747
0.080041 1.184833 23.994483 2778.206897
0.100051 1.180669 23.991724 2825.333333
0.120061 1.182651 23.988642 2880.629630
0.140071 1.181619 23.983614 2916.698795
0.160081 1.182430 23.986047 2975.965116
0.180091 1.185260 23.987586 3022.563218
0.200101 1.181090 23.986667 3067.037037
0.220112 1.183993 23.987273 3129.454545
0.240122 1.185294 23.983704 3171.518519
0.260132 1.182291 23.985060 3229.445783
0.280142 1.187508 23.980455 3281.647727
0.300152 1.184337 23.984198 3326.037037
0.320162 1.185604 23.992093 3387.534884
0.340172 1.190493 23.996500 3428.237500
0.360183 1.183613 23.999091 3479.034091
0.380193 1.190793 23.996279 3529.348837
0.400203 1.184513 23.992683 3565.024390
0.420213 1.187122 23.986977 3616.779070
0.440223 1.192170 23.989136 3650.098765
0.460233 1.186346 23.979765 3686.964706
0.480243 1.187560 23.978795 3731.289157
0.500254 1.189444 23.971429 3753.464286
0.520264 1.187961 23.977273 3797.352273
0.540274 1.188888 23.983333 3823.904762
0.560284 1.189130 23.984578 3854.698795
0.580294 1.187923 23.980000 3892.963415
0.600304 1.191820 23.961882 3911.247059
0.620314 1.188157 23.970353 3948.294118
0.640325 1.187600 23.983636 3971.590909
0.660335 1.185651 23.998095 3994.380952
0.680345 1.186447 23.991605 4029.728395
0.700355 1.190651 23.989398 4040.506024
0.720365 1.187616 23.993953 4068.383721
0.740375 1.184484 23.999535 4092.069767
0.760385 1.187639 23.995610 4104.231707
0.780396 1.181591 23.986154 4131.217949
0.800406 1.175774 23.988800 4146.853333
0.820416 1.176901 23.998987 4164.835443
0.840426 1.173834 24.002632 4186.644737
0.860436 1.179061 23.996364 4200.129870
0.880446 1.170512 23.987895 4225.697368
0.900456 1.174219 23.973684 4242.473684
0.920467 1.171599 23.962564 4260.794872
0.940477 1.170848 23.965641 4291.115385
0.960487 1.171056 23.977949 4308.115385
0.980497 1.170097 23.993158 4337.065789
1.000507 1.168972 23.992973 4365.540541
1.020517 1.168538 23.987000 4387.200000
1.040528 1.165238 23.978421 4427.368421
1.060538 1.170296 23.978462 4449.397436
1.080548 1.164551 23.987013 4484.961039
1.100558 1.162675 23.984000 4522.120000
1.120568 1.168247 23.988800 4547.053333
1.140578 1.162193 23.992593 4592.345679
1.160588 1.166605 23.996962 4620.784810
1.180599 1.159384 23.986857 4657.685714
1.200609 1.160594 23.985185 4699.432099
1.220619 1.162250 23.991579 4722.657895
1.240629 1.160127 24.000000 4768.623377
1.260639 1.160265 23.995897 4798.307692
1.280649 1.161044 23.995500 4829.137500
1.300659 1.156126 23.995733 4867.320000
1.320670 1.158578 23.995949 4887.367089
1.340680 1.157080 23.991579 4921.776316
1.360690 1.155963 23.985823 4951.734177
1.380700 1.161338 23.992000 4972.187500
1.400710 1.152052 23.996364 5011.831169
1.420720 1.155338 24.005128 5029.628205
1.440730 1.152619 23.994805 5061.415584
1.460741 1.147637 23.981026 5095.923077
1.480751 1.154483 23.973333 5117.858974
1.500761 1.147995 23.985500 5159.362500
1.520771 1.151423 23.996585 5187.646341
1.540781 1.145102 24.000000 5218.320000
1.560791 1.146110 23.997500 5263.112500
1.580801 1.147185 23.995556 5285.913580
1.600812 1.142258 23.991053 5330.276316
1.620822 1.144089 23.984615 5364.102564
1.640832 1.140576 23.969268 5397.317073
1.660842 1.138832 23.970526 5448.052632
1.680852 1.142070 23.980253 5476.873418
1.700862 1.136645 23.984000 5519.650000
1.720872 1.136868 23.980513 5566.628205
1.740883 1.139039 23.981176 5599.694118
1.760893 1.133303 23.988800 5655.706667
1.780903 1.135437 23.986329 5691.772152
1.800913 1.135159 23.976500 5736.637500
1.820923 1.132079 23.959000 5794.187500
1.840933 1.135093 23.967179 5828.846154
1.860943 1.129753 23.972500 5885.700000
1.880954 1.130419 23.981772 5936.936709
1.900964 1.131014 23.978795 5982.493976
1.920974 1.126259 23.978272 6051.814815
1.940984 1.129173 23.980000 6093.397436
1.960994 1.125712 23.986000 6153.062500
1.981004 1.124345 23.992500 6216.937500
2.001014 1.127832 23.980723 6265.084337
2.021025 1.120277 23.975584 6339.480519
2.041035 1.125633 23.981000 6392.662500
2.061045 1.119905 23.992308 6451.756410
2.081055 1.119656 23.996627 6529.385542
2.101065 1.122081 23.993418 6583.759494
2.121075 1.115210 23.983614 6664.662651
2.141085 1.117760 23.984416 6738.103896
2.161096 1.117832 23.987654 6801.716049
2.181106 1.114419 23.986824 6895.200000
2.201116 1.116296 23.967901 6965.086420
2.221126 1.112713 23.962051 7047.538462
2.241136 1.111388 23.965641 7139.589744
2.261146 1.113810 23.977831 7212.192771
2.281156 1.108700 23.990000 7310.750000
2.301167 1.111477 23.992381 7396.785714
2.321177 1.108802 23.996543 7482.259259
2.341187 1.105125 23.991899 7589.683544
2.361197 1.111442 23.988293 7668.865854
2.381207 1.100936 23.988148 7767.901235
2.401217 1.107488 23.988837 7874.209302
2.421227 1.102336 23.989744 7958.205128
2.441238 1.100522 23.994217 8069.144578
2.461248 1.104926 23.994634 8162.109756
2.481258 1.101907 23.990732 8256.268293
2.501268 1.098465 23.987000 8370.850000
2.521278 1.102783 23.988861 8453.025316
2.541288 1.099648 23.983448 8559.321839
2.561298 1.099663 23.964444 8662.481481
2.581309 1.100113 23.969048 8748.238095
2.601319 1.098800 23.984000 8861.225000
2.621329 1.100386 23.992857 8945.845238
2.641339 1.094177 23.989873 9039.253165
2.661349 1.097672 23.981235 9143.444444
2.681359 1.096764 23.972874 9221.264368
2.701369 1.095335 23.973000 9323.350000
2.721380 1.098901 23.965500 9406.387500
2.741390 1.096877 23.965366 9481.768293
2.761400 1.094929 23.961446 9582.951807
2.781410 1.098988 23.974286 9652.666667
2.801420 1.094260 23.979512 9734.548780
2.821430 1.098064 23.988642 9816.876543
2.841440 1.095381 23.993810 9877.261905
2.861451 1.096418 23.983797 9964.468354
2.881461 1.099024 23.986190 10026.678571
2.901471 1.095257 23.983415 10092.365854
2.921481 1.097233 23.975385 10168.974359
2.941491 1.096945 23.973659 10219.000000
2.961501 1.093409 23.976744 10291.930233
2.981511 1.098218 23.980759 10354.455696
3.001522 1.094724 23.986047 10405.779070
3.021532 1.094950 23.993735 10480.831325
3.041542 1.096980 23.990000 10525.762500
3.061552 1.092109 23.984390 10583.878049
3.081562 1.096745 23.988293 10644.048780
3.101572 1.092806 23.991807 10687.975904
3.121583 1.092172 23.991111 10752.382716
3.141593 0.725228 23.995000 10792.382353
3.161603 0.933826 23.988364 10842.736364
3.181613 0.984993 23.983762 10901.683168
3.201623 1.003665 23.982041 10937.897959
3.221633 1.019089 23.992475 10993.732673
3.241643 1.029667 23.987083 11037.916667
3.261654 1.033647 23.992258 11074.591398
3.281664 1.045119 23.988211 11128.736842
3.301674 1.047164 23.993535 11163.090909
3.321684 1.049828 23.993750 11210.104167
3.341694 1.056362 23.998242 11251.615385
3.361704 1.055844 23.993814 11283.577320
3.381714 1.059553 23.992174 11331.434783
3.401725 1.068943 23.992653 11362.683673
3.421735 1.062078 23.995789 11399.484211
3.441745 1.065601 23.988132 11442.010989
3.461755 1.068445 23.987917 11468.687500
3.481765 1.066479 23.986966 11510.808989
3.501775 1.069457 23.990316 11541.631579
3.521785 1.073031 23.986105 11571.905263
3.541796 1.073882 23.987957 11614.032258
3.561806 1.074289 23.990737 11637.600000
3.581816 1.069768 23.995699 11674.247312
3.601826 1.078511 23.992809 11702.988764
3.621836 1.072382 23.980000 11727.542553
3.641846 1.073159 23.971667 11766.270833
3.661856 1.080416 23.983636 11789.943182
3.681867 1.072355 23.991020 11822.122449
3.701877 1.077789 23.995402 11855.229885
3.721887 1.078054 23.990213 11877.585106
3.741897 1.076340 23.992500 11917.489583
3.761907 1.082033 23.980215 11943.924731
3.781917 1.074605 23.981739 11975.326087
3.801927 1.079240 23.980435 12012.380435
3.821938 1.080676 23.991667 12038.062500
3.841948 1.079118 23.994286 12075.791209
3.861958 1.083156 23.983478 12104.195652
3.881968 1.079927 23.974316 12132.494737
3.901978 1.081181 23.968182 12169.647727
3.921988 1.084602 23.985376 12190.344086
3.941998 1.079649 23.988261 12223.826087
3.962009 1.086737 23.987789 12253.705263
3.982019 1.083041 23.981333 12277.277778
4.002029 1.085207 23.976344 12315.806452
4.022039 1.086037 23.969462 12335.408602
4.042049 1.084133 23.965909 12369.488636
4.062059 1.086059 23.967234 12398.819149
4.082069 1.089962 23.969670 12424.527473
4.102080 1.085568 23.969892 12461.838710
4.122090 1.090535 23.976000 12488.368421
4.142100 1.087894 23.980930 12518.081395
4.162110 1.087889 23.974316 12555.747368
4.182120 1.093066 23.971183 12578.354839
4.202130 1.089198 23.972609 12618.826087
4.222140 1.092638 23.970110 12645.384615
4.242151 1.091594 23.959101 12675.730337
4.262161 1.093741 23.957447 12715.063830
4.282171 1.097474 23.968090 12738.674157
4.302181 1.091058 23.969032 12777.903226
4.322191 1.099501 23.976087 12812.663043
4.342201 1.098449 23.980225 12840.573034
4.362211 1.096985 23.974894 12886.425532
4.382222 1.105087 23.963516 12911.472527
4.402232 1.099315 23.968636 12952.670455
4.422242 1.098763 23.965778 12992.744444
4.442252 1.105942 23.982609 13021.891304
4.462262 1.099714 23.989778 13071.688889
4.482272 1.105051 23.985778 13101.677778
4.502282 1.106586 23.982609 13141.467391
4.522293 1.102255 23.981333 13190.055556
4.542303 1.111370 23.991724 13216.862069
4.562313 1.105966 23.992688 13268.849462
4.582323 1.107915 23.985495 13306.890110
4.602333 1.110073 23.974783 13345.326087
4.622343 1.108749 23.976629 13399.359551
4.642353 1.116654 23.972174 13429.358696
4.662364 1.106387 23.979524 13480.738095
4.682374 1.115077 23.984348 13525.445652
4.702384 1.116624 23.979091 13557.931818
4.722394 1.116858 23.973913 13617.195652
4.742404 1.121036 23.978182 13649.818182
4.762414 1.119603 23.990112 13698.258427
4.782424 1.118742 23.994783 13750.858696
4.802435 1.127610 23.986977 13783.813953
4.822445 1.125461 23.985532 13846.819149
4.842455 1.125079 23.981429 13886.142857
4.862465 1.126619 23.991209 13934.296703
4.882475 1.126551 23.990562 14001.797753
4.902485 1.131144 23.984186 14038.209302
4.922495 1.130070 23.986374 14106.714286
4.942506 1.132296 23.988764 14163.887640
4.962516 1.136511 23.991818 14214.170455
4.982526 1.132095 23.990588 14293.341176
5.002536 1.134588 23.991163 14340.174419
5.022546 1.135623 23.989890 14408.923077
5.042556 1.138308 23.986047 14484.197674
5.062567 1.142181 23.983333 14533.035714
5.082577 1.135943 23.983830 14620.904255
5.102587 1.142286 23.980000 14685.409091
5.122597 1.142929 23.972195 14748.560976
5.142607 1.139935 23.980645 14837.978495
5.162617 1.146465 23.978140 14893.360465
5.182627 1.144572 23.976180 14980.752809
5.202638 1.145831 23.976744 15060.244186
5.222648 1.150448 23.993333 15127.466667
5.242658 1.144534 23.994884 15227.186047
5.262668 1.151316 23.993023 15292.674419
5.282678 1.149034 23.993412 15377.352941
5.302688 1.149767 23.995556 15477.166667
5.322698 1.153336 23.991163 15548.953488
5.342709 1.151827 23.979070 15652.500000
5.362719 1.154051 23.979326 15737.359551
5.382729 1.152642 23.992471 15822.235294
5.402739 1.154025 24.002824 15930.000000
5.422749 1.159741 24.002667 16007.166667
5.442759 1.154127 23.990843 16107.759036
5.462769 1.159576 23.979775 16203.966292
5.482780 1.158301 23.976279 16280.813953
5.502790 1.156609 23.986667 7722.045977
5.522800 1.163905 23.985581 80.767442
5.542810 1.161127 23.987805 163.134146
5.562820 1.161022 23.989333 262.111111
5.582830 1.165856 23.989398 330.012048
5.602840 1.160650 23.991111 418.855556
5.622851 1.167463 23.987317 500.463415
5.642861 1.166496 23.981429 565.511905
5.662871 1.163784 23.976180 654.752809
5.682881 1.171474 23.985116 720.104651
5.702891 1.165605 23.988837 788.093023
5.722901 1.168860 23.992593 871.481481
5.742911 1.166896 23.996923 928.142857
5.762922 1.169600 24.003902 1007.463415
5.782932 1.174815 23.999070 1078.988372
5.802942 1.169229 24.000000 1137.193182
5.822952 1.168581 23.995714 1226.119048
5.842962 1.175306 23.996364 1285.750000
5.862972 1.170067 23.995714 1357.321429
5.882982 1.175060 23.993253 1438.481928
5.902993 1.172076 23.994222 1493.366667
5.923003 1.170221 23.993000 1575.625000
5.943013 1.177840 23.996404 1639.898876
5.963023 1.173365 23.990732 1699.768293
5.983033 1.175710 23.985185 1781.765432
6.003043 1.176579 23.974382 1832.707865
6.023053 1.175805 23.973933 1902.483146
6.043064 1.179479 23.978795 1968.518072
6.063074 1.175452 23.994217 2015.289157
6.083084 1.174161 24.001364 2088.352273
6.103094 1.181764 23.996145 2137.012048
6.123104 1.175884 23.997701 2187.850575
6.143114 1.176073 24.000941 2253.611765
6.163124 1.180495 24.000964 2292.000000
6.183135 1.175777 23.995122 2354.146341
6.203145 1.181869 23.992000 2402.377778
6.223155 1.176706 23.991220 2443.365854
6.243165 1.178234 23.983256 2504.593023
6.263175 1.181776 23.980241 2539.445783
