serial number: RI70_21217412
torque: 8
start_temp: 23 (23)
finish_temp: 23 (23)
note: asdfasdf
0.000000 0.493698 23.014815 1838.320988
0.020010 0.494959 23.016923 1910.217949
0.040020 0.494255 23.007317 1970.426829
0.060030 0.493321 23.003902 2020.487805
0.080041 0.493326 23.029000 2093.087500
0.100051 0.490912 23.030361 2138.843373
0.120061 0.491403 23.010370 2195.604938
0.140071 0.493247 23.000000 2255.753086
0.160081 0.492297 23.008395 2296.160494
0.180091 0.493818 23.007805 2360.548780
0.200101 0.491660 23.008000 2404.341176
0.220112 0.493219 23.026329 2450.468354
0.240122 0.494660 23.011795 2507.961538
0.260132 0.492248 23.015122 2542.621951
0.280142 0.493009 23.040000 2598.433735
0.300152 0.492554 23.006582 2644.784810
0.320162 0.492628 23.017284 2681.827160
0.340172 0.494270 23.013000 2740.500000
0.360183 0.491596 23.005783 2779.457831
0.380193 0.492483 23.000000 2829.771084
0.400203 0.494443 23.000000 2881.762500
0.420213 0.493017 23.001975 2919.753086
0.440223 0.495569 23.026667 2980.333333
0.460233 0.492819 23.046000 3023.725000
0.480243 0.493291 23.012195 3072.512195
0.500254 0.495270 23.004000 3132.087500
0.520264 0.492141 23.033500 3173.662500
0.540274 0.493789 23.012195 3234.170732
0.560284 0.493646 23.002500 3282.325000
0.580294 0.492001 23.025854 3330.329268
0.600304 0.493810 23.008500 3390.025000
0.620314 0.491128 23.000000 3430.397590
0.640325 0.490757 23.013810 3485.000000
0.660335 0.491829 23.010370 3530.246914
0.680345 0.491384 23.000000 3568.562500
0.700355 0.493009 23.000000 3618.787500
0.720365 0.490199 23.000000 3651.804878
0.740375 0.490694 23.004444 3690.592593
0.760385 0.492333 23.007711 3731.144578
0.780396 0.489606 23.000000 3755.469136
0.800406 0.490568 23.000000 3799.154762
0.820416 0.490067 23.000000 3823.962963
0.840426 0.489325 23.000000 3857.320988
0.860436 0.490323 23.007000 3892.312500
0.880446 0.488122 23.033810 3912.416667
0.900456 0.487892 23.007143 3951.166667
0.920467 0.487976 23.014684 3970.746835
0.940477 0.487272 23.022439 3995.317073
0.960487 0.489250 23.012683 4028.024390
0.980497 0.487345 23.009639 4040.722892
1.000507 0.489061 23.001975 4070.901235
1.020517 0.490164 23.004286 4091.285714
1.040528 0.487864 23.008000 4104.787500
1.060538 0.488322 23.000488 4132.621951
1.080548 0.487821 23.010244 4146.890244
1.100558 0.486811 23.001395 4166.104651
1.120568 0.488589 23.000000 4185.675000
1.140578 0.486789 23.003000 4201.100000
1.160588 0.487064 23.009157 4226.481928
1.180599 0.487495 23.008471 4241.247059
1.200609 0.485528 23.007500 4262.800000
1.220619 0.486480 23.008837 4290.686047
1.240629 0.484152 23.023415 4308.353659
1.260639 0.484020 23.012500 4338.775000
1.280649 0.485498 23.009383 4364.000000
1.300659 0.482556 23.014118 4388.882353
1.320670 0.483900 23.003457 4427.061728
1.340680 0.481960 23.022118 4450.270588
1.360690 0.482593 23.023210 4487.543210
1.380700 0.482861 23.000000 4522.590361
1.400710 0.481291 23.008293 4548.963415
1.420720 0.480423 23.019048 4594.976190
1.440730 0.481584 23.020723 4620.831325
1.460741 0.481762 23.014762 4659.571429
1.480751 0.482167 23.016386 4699.939759
1.500761 0.479934 23.005000 4725.037500
1.520771 0.480267 23.008941 4769.858824
1.540781 0.482254 23.014588 4797.870588
1.560791 0.480471 23.019259 4830.111111
1.580801 0.483127 23.005176 4867.341176
1.600812 0.481850 23.008571 4888.476190
1.620822 0.481903 23.007089 4924.341772
1.640832 0.482611 23.019277 4949.819277
1.660842 0.479984 23.004651 4974.139535
1.680852 0.480339 23.019277 5011.783133
1.700862 0.480521 23.001446 5029.457831
1.720872 0.478358 23.000000 5063.716049
1.740883 0.478491 23.015349 5094.639535
1.760893 0.474310 23.020241 5119.795181
1.780903 0.474032 23.000000 5160.770115
1.800913 0.474986 23.003373 5186.975904
1.820923 0.472494 23.036279 5220.418605
1.840933 0.473560 23.013976 5263.120482
1.860943 0.472033 23.005116 5285.988372
1.880954 0.471820 23.005176 5332.611765
1.900964 0.472872 23.012093 5364.081395
1.920974 0.471603 23.017412 5400.211765
1.940984 0.471681 23.012381 5448.809524
1.960994 0.472081 23.009655 5477.149425
1.981004 0.470523 23.001928 5524.530120
2.001014 0.471376 23.000000 5565.709302
2.021025 0.469184 23.005116 5601.383721
2.041035 0.469123 23.032000 5656.882353
2.061045 0.470045 23.033412 5691.800000
2.081055 0.467977 23.000000 5739.541176
2.101065 0.470186 23.000000 5793.809524
2.121075 0.467907 23.000000 5830.206897
2.141085 0.467467 23.004762 5891.702381
2.161096 0.469326 23.012414 5937.436782
2.181106 0.467236 23.040976 5985.780488
2.201116 0.466519 23.016364 6051.022727
2.221126 0.465673 23.016941 6094.235294
2.241136 0.463795 23.013953 6157.872093
2.261146 0.466139 23.012558 6217.058140
2.281156 0.464404 23.000000 6267.011628
2.301167 0.463326 23.011628 6340.895349
2.321177 0.464094 23.022022 6392.539326
2.341187 0.460817 23.000460 6458.747126
2.361197 0.462436 23.009767 6533.209302
2.381207 0.459685 23.001839 6588.264368
2.401217 0.458466 23.015632 6670.494253
2.421227 0.459604 23.030698 6738.406977
2.441238 0.456937 23.026966 6808.078652
2.461248 0.457569 23.006818 6900.625000
2.481258 0.456808 23.000000 6967.215909
2.501268 0.455820 23.006364 7055.806818
2.521278 0.457741 23.015632 7144.000000
2.541288 0.456347 23.030805 7218.747126
2.561298 0.456135 23.029425 7320.586207
2.581309 0.456774 23.027273 7401.772727
2.601319 0.455709 23.007273 7491.625000
2.621329 0.458422 23.010575 7596.965517
2.641339 0.455130 23.038182 7676.477273
2.661349 0.455344 23.049091 7780.431818
2.681359 0.457440 23.002299 7878.574713
2.701369 0.455080 23.005909 7965.852273
2.721380 0.457188 23.009545 8078.988636
2.741390 0.456152 23.010575 8165.643678
2.761400 0.455613 23.011868 8266.857143
2.781410 0.458619 23.017349 8376.265060
2.801420 0.456625 23.017079 8460.000000
2.821430 0.456581 23.008989 8571.078652
2.841440 0.457017 23.009545 8667.329545
2.861451 0.456623 23.003678 8756.471264
2.881461 0.458241 23.031818 8869.159091
2.901471 0.455153 23.033563 8951.804598
2.921481 0.455956 23.019326 9049.606742
2.941491 0.457760 23.003218 9150.505747
2.961501 0.455861 23.008636 9228.738636
2.981511 0.456224 23.002759 9332.436782
3.001522 0.454357 23.016364 9412.068182
3.021532 0.453298 23.016629 9493.415730
3.041542 0.455706 23.000920 9590.413793
3.061552 0.452170 23.000000 9657.670588
3.081562 0.452247 23.036444 9742.644444
3.101572 0.453511 22.998140 9820.465116
3.121583 0.452836 22.998636 9882.681818
3.141593 0.301619 23.011605 9966.734568
3.161603 0.395166 23.018295 10030.961240
3.181613 0.415033 23.009333 10100.658333
3.201623 0.425567 23.012308 10173.894231
3.221633 0.427592 23.003789 10227.442105
3.241643 0.434015 23.000000 10302.532609
3.261654 0.435981 23.000000 10358.527473
3.281664 0.438708 23.018925 10414.225806
3.301674 0.443521 23.024091 10485.170455
3.321684 0.443749 23.024615 10530.549451
3.341694 0.444150 23.040879 10593.428571
3.361704 0.444390 23.024000 10648.600000
3.381714 0.445787 23.008636 10693.284091
3.401725 0.448194 23.002667 10757.822222
3.421735 0.445878 23.000000 10799.147727
3.441745 0.447560 23.000000 10849.505495
3.461755 0.449267 23.008090 10904.191011
3.481765 0.447090 23.006522 10942.336957
3.501775 0.448586 23.009639 10997.891566
3.521785 0.446703 23.020435 11038.315217
3.541796 0.447516 23.000000 11080.157303
3.561806 0.449216 23.004000 11132.400000
3.581816 0.446803 23.031011 11166.011236
3.601826 0.446522 23.009778 11213.177778
3.621836 0.447182 23.002247 11253.033708
3.641846 0.447370 23.026522 11286.695652
3.661856 0.449003 23.012135 11334.539326
3.681867 0.446505 23.008889 11364.966667
3.701877 0.449462 23.005333 11404.022222
3.721887 0.450349 23.000000 11442.839080
3.741897 0.449312 23.000000 11470.595506
3.761907 0.450451 23.000000 11513.784091
3.781917 0.448622 23.003146 11543.146067
3.801927 0.448860 23.019545 11575.159091
3.821938 0.451874 23.004396 11614.571429
3.841948 0.448964 23.010909 11638.613636
3.861958 0.450177 23.007111 11676.422222
3.881968 0.450344 23.000000 11703.887640
3.901978 0.450472 23.000000 11731.700000
3.921988 0.452362 23.000000 11768.011364
3.941998 0.449957 23.000000 11791.988889
3.962009 0.452413 23.012273 11825.011364
3.982019 0.453968 23.024368 11856.103448
4.002029 0.452699 23.008989 11880.561798
4.022039 0.456107 23.015172 11920.275862
4.042049 0.454560 23.016092 11944.126437
4.062059 0.455652 23.003111 11979.333333
4.082069 0.457430 23.000000 12012.517241
4.102080 0.455866 23.000000 12039.735632
4.122090 0.457145 23.014713 12076.666667
4.142100 0.456839 23.040000 12104.409091
4.162110 0.455418 23.006897 12133.252874
4.182120 0.458160 23.029213 12169.539326
4.202130 0.456365 23.006437 12191.482759
4.222140 0.456320 23.008636 12226.772727
4.242151 0.457803 23.007727 12253.136364
4.262161 0.456756 23.000000 12278.908046
4.282171 0.458038 23.000000 12315.712644
4.302181 0.455711 23.011818 12335.659091
4.322191 0.457390 23.033103 12371.310345
4.342201 0.459485 23.012414 12398.517241
4.362211 0.457580 23.021149 12426.413793
4.382222 0.458724 23.030562 12462.955056
4.402232 0.457220 23.005057 12488.448276
4.422242 0.456331 23.003182 12521.090909
4.442252 0.459378 23.028571 12555.654762
4.462262 0.457344 23.027865 12579.269663
4.482272 0.458432 23.013182 12620.113636
4.502282 0.460873 23.008000 12644.129412
4.522293 0.460766 23.000000 12677.766667
4.542303 0.463956 23.000000 12714.542169
4.562313 0.462027 23.000000 12739.613636
4.582323 0.463707 23.009545 12780.431818
4.602333 0.466336 23.013647 12811.447059
4.622343 0.464563 23.000000 12841.857143
4.642353 0.465636 23.004091 12885.693182
4.662364 0.464219 23.012558 12911.325581
4.682374 0.462873 23.032558 12955.255814
4.702384 0.465002 23.036706 12991.870588
4.722394 0.463191 23.007191 13024.146067
4.742404 0.462737 23.002326 13073.267442
4.762414 0.464095 23.009412 13101.000000
4.782424 0.463387 23.000000 13144.204545
4.802435 0.466198 23.003765 13189.070588
4.822445 0.463430 23.018851 13219.241379
4.842455 0.465086 23.003373 13271.987952
4.862465 0.467920 23.008941 13304.952941
4.882475 0.466623 23.000000 13346.767442
4.902485 0.468541 23.000000 13398.712644
4.922495 0.467280 23.000000 13429.094118
4.942506 0.466425 23.019524 13481.309524
4.962516 0.469863 23.048276 13522.689655
4.982526 0.467645 23.024828 13561.183908
5.002536 0.468328 23.013810 13617.571429
5.022546 0.470184 23.027294 13648.776471
5.042556 0.469587 23.005909 13700.875000
5.062567 0.472885 23.007143 13748.511905
5.082577 0.470016 23.028571 13785.404762
5.102587 0.471153 23.000000 13847.273810
5.122597 0.473732 23.002353 13884.682353
5.142607 0.472684 23.018571 13937.119048
5.162617 0.474869 23.002892 13998.867470
5.182627 0.474988 23.005455 14038.897727
5.202638 0.475745 23.006265 14110.156627
5.222648 0.478680 23.019759 14161.108434
5.242658 0.477691 23.024286 14216.595238
5.262668 0.477482 23.003810 14293.392857
5.282678 0.478590 23.009412 14341.200000
5.302688 0.478249 23.003855 14415.590361
5.322698 0.480616 23.010120 14484.289157
5.342709 0.477998 23.002927 14540.109756
5.362719 0.479481 23.009524 14626.178571
5.382729 0.481691 23.004235 14683.917647
5.402739 0.480177 23.025542 14758.024096
5.422749 0.481954 23.006341 14841.792683
5.442759 0.481025 23.016386 14897.975904
5.462769 0.481175 23.020723 14987.783133
5.482780 0.484574 23.012683 15059.878049
5.502790 0.483585 23.010120 15131.421687
5.522800 0.483792 23.000488 15228.719512
5.542810 0.483923 23.009048 15294.726190
5.562820 0.484239 23.015122 15386.987805
5.582830 0.486521 23.003333 15479.297619
5.602840 0.484170 23.019753 15553.160494
5.622851 0.485235 23.001429 15659.916667
5.642861 0.488017 23.010000 15739.787500
5.662871 0.485092 23.008095 15830.047619
5.682881 0.485950 23.006420 15934.864198
5.702891 0.484692 23.003810 16010.821429
5.722901 0.484688 23.008095 16114.833333
5.742911 0.487441 23.015309 16205.691358
5.762922 0.485506 23.025854 16286.207317
5.782932 0.487036 23.007711 6520.433735
5.802942 0.487716 23.009268 83.707317
5.822952 0.488020 23.023902 172.658537
5.842962 0.490144 23.015500 266.837500
5.862972 0.488399 23.006747 335.240964
5.882982 0.488935 23.009877 427.160494
5.902993 0.491401 23.008500 502.387500
5.923003 0.488367 23.016000 571.741176
5.943013 0.490656 23.010370 661.234568
5.963023 0.488655 23.034000 722.750000
5.983033 0.489696 23.023133 795.481928
6.003043 0.492528 23.014500 875.137500
6.023053 0.491216 23.004444 932.777778
6.043064 0.491431 23.007805 1014.036585
6.063074 0.491511 23.000000 1081.632911
6.083084 0.490768 23.000000 1145.555556
6.103094 0.492899 23.009877 1230.666667
6.123104 0.491696 23.002439 1289.512195
6.143114 0.492811 23.000000 1363.425000
6.163124 0.495717 23.000000 1440.209877
6.183135 0.494037 23.000000 1496.925926
6.203145 0.496081 23.000000 1581.275000
6.223155 0.494038 23.000000 1642.300000
6.243165 0.495557 23.000000 1705.123457
6.263175 0.495523 23.010602 1785.397590
