serial number: RI70_21217412
torque: 4
start_temp: 24 (24)
finish_temp: 24 (24)
note: asdfasdf
0.000000 nan nan nan
0.020010 nan nan nan
0.040020 nan nan nan
0.060030 nan nan nan
0.080041 nan nan nan
0.100051 nan nan nan
0.120061 nan nan nan
0.140071 nan nan nan
0.160081 nan nan nan
0.180091 nan nan nan
0.200101 nan nan nan
0.220112 nan nan nan
0.240122 nan nan nan
0.260132 nan nan nan
0.280142 nan nan nan
0.300152 nan nan nan
0.320162 nan nan nan
0.340172 nan nan nan
0.360183 nan nan nan
0.380193 nan nan nan
0.400203 nan nan nan
0.420213 nan nan nan
0.440223 nan nan nan
0.460233 nan nan nan
0.480243 nan nan nan
0.500254 nan nan nan
0.520264 nan nan nan
0.540274 nan nan nan
0.560284 nan nan nan
0.580294 nan nan nan
0.600304 nan nan nan
0.620314 nan nan nan
0.640325 nan nan nan
0.660335 nan nan nan
0.680345 nan nan nan
0.700355 nan nan nan
0.720365 nan nan nan
0.740375 nan nan nan
0.760385 nan nan nan
0.780396 nan nan nan
0.800406 nan nan nan
0.820416 nan nan nan
0.840426 nan nan nan
0.860436 nan nan nan
0.880446 nan nan nan
0.900456 nan nan nan
0.920467 nan nan nan
0.940477 0.090769 24.000000 4292.421687
0.960487 0.088821 24.000000 4307.321429
0.980497 0.092807 24.000000 4334.574074
1.000507 0.090206 24.000000 4364.324324
1.020517 0.092261 24.000000 4386.305556
1.040528 0.087660 24.000000 4424.887931
1.060538 0.087364 24.000000 4447.562500
1.080548 0.091177 24.000000 4482.972727
1.100558 0.090593 24.000000 4519.645455
1.120568 0.089858 24.000000 4546.133929
1.140578 0.089332 24.000000 4591.035714
1.160588 0.086624 24.000000 4617.692982
1.180599 0.091977 24.000000 4655.500000
1.200609 0.088718 24.000000 4696.500000
1.220619 0.085682 24.000000 4721.186441
1.240629 0.089713 24.000000 4766.663636
1.260639 0.087024 24.000000 4796.060345
1.280649 0.091951 24.000000 4826.574074
1.300659 0.087668 24.000000 4864.649123
1.320670 0.081409 24.000000 4885.696721
1.340680 0.090787 24.000000 4920.154545
1.360690 0.087122 24.000000 4949.637931
1.380700 0.088206 24.000000 4970.380531
1.400710 0.089621 24.000000 5008.214286
1.420720 0.088890 24.000000 5027.252252
1.440730 0.087984 24.000000 5060.853448
1.460741 0.087612 24.000000 5093.071429
1.480751 0.086361 24.000000 5115.594828
1.500761 0.085985 24.000000 5156.000000
1.520771 0.086012 24.000000 5184.258621
1.540781 0.089237 24.000000 5216.236842
1.560791 0.088634 24.000000 5260.178571
1.580801 0.083690 24.000000 5283.033333
1.600812 0.082743 24.000000 5327.245902
1.620822 0.084371 24.000000 5361.296610
1.640832 0.086919 24.000000 5394.823009
1.660842 0.081958 24.000000 5443.373984
1.680852 0.081496 24.000000 5473.950820
1.700862 0.086680 24.000000 5518.534483
1.720872 0.087147 24.000000 5563.172414
1.740883 0.086636 24.000000 5595.557522
1.760893 0.087172 24.000000 5650.077586
1.780903 0.084932 24.000000 5688.847458
1.800913 0.089649 24.000000 5733.724771
1.820923 0.088102 24.000000 5788.807018
1.840933 0.082408 24.000000 5824.235772
1.860943 0.083803 24.000000 5884.627119
1.880954 0.076423 24.000000 5933.656489
1.900964 0.083153 24.000000 5979.550000
1.920974 0.082897 24.000000 6043.941667
1.940984 0.079399 24.000000 6088.643411
1.960994 0.080689 24.000000 6150.739837
1.981004 0.080275 24.000000 6212.266129
2.001014 0.080840 24.000000 6259.440000
2.021025 0.076982 24.000000 6331.882812
2.041035 0.076835 24.000000 6387.561538
2.061045 0.080785 24.000000 6450.112000
2.081055 0.081386 24.000000 6525.016260
2.101065 0.075538 24.000000 6578.603053
2.121075 0.081454 24.000000 6660.414634
2.141085 0.074236 24.000000 6734.437037
2.161096 0.078883 24.000000 6799.242188
2.181106 0.081400 24.000000 6887.262295
2.201116 0.072799 24.000000 6956.211679
2.221126 0.080095 24.000000 7043.451613
2.241136 0.082815 24.000000 7135.770492
2.261146 0.080665 24.000000 7205.846774
2.281156 0.078162 24.000000 7304.669291
2.301167 0.065686 24.000000 7392.209150
2.321177 0.078860 24.000000 7478.929688
2.341187 0.079288 24.000000 7585.642857
2.361197 0.068741 24.000000 7661.150685
2.381207 0.078313 24.000000 7765.765625
2.401217 0.075536 24.000000 7869.534351
2.421227 0.081693 24.000000 7952.943089
2.441238 0.080098 24.000000 8062.674603
2.461248 0.068602 24.000000 8154.246575
2.481258 0.071675 24.000000 8254.189781
2.501268 0.080188 24.000000 8364.448000
2.521278 0.078510 24.000000 8446.414062
2.541288 0.074488 24.000000 8553.045455
2.561298 0.072933 24.000000 8657.221429
2.581309 0.079815 24.000000 8744.804878
2.601319 0.080240 24.000000 8852.760000
2.621329 0.070329 24.000000 8936.552448
2.641339 0.068838 24.000000 9034.705479
2.661349 0.063278 24.000000 9142.746835
2.681359 0.076930 24.000000 9215.906250
2.701369 0.078742 24.000000 9312.571429
2.721380 0.073476 24.000000 9400.666667
2.741390 0.081554 24.000000 9481.409836
2.761400 0.079642 24.000000 9581.132812
2.781410 0.075955 24.000000 9645.738462
2.801420 0.077395 24.000000 9727.582677
2.821430 0.071190 24.000000 9812.517483
2.841440 0.079408 24.000000 9875.592000
2.861451 0.077836 24.000000 9959.976562
2.881461 0.064817 24.000000 10020.136364
2.901471 0.075072 24.000000 10088.759398
2.921481 0.073810 24.000000 10167.369565
2.941491 0.080962 24.000000 10218.081967
2.961501 0.076808 24.000000 10287.705426
2.981511 0.070714 24.000000 10351.447552
3.001522 0.069884 24.000000 10407.083333
3.021532 0.073639 24.000000 10477.074074
3.041542 0.071893 24.000000 10521.224638
3.061552 0.070763 24.000000 10579.857143
3.081562 0.070902 24.000000 10642.711268
3.101572 0.077441 24.000000 10687.068702
3.121583 0.080515 24.000000 10749.483871
3.141593 0.072200 24.000000 10792.350365
3.161603 0.079320 24.000000 10842.236220
3.181613 0.077968 24.000000 10900.382812
3.201623 0.080479 24.000000 10936.459677
3.221633 0.077393 24.000000 10990.286822
3.241643 0.071249 24.000000 11034.671429
3.261654 0.080310 24.000000 11074.395161
3.281664 0.081846 24.000000 11127.992000
3.301674 0.077822 24.000000 11161.593750
3.321684 0.078306 24.000000 11206.952000
3.341694 0.070714 24.000000 11250.316901
3.361704 0.082050 24.000000 11282.644628
3.381714 0.079766 24.000000 11329.400000
3.401725 0.072942 24.000000 11360.797101
3.421735 0.078472 24.000000 11398.984252
3.441745 0.072621 24.000000 11440.647482
3.461755 0.078362 24.000000 11466.774194
3.481765 0.078935 24.000000 11507.692913
3.501775 0.076433 24.000000 11540.234848
3.521785 0.075316 24.000000 11571.526718
3.541796 0.079590 24.000000 11611.468254
3.561806 0.078508 24.000000 11635.468750
3.581816 0.078768 24.000000 11670.763780
3.601826 0.076285 24.000000 11701.450382
3.621836 0.077389 24.000000 11727.767442
3.641846 0.080562 24.000000 11764.468254
3.661856 0.079402 24.000000 11788.774194
3.681867 0.083511 24.000000 11820.564103
3.701877 0.079762 24.000000 11853.507937
3.721887 0.082374 24.000000 11877.528926
3.741897 0.083283 24.000000 11916.652893
3.761907 0.073012 24.000000 11942.323529
3.781917 0.083681 24.000000 11975.058333
3.801927 0.081294 24.000000 12010.911290
3.821938 0.079858 24.000000 12036.284553
3.841948 0.081727 24.000000 12073.406504
3.861958 0.069937 24.000000 12102.666667
3.881968 0.074907 24.000000 12130.462687
3.901978 0.082178 24.000000 12167.237705
3.921988 0.084293 24.000000 12189.094828
3.941998 0.083758 24.000000 12222.380165
3.962009 0.083642 24.000000 12251.675000
3.982019 0.081832 24.000000 12276.471545
4.002029 0.083142 24.000000 12313.050000
4.022039 0.083240 24.000000 12334.275000
4.042049 0.083939 24.000000 12368.235294
4.062059 0.084870 24.000000 12397.965812
4.082069 0.085561 24.000000 12424.152542
4.102080 0.083225 24.000000 12459.907563
4.122090 0.080165 24.000000 12486.062992
4.142100 0.083884 24.000000 12517.899160
4.162110 0.083155 24.000000 12554.119658
4.182120 0.082909 24.000000 12577.000000
4.202130 0.083657 24.000000 12616.075000
4.222140 0.081051 24.000000 12643.593496
4.242151 0.086462 24.000000 12674.543103
4.262161 0.086089 24.000000 12712.649573
4.282171 0.077054 24.000000 12737.140625
4.302181 0.083581 24.000000 12776.760331
4.322191 0.081346 24.000000 12810.569106
4.342201 0.084640 24.000000 12839.310924
4.362211 0.086893 24.000000 12882.451327
4.382222 0.084356 24.000000 12908.697479
4.402232 0.084712 24.000000 12951.266667
4.422242 0.087755 24.000000 12991.078947
4.442252 0.087479 24.000000 13019.973684
4.462262 0.083647 24.000000 13068.441667
4.482272 0.085441 24.000000 13099.620690
4.502282 0.086591 24.000000 13141.095652
4.522293 0.089351 24.000000 13186.946903
4.542303 0.084981 24.000000 13216.025424
4.562313 0.083598 24.000000 13267.975000
4.582323 0.086264 24.000000 13304.379310
4.602333 0.088462 24.000000 13343.243243
4.622343 0.086430 24.000000 13395.299145
4.642353 0.082933 24.000000 13426.225000
4.662364 0.080402 24.000000 13479.047619
4.682374 0.088629 24.000000 13521.732143
4.702384 0.088670 24.000000 13555.288288
4.722394 0.087547 24.000000 13612.886957
4.742404 0.084791 24.000000 13647.508475
4.762414 0.087991 24.000000 13696.394737
4.782424 0.091144 24.000000 13746.155963
4.802435 0.087334 24.000000 13779.860870
4.822445 0.088788 24.000000 13842.265487
4.842455 0.088773 24.000000 13883.796460
4.862465 0.091934 24.000000 13932.157407
4.882475 0.090282 24.000000 13995.145455
4.902485 0.084743 24.000000 14034.016807
4.922495 0.088227 24.000000 14102.938053
4.942506 0.089878 24.000000 14158.937500
4.962516 0.089363 24.000000 14209.723214
4.982526 0.088417 24.000000 14286.767857
5.002536 0.088225 24.000000 14336.850877
5.022546 0.087269 24.000000 14407.508772
5.042556 0.092077 24.000000 14478.227273
5.062567 0.087791 24.000000 14531.767857
5.082577 0.084592 24.000000 14618.184874
5.102587 0.088345 24.000000 14680.141593
5.122597 0.091347 24.000000 14747.385321
5.142607 0.089909 24.000000 14831.081081
5.162617 0.089434 24.000000 14890.368421
5.182627 0.089887 24.000000 14980.540541
5.202638 0.092940 24.000000 15055.710280
5.222648 0.092016 24.000000 15121.592593
5.242658 0.088612 24.000000 15217.684211
5.262668 0.089969 24.000000 15287.818182
5.282678 0.091532 24.000000 15377.427273
5.302688 0.094211 24.000000 15471.719626
5.322698 0.085782 24.000000 15543.217391
5.342709 0.084174 24.000000 15647.100000
5.362719 0.086099 24.000000 15732.660870
5.382729 0.093124 24.000000 15818.715596
5.402739 0.094235 24.000000 15923.601942
5.422749 0.092335 24.000000 16001.165138
5.442759 0.093301 24.000000 16102.537037
5.462769 0.094373 24.000000 16197.264151
5.482780 0.094613 24.000000 16274.600000
5.502790 0.085087 24.000000 8805.924370
5.522800 0.088174 24.000000 76.178571
5.542810 0.092607 24.017778 161.166667
5.562820 0.092850 24.010000 256.129630
5.582830 0.091456 24.000000 324.681818
5.602840 0.089499 24.000000 415.946429
5.622851 0.085950 24.000000 497.715517
5.642861 0.091359 24.000000 563.545455
5.662871 0.090498 24.000000 648.293578
5.682881 0.089236 24.000000 715.097345
5.702891 0.092025 24.000000 786.425926
5.722901 0.094761 24.000000 852.807692
5.742911 nan nan nan
5.762922 nan nan nan
5.782932 nan nan nan
5.802942 nan nan nan
5.822952 nan nan nan
5.842962 nan nan nan
5.862972 nan nan nan
5.882982 nan nan nan
5.902993 nan nan nan
5.923003 nan nan nan
5.943013 nan nan nan
5.963023 nan nan nan
5.983033 nan nan nan
6.003043 nan nan nan
6.023053 nan nan nan
6.043064 nan nan nan
6.063074 nan nan nan
6.083084 nan nan nan
6.103094 nan nan nan
6.123104 nan nan nan
6.143114 nan nan nan
6.163124 nan nan nan
6.183135 nan nan nan
6.203145 nan nan nan
6.223155 nan nan nan
6.243165 nan nan nan
6.263175 nan nan nan
