serial number: RI70_21217412
torque: 8
start_temp: 25 (25)
finish_temp: 25 (26)
note: przed poprawkami bez flanszy
0.000000 0.542818 25.014759 7261.021390
0.020010 0.540821 25.023871 7375.247312
0.040020 0.544751 25.018222 7895.450000
0.060030 0.540209 25.007784 8116.805405
0.080041 0.542073 25.002947 8092.273684
0.100051 0.544731 25.010710 7343.551913
0.120061 0.540972 25.015556 8429.727778
0.140071 0.545179 25.011739 7899.760870
0.160081 0.542407 25.012459 6963.879781
0.180091 0.543447 25.014545 6703.235294
0.200101 0.546397 25.028197 7380.142077
0.220112 0.541080 25.014105 8183.494737
0.240122 0.544639 25.016129 7459.688172
0.260132 0.544451 25.006889 6899.611111
0.280142 0.543207 25.003297 7514.692308
0.300152 0.546910 25.007213 7338.120219
0.320162 0.542619 25.005967 7646.779006
0.340172 0.544713 25.006417 7737.133690
0.360183 0.546966 25.012459 6954.956284
0.380193 0.543387 25.019235 8406.765027
0.400203 0.547778 25.027609 7288.467391
0.420213 0.544436 25.018889 7905.722222
0.440223 0.545346 25.009247 7470.392473
0.460233 0.548229 25.018043 8260.277174
0.480243 0.543481 25.012222 6725.500000
0.500254 0.546388 25.001547 8125.370166
0.520264 0.546092 25.010492 7881.469945
0.540274 0.543900 25.012775 7528.141361
0.560284 0.547664 25.010166 8467.806630
0.580294 0.543560 25.013763 7521.677419
0.600304 0.545438 25.023568 7506.194595
0.620314 0.547957 25.027182 8145.519337
0.640325 0.544817 25.015519 7847.284153
0.660335 0.548889 25.012444 7245.644444
0.680345 0.545579 25.008261 8012.418478
0.700355 0.546942 25.008298 7982.648936
0.720365 0.550477 25.004545 8346.454545
0.740375 0.546070 25.005405 7916.421622
0.760385 0.550501 25.017079 7804.500000
0.780396 0.549856 25.009514 8270.394595
0.800406 0.549021 25.001099 7619.664835
0.820416 0.553079 25.003146 7629.528090
0.840426 0.549867 25.008268 7992.452514
0.860436 0.551339 25.026230 7324.147541
0.880446 0.553345 25.028508 8831.917127
0.900456 0.550443 25.009231 7364.241758
0.920467 0.554426 25.020000 7918.949438
0.940477 0.551753 25.011739 7829.315217
0.960487 0.553426 25.010110 8147.318681
0.980497 0.556642 25.020552 7770.563536
1.000507 0.552429 25.009663 8394.876404
1.020517 0.556563 25.011778 7108.722222
1.040528 0.555308 25.006034 7849.122905
1.060538 0.554798 25.021099 8037.450549
1.080548 0.558851 25.025393 8557.825843
1.100558 0.556057 25.006957 6822.586957
1.120568 0.558078 25.018652 8047.803371
1.140578 0.560099 25.011136 7711.340909
1.160588 0.557412 25.021695 7354.734463
1.180599 0.560975 25.010273 7871.797814
1.200609 0.557584 25.022022 7709.674157
1.220619 0.558991 25.015351 7864.254054
1.240629 0.561680 25.013258 8073.252809
1.260639 0.558258 25.022373 7480.706215
1.280649 0.562531 25.015056 8099.837079
1.300659 0.560836 25.007684 7691.011299
1.320670 0.560003 25.003842 7942.717514
1.340680 0.563710 25.012360 8049.955056
1.360690 0.560160 25.017778 7150.505556
1.380700 0.561996 25.006292 8364.078652
1.400710 0.564083 25.010337 7719.685393
1.420720 0.561749 25.002807 7843.631579
1.440730 0.566137 25.010787 8545.567416
1.460741 0.562457 25.005111 7554.972222
1.480751 0.564684 25.004615 7930.840659
1.500761 0.567520 25.024142 7764.420118
1.520771 0.563830 25.017017 7125.740331
1.540781 0.567576 25.008814 8768.519774
1.560791 0.565951 25.002500 7390.511364
1.580801 0.566125 25.007293 7079.701657
1.600812 0.569797 25.021882 7733.100000
1.620822 0.566667 25.011236 8150.011236
1.640832 0.568459 25.015086 7208.188571
1.660842 0.569609 25.016723 7782.440678
1.680852 0.567489 25.027045 7234.261364
1.700862 0.571227 25.016136 7351.545455
1.720872 0.566915 25.013413 7870.101796
1.740883 0.568534 25.010053 7387.181818
1.760893 0.571481 25.025965 8356.847953
1.780903 0.568376 25.020800 7698.960000
1.800913 0.572429 25.010444 7333.533333
1.820923 0.569992 25.018531 7902.062147
1.840933 0.570752 25.029302 8420.639535
1.860943 0.574774 25.027545 7373.185629
1.880954 0.570619 25.024859 7715.124294
1.900964 0.572572 25.022667 7842.583333
1.920974 0.572690 25.013176 7519.464706
1.940984 0.570250 25.014365 7870.812155
1.960994 0.574924 25.019401 7312.257485
1.981004 0.571645 25.027473 7916.961538
2.001014 0.572902 25.015673 8053.818713
2.021025 0.575026 25.009829 8188.405714
2.041035 0.571692 25.005747 7872.005747
2.061045 0.575717 25.017011 7764.540230
2.081055 0.572658 25.035730 7394.730337
2.101065 0.573755 25.023815 7395.757225
2.121075 0.576875 25.008605 7489.308140
2.141085 0.572780 25.012584 7315.140449
2.161096 0.575335 25.029885 7214.925287
2.181106 0.575872 25.022529 8209.913793
2.201116 0.572941 25.012706 7689.100000
2.221126 0.577313 25.018636 7254.130682
2.241136 0.573063 25.019886 7708.411429
2.261146 0.575229 25.019070 8030.953488
2.281156 0.576731 25.013029 7174.565714
2.301167 0.573920 25.010057 8651.508571
2.321177 0.577626 25.017988 7881.733728
2.341187 0.574652 25.026364 7831.653409
2.361197 0.575817 25.013486 8348.457143
2.381207 0.579147 25.010526 7865.561404
2.401217 0.575536 25.002573 7831.672515
2.421227 0.578896 25.011136 7664.926136
2.441238 0.578461 25.009195 7783.810345
2.461248 0.576598 25.027586 7868.936782
2.481258 0.580368 25.021395 7491.063953
2.501268 0.576565 25.005581 8562.860465
2.521278 0.578128 25.000930 7999.569767
2.541288 0.580046 25.006591 7060.562500
2.561298 0.576603 25.033882 7996.335294
2.581309 0.580150 25.037011 7558.500000
2.601319 0.576989 25.039302 7820.459302
2.621329 0.577973 25.052326 7136.587209
2.641339 0.581583 25.017310 6999.362573
2.661349 0.479177 25.008727 7967.272727
2.681359 0.507425 25.008372 8440.706977
2.701369 0.540645 25.020600 7967.385000
2.721380 0.552313 25.034455 7733.707921
2.741390 0.561808 25.028163 7701.765306
2.761400 0.563146 25.021200 8957.505000
2.781410 0.565833 25.012834 7460.219251
2.801420 0.569053 25.019798 7623.681818
2.821430 0.568171 25.016754 7781.047120
2.841440 0.572160 25.012147 7331.361257
2.861451 0.569518 25.005685 8376.035533
2.881461 0.570917 25.006667 7962.458333
2.901471 0.575076 25.022366 8082.817204
2.921481 0.571717 25.018680 7927.005076
2.941491 0.573755 25.008042 7586.465608
2.961501 0.572282 25.005128 7420.512821
2.981511 0.571635 25.009474 7416.757895
3.001522 0.575342 25.010526 7149.742105
3.021532 0.571904 25.015130 8477.875648
3.041542 0.572937 25.018256 7395.487179
3.061552 0.574996 25.017592 8012.560209
3.081562 0.571870 25.016085 7939.026455
3.101572 0.575789 25.017617 7468.554404
3.121583 0.571799 25.017292 7854.651042
3.141593 0.573445 25.004536 7604.896907
3.161603 0.576495 25.009297 7843.427027
3.181613 0.572831 25.016884 7816.236181
3.201623 0.575426 25.015579 8294.121053
3.221633 0.573310 25.024375 7660.833333
3.241643 0.573214 25.022340 7684.861702
3.261654 0.576850 25.012642 8671.404145
3.281664 0.573334 25.010570 8843.875648
3.301674 0.574086 25.029841 6779.148148
3.321684 0.575499 25.010777 7250.336788
3.341694 0.572837 25.002328 7476.968254
3.361704 0.576380 25.016471 7522.272727
3.381714 0.572176 25.014943 8081.402299
3.401725 0.573322 25.003678 8265.632184
3.421735 0.575590 25.005287 7542.798851
3.441745 0.572932 25.014607 7191.455056
3.461755 0.575364 25.011696 8491.941520
3.481765 0.572180 25.028475 8293.796610
3.501775 0.572980 25.015581 7424.459302
3.521785 0.576332 25.004855 7344.867052
3.541796 0.572895 25.005486 8164.240000
3.561806 0.574577 25.009767 7740.470930
3.581816 0.575264 25.014463 7498.440678
3.601826 0.572709 25.017273 7441.255682
3.621836 0.577323 25.013873 7794.549133
3.641846 0.572448 25.006977 7850.412791
3.661856 0.574471 25.004471 7548.235294
3.681867 0.577682 25.001788 7967.379888
3.701877 0.573198 25.000000 8301.450292
3.721887 0.575823 25.003146 7513.073034
3.741897 0.573771 25.021503 7612.184971
3.761907 0.573411 25.011724 8347.045977
3.781917 0.577412 25.003977 8068.309942
3.801927 0.573161 25.002299 8097.563218
3.821938 0.574896 25.016271 7882.367232
3.841948 0.575601 25.011657 7676.125714
3.861958 0.573308 25.003931 7915.601156
3.881968 0.576572 25.000000 7077.023121
3.901978 0.572878 25.004773 6586.102273
3.921988 0.574063 25.008837 6966.953488
3.941998 0.576516 25.006591 8130.232955
3.962009 0.572480 25.002759 7852.298851
3.982019 0.575294 25.001860 7525.883721
4.002029 0.572208 25.007910 7864.372881
4.022039 0.571599 25.024181 7427.322034
4.042049 0.574784 25.016047 7944.017442
4.062059 0.570259 25.004667 8863.544444
4.082069 0.571630 25.003114 7698.485030
4.102080 0.572246 25.004068 7581.983051
4.122090 0.569323 25.000914 7914.274286
4.142100 0.571874 25.000698 8324.953488
4.162110 0.567040 25.004130 7781.847826
4.182120 0.567919 25.007126 7532.902299
4.202130 0.570318 25.012874 7323.551724
4.222140 0.566678 25.007821 7901.826816
4.242151 0.569693 25.011163 8207.098837
4.262161 0.565971 25.018444 6916.183333
4.282171 0.566165 25.014104 7795.884393
4.302181 0.569005 25.006927 7495.921788
4.322191 0.565244 25.007293 7631.309392
4.342201 0.567470 25.000000 8177.808140
4.362211 0.567150 25.000000 7377.142045
4.382222 0.565206 25.001341 7097.111732
4.402232 0.568540 25.004270 8118.662921
4.422242 0.563709 25.000462 8039.722543
4.442252 0.565529 25.004318 8066.028409
4.462262 0.567119 25.003636 7059.602273
4.482272 0.562789 25.014586 8275.027624
4.502282 0.565924 25.010514 7503.297143
4.522293 0.561576 25.000227 7550.329545
4.542303 0.561702 25.003820 7852.235955
4.562313 0.565158 25.003757 8789.276243
4.582323 0.559902 25.009143 7380.805714
4.602333 0.561815 25.013556 7022.266667
4.622343 0.560922 25.006292 8285.533708
4.642353 0.558409 25.010667 7568.544444
4.662364 0.561521 25.022444 8173.561111
4.682374 0.556727 25.012114 7707.908571
4.702384 0.557418 25.003297 7604.269231
4.722394 0.558612 25.004615 7129.181319
4.742404 0.554913 25.016629 7671.792135
4.762414 0.557674 25.022667 7961.161111
4.782424 0.553644 25.005169 6840.837079
4.802435 0.553904 25.004916 7756.106145
4.822445 0.555943 25.017901 7101.104972
4.842455 0.551125 25.010273 7956.027322
4.862465 0.552556 25.006780 8148.062147
4.882475 0.550936 25.010000 7840.315217
4.902485 0.549143 25.005745 8155.244681
4.922495 0.552207 25.009040 7393.954802
4.942506 0.548642 25.001556 7419.094444
4.962516 0.549351 25.008000 7875.740541
4.982526 0.550359 25.005622 7872.275676
5.002536 0.547573 25.009778 7829.227778
5.022546 0.550342 25.003978 7223.491713
5.042556 0.546770 25.000000 8074.043478
5.062567 0.546561 25.001739 8080.994565
5.082577 0.549944 25.011648 7909.087912
5.102587 0.544985 25.006522 7746.342391
5.122597 0.548045 25.009617 7135.240437
5.142607 0.546506 25.005393 6308.466292
5.162617 0.544681 25.009215 7305.282723
5.182627 0.548596 25.008046 7771.919540
5.202638 0.545036 25.005895 7383.689474
5.222648 0.546141 25.009836 7979.125683
5.242658 0.547236 25.007374 8565.759777
5.262668 0.543702 25.008087 7260.475410
5.282678 0.546257 25.012747 7750.208791
5.302688 0.541542 25.004255 7449.441489
5.322698 0.542212 25.011676 7550.994595
5.342709 0.544744 25.003209 7976.754011
5.362719 0.540757 25.009945 7409.939227
5.382729 0.543955 25.013548 7723.768817
5.402739 0.541549 25.010595 8048.000000
5.422749 0.540056 25.003696 8050.059783
5.442759 0.542898 25.003757 7382.762431
5.462769 0.538610 25.001270 7471.645503
5.482780 0.539663 25.008216 7414.881081
5.502790 0.540121 25.008936 7947.085106
5.522800 0.537819 25.007253 8092.395604
5.542810 0.541151 25.004946 6527.612903
5.562820 0.538023 25.007660 8232.994681
5.582830 0.539083 25.003716 7736.633880
5.602840 0.542465 25.005246 7575.065574
5.622851 0.538288 25.007914 7351.395722
5.642861 0.541703 25.000000 7826.206522
5.662871 0.539193 25.009892 8310.080645
5.682881 0.539323 25.008865 7562.572973
5.702891 0.542910 25.010794 7713.058201
5.722901 0.537927 25.007473 8113.335165
5.742911 0.539508 25.014486 7961.016216
5.762922 0.540732 25.012258 8420.413978
5.782932 0.538127 25.006138 7759.370370
5.802942 0.542393 25.002235 8185.525140
5.822952 0.537736 25.004167 6489.401042
5.842962 0.538899 25.008268 7452.849162
5.862972 0.542277 25.006737 7604.273684
5.882982 0.538154 25.015435 7702.288043
5.902993 0.541782 25.008723 7350.590426
5.923003 0.538915 25.006593 8268.076923
5.943013 0.538124 25.009198 7969.593583
5.963023 0.541802 25.010710 8210.590164
5.983033 0.536698 25.004301 7328.962366
6.003043 0.539277 25.013548 8243.204301
6.023053 0.539946 25.017634 8458.118280
6.043064 0.537574 25.023617 7206.287234
6.063074 0.541033 25.019565 7573.081522
6.083084 0.536833 25.007416 8159.207865
6.103094 0.538645 25.015544 7612.305699
6.123104 0.542307 25.015106 7219.042553
6.143114 0.538382 25.015217 8595.760870
6.163124 0.542444 25.014972 7551.927374
6.183135 0.539051 25.004021 8088.560847
6.203145 0.539879 25.003459 8160.659459
6.223155 0.543931 25.011461 6726.207865
6.243165 0.539824 25.009474 7520.105263
6.263175 0.542627 25.009180 8071.409836
