pierwsze dotarcie6.230,-25.812,27.0,22.0
12.622,-26.002,27.952380952380953,22.0
19.014,-25.449,28.0,22.0
25.106,-25.485,28.0,22.2
31.506,-24.343,28.0,23.0
37.898,-24.816,28.952380952380953,23.0
44.290,-24.306,29.0,23.0
50.378,-24.021,29.0,23.0
56.770,-24.477,29.0,23.0
63.166,-23.657,29.047619047619047,23.0
69.566,-24.108,29.714285714285715,23.0
75.654,-23.681,30.0,23.0
82.058,-24.007,30.0,23.285714285714285
88.454,-23.393,30.0,23.952380952380953
94.850,-23.644,30.0,24.0
100.938,-23.223,30.0,24.0
107.330,-23.019,30.428571428571427,24.0
113.722,-22.967,31.0,24.0
120.118,-22.492,31.0,24.0
126.206,-23.077,31.0,24.0
132.598,-22.426,31.0,24.095238095238095
138.990,-22.581,31.0,24.952380952380953
145.386,-21.915,31.0,25.0
151.474,-22.085,31.55,25.0
157.866,-22.212,32.0,25.0
164.258,-22.235,32.0,25.0
170.650,-22.239,32.0,25.0
177.042,-21.590,32.0,25.0
183.130,-21.719,32.0,25.25
189.526,-21.315,32.0,25.952380952380953
195.918,-21.335,32.04761904761905,26.0
202.314,-21.449,32.857142857142854,25.857142857142858
208.402,-21.522,33.0,26.0
214.794,-21.539,33.0,25.952380952380953
221.186,-21.214,33.0,26.0
227.578,-21.461,33.0,26.0
233.670,-20.897,33.0,25.95
240.058,-21.138,33.0,26.238095238095237
246.454,-20.402,33.095238095238095,26.428571428571427
252.850,-20.887,33.80952380952381,26.238095238095237
258.942,-20.819,34.0,26.0
265.338,-20.801,34.0,25.857142857142858
271.734,-20.427,34.0,25.238095238095237
278.134,-20.580,34.0,24.38095238095238
284.222,-20.211,34.0,24.75
290.618,-20.670,34.0,23.904761904761905
297.010,-19.908,34.0,22.952380952380953
303.410,-19.813,34.57142857142857,22.952380952380953
309.498,-19.593,35.0,22.65
315.906,-20.049,35.0,21.952380952380953
322.298,-19.722,35.0,21.0
328.690,-20.197,35.0,21.0
334.782,-19.344,35.0,21.0
341.178,-19.901,35.0,21.523809523809526
347.578,-19.512,35.0,22.238095238095237
353.978,-19.706,35.04761904761905,21.523809523809526
360.082,-19.629,35.5,21.5
366.478,-19.077,36.0,22.0
372.870,-19.227,36.0,22.0
379.274,-18.887,36.0,22.0
385.366,-19.497,36.0,22.0
391.762,-18.674,36.0,22.0
398.162,-19.221,36.0,22.0
404.258,-18.597,36.0,22.0
410.650,-18.988,36.0,22.0
417.046,-18.527,36.23809523809524,22.0
423.438,-19.167,36.904761904761905,22.428571428571427
429.830,-18.641,37.0,23.0
435.918,-18.860,37.0,23.0
442.310,-18.508,37.0,23.0
448.710,-18.371,37.0,23.0
455.106,-18.286,37.0,23.0
461.206,-18.635,37.0,23.0
467.598,-18.014,37.0,23.0
473.998,-18.182,37.0,23.0
480.390,-18.296,37.23809523809524,23.0
486.482,-18.512,37.85,23.0
492.878,-18.138,38.0,23.761904761904763
499.270,-18.004,38.0,24.0
505.374,-17.576,38.0,24.0
511.766,-18.251,38.0,23.952380952380953
518.158,-17.858,38.0,24.0
524.558,-18.138,38.0,24.0
530.950,-17.555,38.0,24.0
537.038,-18.203,38.0,24.0
543.430,-17.955,38.0,24.0
549.822,-17.782,38.19047619047619,24.0
556.214,-17.698,38.857142857142854,24.0
562.310,-18.092,39.0,24.0
568.706,-17.692,39.0,24.571428571428573
575.102,-17.743,39.0,25.0
581.494,-17.253,39.0,24.952380952380953
587.582,-17.399,39.0,25.0
593.982,-17.233,39.0,25.0
600.374,-17.379,39.0,25.0
606.766,-17.098,39.0,25.0
612.854,-16.774,39.05,25.0
619.250,-17.223,39.23809523809524,25.0
625.642,-17.032,39.904761904761905,24.666666666666668
632.034,-17.157,40.0,24.571428571428573
638.122,-16.718,40.0,24.45
644.514,-17.247,40.0,24.523809523809526
650.906,-17.139,40.0,24.428571428571427
657.298,-16.713,40.0,24.333333333333332
663.386,-16.798,40.0,24.3
669.778,-16.709,40.0,24.285714285714285
676.170,-16.985,40.0,24.142857142857142
682.562,-16.484,40.0,24.857142857142858
688.654,-17.018,40.0,25.0
695.046,-16.718,40.142857142857146,24.571428571428573
701.442,-17.006,40.76190476190476,24.238095238095237
707.842,-16.738,41.0,24.285714285714285
713.934,-17.013,41.0,24.05
720.326,-16.928,41.0,24.0
726.722,-17.216,41.0,24.428571428571427
733.118,-16.625,41.0,25.0
739.206,-16.957,41.0,25.0
745.598,-16.328,41.0,25.0
751.990,-16.758,41.0,25.0
758.382,-16.763,41.0,25.0
764.470,-16.216,41.0,25.0
770.874,-16.048,41.0,25.0
777.270,-16.643,41.0,25.0
783.666,-16.171,41.0,25.0
790.058,-16.167,41.0,25.0
796.146,-16.678,41.0,25.8
802.542,-16.248,41.333333333333336,26.0
808.938,-16.530,41.857142857142854,26.0
815.330,-16.078,42.0,26.0
821.418,-15.564,42.0,25.55
827.814,-16.097,42.0,25.095238095238095
834.210,-16.039,42.0,25.0
840.606,-16.623,42.0,25.0
846.694,-15.931,42.0,25.0
853.090,-16.419,42.0,25.0
859.482,-16.161,42.0,25.0
865.878,-16.249,42.0,25.666666666666668
871.974,-15.775,42.0,26.0
878.366,-16.247,42.0,26.0
884.762,-15.803,42.0,26.0
891.158,-16.185,42.0,26.0
897.246,-15.633,42.0,26.0
903.642,-15.998,42.0,26.0
910.034,-15.490,42.0,26.0
916.426,-15.922,42.0,26.333333333333332
922.522,-15.769,42.1,26.95
928.918,-15.944,42.38095238095238,27.0
935.318,-15.357,42.857142857142854,27.0
941.710,-15.773,43.0,27.0
947.806,-15.320,43.0,27.0
954.198,-15.707,43.0,27.0
960.590,-15.511,43.0,27.0
966.982,-15.529,43.0,27.0
973.070,-15.897,43.0,27.0
979.466,-15.569,43.0,27.0
985.862,-16.058,43.0,27.0
992.274,-15.595,43.0,27.0
998.362,-15.405,43.0,27.0
1004.762,-15.935,43.0,27.0
1011.154,-15.342,43.0,27.0
1017.546,-15.390,43.095238095238095,27.0
1023.641,-15.492,43.05,27.0
1030.042,-15.755,43.23809523809524,27.0
1036.449,-14.998,43.38095238095238,27.0
1042.849,-15.594,43.904761904761905,27.0
1048.946,-15.471,44.0,27.6
1055.355,-15.070,44.0,28.0
1061.756,-15.488,44.0,28.0
1067.852,-15.253,44.0,28.0
1074.262,-15.449,44.0,28.0
1080.660,-15.250,44.0,28.0
1087.058,-14.946,44.0,28.0
1093.152,-15.103,44.0,28.0
1099.553,-15.302,44.0,28.0
1105.958,-15.273,44.0,28.0
1112.358,-15.953,44.0,28.0
1118.454,-15.108,44.0,27.85
1124.846,-15.185,44.0,27.952380952380953
1131.238,-14.795,44.0,28.0
1137.630,-15.331,44.0,28.0
1143.722,-14.966,44.0,28.0
1150.114,-15.185,44.0,28.0
1156.510,-14.930,44.0,28.0
1162.910,-15.214,44.0,28.0
1168.998,-14.685,44.1,28.0
1175.390,-14.956,44.714285714285715,28.142857142857142
1181.782,-14.903,44.857142857142854,28.857142857142858
1188.178,-14.712,45.0,29.0
1194.270,-14.623,45.0,29.0
1200.662,-14.687,45.0,29.0
1207.058,-14.775,45.0,29.0
1213.450,-14.659,45.0,29.0
1219.542,-15.189,45.0,28.25
1225.938,-14.899,45.0,28.0
1232.330,-15.159,45.0,28.0
1238.726,-14.361,45.0,28.0
1244.814,-15.279,45.0,28.0
1251.206,-14.661,45.0,28.857142857142858
1257.598,-15.235,45.0,29.0
1263.990,-14.111,45.0,29.0
1270.082,-14.415,45.0,29.0
1276.474,-14.677,45.0,29.0
1282.878,-14.358,45.0,29.0
1289.282,-13.942,45.0,29.0
1295.370,-14.241,45.1,29.0
1301.766,-14.292,45.285714285714285,29.0
1308.158,-14.356,45.476190476190474,29.0
1314.550,-14.300,45.904761904761905,29.0
