-0.495029 -14.659007 26.000000
-0.449022 -14.071526 26.000000
-0.396946 -13.286139 26.000000
-0.350236 -12.377446 26.000000
-0.298420 -11.526543 26.000000
-0.246434 -10.612452 26.000000
-0.199698 -9.598809 26.000000
-0.148049 -8.394852 26.000000
-0.101347 -7.066282 26.000000
-0.049423 -5.576164 26.000000
0.000000 0.000000 26.000000
0.048938 5.493269 26.000000
0.100737 7.034484 26.000000
0.147561 8.261107 26.000000
0.199577 9.402920 26.000000
0.246648 10.340479 26.000000
0.297862 11.385052 26.000000
0.350276 12.336390 26.000000
0.396973 13.309505 26.000000
0.449185 13.959825 26.000000
0.495860 14.622925 26.000000
0.547693 15.360878 26.000000
