0.495615 14.451502 26.120000
0.448910 13.805354 26.680000
0.397290 13.017672 26.960000
0.350372 12.245773 27.000000
0.298205 11.302210 27.000000
0.246467 10.431232 27.000000
0.200043 9.480900 27.000000
0.147986 8.190873 27.000000
0.101130 7.089258 27.000000
0.049484 5.745110 27.000000
0.000000 0.000000 27.000000
-0.049103 -5.656831 27.000000
-0.101024 -7.061989 27.000000
-0.147548 -8.125825 27.000000
-0.199587 -9.327802 27.000000
-0.246636 -10.115151 27.000000
-0.298666 -11.042989 27.000000
-0.350025 -12.155723 27.000000
-0.396715 -13.127938 27.000000
-0.449180 -13.898800 27.000000
-0.495627 -14.600174 27.000000
-0.547792 -15.230032 27.000000
