-0.994305 -18.804854 27.000000
-0.947583 -18.234231 27.000000
-0.895279 -17.620085 27.000000
-0.848613 -17.111404 27.000000
-0.797013 -16.521918 27.400000
-0.744788 -15.964275 27.920000
-0.698293 -15.349238 28.000000
-0.646413 -14.803063 28.000000
-0.599503 -14.213577 28.000000
-0.547718 -13.657935 28.000000
-0.495900 -12.941749 28.000000
-0.448682 -12.383857 28.000000
-0.396766 -11.761948 28.000000
-0.350494 -11.019680 28.000000
-0.298128 -10.176871 28.000000
-0.246892 -9.421806 28.000000
-0.199435 -8.595161 28.000000
-0.147760 -7.588421 28.000000
-0.101339 -6.509223 28.000000
-0.049106 -5.168944 28.000000
0.000000 0.000000 28.000000
0.048960 5.150216 28.000000
0.100608 6.527632 28.000000
0.147700 7.560710 28.000000
0.199724 8.477839 28.000000
0.246172 9.374774 28.000000
0.298475 10.098417 28.000000
0.350107 10.961635 28.000000
0.397322 11.889343 28.000000
0.449174 12.603151 28.000000
0.495703 13.176393 28.000000
0.547814 13.750974 28.000000
0.599618 14.307871 28.000000
0.646442 14.835137 28.000000
0.698103 15.317355 28.000000
0.745235 15.794357 28.000000
0.796982 16.317609 28.640000
0.848953 16.797851 29.000000
0.896017 17.235529 29.000000
0.947412 17.725160 29.000000
0.994118 18.119396 29.000000
