0.994174 18.029711 29.000000
0.947851 17.352727 29.000000
0.895485 16.830551 29.000000
0.848613 16.272311 29.000000
0.796633 15.665295 29.000000
0.744889 15.144112 29.000000
0.698164 14.543540 29.000000
0.646192 14.082843 29.000000
0.599520 13.448705 29.000000
0.547608 12.936214 29.000000
0.495854 12.272200 29.000000
0.448765 11.722018 29.000000
0.396827 11.001297 29.000000
0.350583 10.388766 29.000000
0.298347 9.663990 29.000000
0.246169 8.994705 29.480000
0.199932 8.095977 30.000000
0.147508 7.209644 30.000000
0.101286 6.283570 30.000000
0.049316 4.979411 30.000000
0.000000 0.000000 30.000000
-0.048949 -4.955202 30.000000
-0.100903 -6.306430 30.000000
-0.147757 -7.182575 30.000000
-0.199511 -8.113737 30.000000
-0.246688 -8.931092 30.000000
-0.298314 -9.633804 30.000000
-0.350139 -10.305558 30.000000
-0.396940 -11.067162 30.000000
-0.449072 -11.927047 30.000000
-0.495445 -12.470779 30.000000
-0.547642 -13.076896 30.000000
-0.599457 -13.574844 30.000000
-0.646600 -14.073916 30.000000
-0.698002 -14.618566 30.000000
-0.744906 -15.100016 30.000000
-0.796844 -15.576441 30.000000
-0.848861 -16.018168 30.000000
-0.895809 -16.505970 30.000000
-0.947250 -16.935726 30.000000
-0.994366 -17.262100 30.000000
