0.994209 16.588720 31.000000
0.947670 15.987373 32.000000
0.895452 15.516096 32.000000
0.848494 15.098621 32.000000
0.796581 14.500261 32.000000
0.744895 13.970211 32.000000
0.698282 13.438337 32.000000
0.646428 12.936947 32.000000
0.599541 12.394445 32.000000
0.547866 11.857804 32.000000
0.495670 11.279232 32.000000
0.448749 10.787846 32.000000
0.396993 10.125006 32.000000
0.350432 9.592733 32.000000
0.298416 8.924079 32.000000
0.246341 8.306895 32.000000
0.199922 7.483662 32.000000
0.147595 6.668075 32.000000
0.101174 5.878189 32.000000
0.049376 4.696284 32.000000
0.000000 0.000000 32.000000
-0.049004 -4.715815 32.000000
-0.100852 -5.913506 32.000000
-0.148003 -6.715241 32.000000
-0.199547 -7.506256 32.000000
-0.246755 -8.299651 32.000000
-0.298422 -9.007985 32.000000
-0.350100 -9.603953 32.000000
-0.397090 -10.177762 32.000000
-0.448961 -10.931389 32.000000
-0.495570 -11.551161 32.000000
-0.547711 -12.103103 32.000000
-0.599452 -12.630688 32.000000
-0.646485 -13.130069 32.000000
-0.697878 -13.626486 32.000000
-0.744968 -14.049601 32.000000
-0.796824 -14.495753 32.000000
-0.848781 -14.875270 32.000000
-0.895846 -15.302280 32.000000
-0.947231 -15.742763 32.000000
-0.994430 -16.027723 32.760000
