-0.994738 -15.369086 30.000000
-0.947535 -14.633514 30.000000
-0.895722 -14.074729 30.000000
-0.848804 -13.598204 30.000000
-0.796972 -13.079282 30.000000
-0.745078 -12.637243 30.000000
-0.698263 -12.188930 30.000000
-0.646329 -11.733239 30.000000
-0.599352 -11.274522 30.000000
-0.547545 -10.775958 30.000000
-0.495740 -10.254788 30.000000
-0.448869 -9.820480 30.000000
-0.396822 -9.216372 30.000000
-0.350456 -8.756916 30.000000
-0.298475 -8.118865 30.000000
-0.246691 -7.466382 30.000000
-0.199661 -6.824192 30.000000
-0.148039 -6.108767 30.000000
-0.101218 -5.305984 30.000000
-0.049275 -4.289487 30.000000
0.000000 0.000000 30.000000
0.048850 4.334227 30.000000
0.100976 5.299791 30.000000
0.147943 6.085469 30.000000
0.199835 6.864141 30.000000
0.246425 7.570715 30.000000
0.298454 8.310663 30.000000
0.350231 8.899970 30.000000
0.397183 9.446009 30.000000
0.449071 10.021065 30.000000
0.495686 10.510740 30.000000
0.547700 11.031730 30.000000
0.599556 11.527558 30.000000
0.646169 12.040377 30.000000
0.698166 12.533873 30.000000
0.744894 12.971222 30.000000
0.796853 13.355702 30.000000
0.848934 13.809951 30.000000
0.895654 14.201639 30.000000
0.947462 14.621448 30.000000
0.994012 14.942254 30.000000
