0.994233 14.908692 30.000000
0.947829 14.476783 30.000000
0.895333 14.071060 30.000000
0.848788 13.623122 30.000000
0.797022 13.133891 30.000000
0.744898 12.702220 30.000000
0.698241 12.218693 30.000000
0.646375 11.753609 30.000000
0.599395 11.330931 30.000000
0.547843 10.834819 30.000000
0.495606 10.349443 30.000000
0.448996 9.836347 30.000000
0.396873 9.223534 30.000000
0.350210 8.737940 30.000000
0.298468 8.223816 30.000000
0.246802 7.536447 30.000000
0.199660 6.817685 30.000000
0.147535 6.093911 30.000000
0.101415 5.365143 30.000000
0.049307 4.396540 30.000000
0.000000 0.000000 30.000000
-0.049254 -4.427006 30.000000
-0.101064 -5.413771 30.000000
-0.147836 -6.159014 30.000000
-0.199787 -6.919671 30.000000
-0.246239 -7.632764 30.000000
-0.298600 -8.279627 30.000000
-0.350549 -8.923091 30.000000
-0.396973 -9.443728 30.000000
-0.448984 -10.108561 30.000000
-0.495552 -10.578639 30.000000
-0.547412 -11.112564 30.000000
-0.599624 -11.614944 30.000000
-0.646483 -12.019239 30.000000
-0.698421 -12.516016 30.000000
-0.744917 -12.933428 30.000000
-0.797060 -13.393720 30.000000
-0.849052 -13.842247 30.000000
-0.895720 -14.196014 30.000000
-0.947615 -14.605027 30.000000
-0.994340 -14.992411 30.000000
