-0.495514 -14.383133 27.000000
-0.449039 -13.660672 27.000000
-0.397122 -12.946456 27.000000
-0.350311 -12.060435 27.000000
-0.298424 -11.218241 27.000000
-0.246278 -10.365684 27.000000
-0.199931 -9.346819 27.000000
-0.147993 -8.146872 27.000000
-0.101261 -6.929199 27.000000
-0.049439 -5.480203 27.000000
0.000000 0.000000 27.000000
0.048910 5.432294 27.000000
0.100756 6.879646 27.000000
0.147472 8.032046 27.000000
0.199412 9.192325 27.000000
0.246512 10.183012 27.000000
0.297843 11.033925 27.000000
0.350255 12.052705 27.000000
0.397100 13.001008 27.000000
0.449297 13.652139 27.000000
0.495974 14.299449 27.000000
0.547748 15.006675 27.000000
