-0.994267 -14.874242 30.000000
-0.947436 -14.420681 30.000000
-0.895615 -13.900694 30.000000
-0.848869 -13.500760 30.000000
-0.796896 -13.007039 30.000000
-0.744862 -12.566845 30.000000
-0.698275 -12.103214 30.000000
-0.646216 -11.667166 30.000000
-0.599474 -11.250275 30.000000
-0.547635 -10.733470 30.160000
-0.495778 -10.243071 30.440000
-0.448984 -9.778852 30.560000
-0.396736 -9.191626 31.000000
-0.350362 -8.714077 31.000000
-0.298628 -8.147719 31.000000
-0.246786 -7.451892 30.960000
-0.199724 -6.826465 30.880000
-0.148082 -6.119441 30.960000
-0.101016 -5.321686 30.880000
-0.049222 -4.273147 30.720000
0.000000 0.000000 30.080000
0.048950 4.330364 30.040000
0.100990 5.293845 30.000000
0.147865 6.068316 30.000000
0.199878 6.843300 30.000000
0.246183 7.523291 30.000000
0.298407 8.223549 30.000000
0.350208 8.843315 30.000000
0.397240 9.395041 30.000000
0.448861 9.983203 30.000000
0.495687 10.467420 30.000000
0.547714 10.947815 30.000000
0.599439 11.477913 30.000000
0.646256 11.913010 30.000000
0.698201 12.449135 30.000000
0.744914 12.861474 30.000000
0.796980 13.313330 30.000000
0.848929 13.744032 30.000000
0.895621 14.120950 30.000000
0.947502 14.534997 30.000000
0.994213 14.825437 30.080000
