0.994301 14.791749 30.840000
0.947755 14.347412 31.000000
0.895505 13.983901 31.000000
0.848643 13.551947 31.000000
0.796868 12.986435 31.000000
0.745042 12.637830 31.000000
0.698179 12.174104 31.000000
0.646425 11.695536 31.000000
0.599346 11.305174 31.000000
0.547808 10.758980 31.000000
0.495663 10.295607 31.000000
0.449159 9.809856 31.000000
0.397107 9.173023 31.000000
0.350216 8.727716 31.000000
0.298559 8.186121 31.000000
0.246900 7.517470 31.000000
0.199526 6.830847 31.000000
0.147589 6.116559 31.000000
0.101455 5.324451 31.000000
0.049303 4.375873 31.000000
0.000000 0.000000 31.000000
-0.049134 -4.433400 31.000000
-0.101049 -5.405274 31.000000
-0.147856 -6.151764 31.000000
-0.199655 -6.914002 31.000000
-0.246243 -7.657619 31.000000
-0.298664 -8.264610 31.000000
-0.350558 -8.886438 31.000000
-0.397076 -9.393057 31.000000
-0.449145 -9.984961 31.000000
-0.495663 -10.516352 31.000000
-0.547388 -11.059487 31.000000
-0.599519 -11.522771 31.000000
-0.646409 -11.973269 31.000000
-0.698320 -12.432228 31.000000
-0.745058 -12.842495 31.000000
-0.796983 -13.279542 31.000000
-0.848964 -13.694990 31.000000
-0.895712 -14.123549 31.000000
-0.947365 -14.558545 31.000000
-0.994383 -14.850839 31.000000
