-0.994382 -14.811136 31.000000
-0.947607 -14.329008 31.000000
-0.895510 -13.891527 31.000000
-0.848665 -13.437536 31.000000
-0.796987 -12.958727 31.000000
-0.744927 -12.531156 31.000000
-0.698411 -12.070757 31.000000
-0.646126 -11.625523 31.000000
-0.599385 -11.191107 31.000000
-0.547560 -10.712735 31.000000
-0.495727 -10.204070 31.000000
-0.448732 -9.763174 31.000000
-0.396843 -9.171648 31.000000
-0.350381 -8.716045 31.000000
-0.298414 -8.158539 31.000000
-0.246763 -7.494519 31.000000
-0.199687 -6.821531 31.000000
-0.147973 -6.105038 31.000000
-0.101213 -5.316329 31.000000
-0.049219 -4.291994 31.000000
0.000000 0.000000 31.000000
0.049007 4.325348 31.000000
0.100845 5.287899 31.000000
0.147765 6.087805 31.000000
0.199687 6.815841 31.000000
0.246268 7.482162 31.000000
0.298326 8.136947 31.000000
0.350337 8.721223 31.000000
0.397132 9.219539 31.000000
0.448932 9.813938 31.000000
0.495570 10.265817 31.000000
0.547581 10.804131 31.000000
0.599514 11.219013 31.000000
0.646207 11.694388 31.000000
0.698183 12.190882 31.000000
0.744861 12.627972 31.000000
0.797130 13.025667 31.000000
0.848939 13.391207 31.000000
0.895552 13.754750 31.000000
0.947485 14.190788 31.000000
0.994287 14.533894 31.000000
