0.994179 14.492716 31.000000
0.947599 14.054155 31.000000
0.895502 13.634990 31.000000
0.848951 13.251354 31.000000
0.797096 12.700549 31.000000
0.744745 12.312376 31.000000
0.698305 11.890716 31.000000
0.646434 11.396789 31.000000
0.599346 11.027826 31.000000
0.547813 10.601340 31.000000
0.495607 10.082006 31.000000
0.449024 9.668554 31.000000
0.397046 9.074529 31.000000
0.350262 8.650617 31.000000
0.298641 8.034303 31.000000
0.246741 7.383578 31.000000
0.199517 6.702484 31.000000
0.147576 5.984577 31.000000
0.101144 5.233430 31.000000
0.049326 4.312180 31.000000
0.000000 0.000000 31.000000
-0.049373 -4.324221 31.000000
-0.101127 -5.267056 31.000000
-0.147867 -6.025026 31.000000
-0.199690 -6.730982 31.000000
-0.246347 -7.489742 31.000000
-0.298703 -8.104844 31.000000
-0.350491 -8.720553 31.000000
-0.396952 -9.177356 31.000000
-0.448923 -9.779234 31.000000
-0.495601 -10.245746 31.000000
-0.547404 -10.762347 31.000000
-0.599578 -11.238004 31.000000
-0.646436 -11.651004 31.000000
-0.698413 -12.116772 31.000000
-0.744943 -12.472974 31.000000
-0.797069 -12.935386 31.000000
-0.849063 -13.382927 31.000000
-0.895517 -13.774888 31.000000
-0.947488 -14.154350 31.000000
-0.994503 -14.501424 31.000000
