0.495799 14.180056 27.000000
0.448930 13.489854 27.000000
0.397226 12.719693 27.000000
0.350291 12.011754 27.000000
0.298196 11.062649 27.000000
0.246431 10.212734 27.000000
0.200043 9.288032 27.000000
0.147954 8.060587 27.000000
0.101127 7.008736 27.000000
0.049350 5.658149 27.000000
0.000000 0.000000 27.000000
-0.049203 -5.603352 27.000000
-0.101030 -6.926311 27.000000
-0.147659 -8.053942 27.000000
-0.199566 -9.152658 27.000000
-0.246575 -9.961033 27.000000
-0.298552 -10.858347 27.000000
-0.350139 -11.838184 27.000000
-0.396431 -12.805780 27.000000
-0.449226 -13.514034 27.000000
-0.495601 -14.246917 27.000000
-0.547714 -14.870054 27.000000
