-0.495528 -14.055237 27.000000
-0.448953 -13.377967 27.000000
-0.397123 -12.643100 27.000000
-0.350084 -11.799648 27.000000
-0.298384 -11.052248 27.000000
-0.246319 -10.163881 27.000000
-0.199851 -9.163894 27.000000
-0.147940 -7.971732 27.000000
-0.101299 -6.816938 27.000000
-0.049445 -5.382646 27.000000
0.000000 0.000000 27.000000
0.049237 5.309140 27.000000
0.100861 6.768500 27.000000
0.147673 7.955249 27.000000
0.199414 8.989623 27.000000
0.246450 9.946835 27.000000
0.297880 10.947390 27.000000
0.350085 11.795955 27.000000
0.396991 12.808795 27.000000
0.448990 13.483773 27.000000
0.495752 14.092314 27.000000
0.547644 14.819269 27.000000
