0.495695 14.002707 27.000000
0.448885 13.339565 27.000000
0.397332 12.563829 27.000000
0.350473 11.876151 27.000000
0.298195 10.941688 27.000000
0.246416 10.119109 27.000000
0.199889 9.255172 27.000000
0.147928 7.965564 27.000000
0.101107 6.988143 27.000000
0.049522 5.657973 27.000000
0.000000 0.000000 27.000000
-0.049315 -5.519479 27.000000
-0.100872 -6.903186 27.000000
-0.147778 -7.914868 27.000000
-0.199559 -9.014540 27.000000
-0.246586 -9.916529 27.000000
-0.298720 -10.682678 27.000000
-0.350033 -11.697912 27.000000
-0.396533 -12.463177 27.000000
-0.449297 -13.400207 27.000000
-0.495708 -14.143496 27.000000
-0.547580 -14.761000 27.000000
