-0.495511 -13.952466 27.000000
-0.449136 -13.302537 27.000000
-0.397058 -12.542083 27.000000
-0.350137 -11.709474 27.200000
-0.298540 -10.984554 27.480000
-0.246326 -10.111877 27.440000
-0.199818 -9.123827 27.480000
-0.147938 -7.926221 27.800000
-0.101205 -6.765939 27.880000
-0.049483 -5.369932 27.960000
0.000000 0.000000 27.840000
0.049347 5.298320 28.000000
0.100732 6.729181 27.920000
0.147503 7.863907 28.000000
0.199549 8.984308 28.000000
0.246637 9.873583 28.000000
0.297936 10.705768 28.000000
0.350118 11.745492 28.000000
0.397066 12.672761 28.000000
0.449225 13.321662 28.000000
0.495893 13.946143 28.000000
0.547669 14.668577 28.000000
