0.495658 13.809031 28.000000
0.448896 13.182854 28.000000
0.397278 12.441120 28.000000
0.350479 11.748532 28.000000
0.298218 10.801698 28.000000
0.246598 10.002138 28.000000
0.199932 9.097349 28.000000
0.147987 7.854146 28.000000
0.101204 6.870897 28.000000
0.049463 5.564719 28.000000
0.000000 0.000000 28.000000
-0.049128 -5.489291 28.000000
-0.101136 -6.832301 28.000000
-0.147730 -7.819231 28.000000
-0.199678 -8.863161 28.000000
-0.246581 -9.709528 28.000000
-0.298607 -10.583306 28.000000
-0.350115 -11.546290 28.000000
-0.396499 -12.437471 28.000000
-0.449195 -13.219660 28.000000
-0.495452 -13.940672 28.000000
-0.547637 -14.600446 28.000000
