-0.495512 -13.812016 28.000000
-0.449026 -13.153740 28.000000
-0.396994 -12.423730 28.000000
-0.350108 -11.563921 28.000000
-0.298484 -10.851267 28.000000
-0.246349 -9.993143 28.000000
-0.199895 -9.049813 28.000000
-0.147827 -7.859251 28.000000
-0.101403 -6.707361 28.000000
-0.049486 -5.297924 28.000000
0.000000 0.000000 28.000000
0.049081 5.260833 28.000000
0.100677 6.707455 28.000000
0.147513 7.849568 28.000000
0.199486 8.899647 28.000000
0.246613 9.817297 28.000000
0.298112 10.684260 28.000000
0.350459 11.434674 28.000000
0.396669 12.481509 28.000000
0.449230 13.210749 28.000000
0.495890 13.805755 28.000000
0.547755 14.510040 28.000000
