0.495764 13.711088 28.000000
0.448812 13.065133 28.000000
0.397387 12.318880 28.000000
0.350335 11.640858 28.000000
0.298165 10.754689 28.000000
0.246469 9.896513 28.000000
0.199997 9.030907 28.000000
0.148011 7.805382 28.000000
0.101117 6.757088 28.000000
0.049475 5.525832 28.000000
0.000000 0.000000 28.000000
-0.049092 -5.462056 28.000000
-0.100964 -6.780038 28.000000
-0.147736 -7.750579 28.000000
-0.199609 -8.858536 28.000000
-0.246718 -9.664819 28.000000
-0.298684 -10.389712 28.000000
-0.350066 -11.476823 28.000000
-0.396407 -12.324372 28.000000
-0.449271 -13.172543 28.000000
-0.495609 -13.874650 28.000000
-0.547661 -14.548446 28.000000
