serial number: RI70_21209061_PCB_d16
torque: 8
start_temp: 23 (23)
finish_temp: 23 (24)
note: montaz na obrotach_test pcb
0.000000 0.894172 22.996854 4242.668539
0.020010 0.890698 22.994839 4269.612903
0.040020 0.897626 22.997193 4294.198830
0.060030 0.893042 23.000000 4319.349206
0.080041 0.896097 23.003059 4352.847059
0.100051 0.895316 23.005424 4381.056497
0.120061 0.894443 23.001304 4418.402174
0.140071 0.895467 22.996069 4451.872832
0.160081 0.897325 22.995385 4489.846154
0.180091 0.894577 22.998689 4529.497268
0.200101 0.898653 22.996571 4566.794286
0.220112 0.895688 22.990110 4608.027473
0.240122 0.898789 22.989535 4645.744186
0.260132 0.897645 22.995778 4684.405556
0.280142 0.894432 23.000000 4723.032787
0.300152 0.901143 23.000000 4757.525714
0.320162 0.897302 23.000000 4795.305085
0.340172 0.898337 22.999775 4826.471910
0.360183 0.901519 22.997486 4863.582857
0.380193 0.895684 22.997391 4893.434783
0.400203 0.901585 22.995952 4928.696429
0.420213 0.899353 22.992135 4956.882022
0.440223 0.897555 22.987104 4992.256831
0.460233 0.900864 22.991111 5021.766667
0.480243 0.898169 22.997241 5057.126437
0.500254 0.900702 22.995676 5088.410811
0.520264 0.900081 22.995116 5124.174419
0.540274 0.897611 22.996906 5157.198895
0.560284 0.903249 23.000694 5191.982659
0.580294 0.899551 22.996044 5227.274725
0.600304 0.900087 22.992955 5262.340909
0.620314 0.900513 22.997790 5299.828729
0.640325 0.899700 22.999545 5335.534091
0.660335 0.901242 23.000000 5373.402235
0.680345 0.899566 23.000000 5411.610169
0.700355 0.900237 23.000000 5448.567251
0.720365 0.902415 23.000000 5487.781915
0.740375 0.900311 23.000000 5525.345029
0.760385 0.902070 23.000000 5563.875000
0.780396 0.901988 23.000000 5603.948276
0.800406 0.899223 22.997931 5641.798851
0.820416 0.903944 22.997045 5681.335227
0.840426 0.902353 22.998889 5721.877778
0.860436 0.899816 22.997158 5764.027322
0.880446 0.902206 22.997225 5806.803468
0.900456 0.901326 22.995801 5851.104972
0.920467 0.905599 22.995294 5896.882353
0.940477 0.902059 22.995754 5943.815642
0.960487 0.901330 22.997363 5994.456044
0.980497 0.905446 22.997288 6045.073446
1.000507 0.900451 22.994773 6097.130682
1.020517 0.903924 22.995281 6150.994382
1.040528 0.902716 22.993103 6206.074713
1.060538 0.901730 22.992222 6262.150000
1.080548 0.903989 22.998436 6321.776536
1.100558 0.901388 23.000000 6381.204545
1.120568 0.901974 22.999767 6443.226744
1.140578 0.903673 22.997348 6507.751381
1.160588 0.900049 22.997727 6575.301136
1.180599 0.904548 22.999553 6646.139665
1.200609 0.903473 23.000000 6718.634286
1.220619 0.900872 22.998453 6794.298343
1.240629 0.904688 22.997486 6872.765714
1.260639 0.903057 22.997500 6951.528409
1.280649 0.904774 22.997486 7033.297143
1.300659 0.904354 22.995333 7118.950000
1.320670 0.901749 22.997528 7206.061798
1.340680 0.907533 22.999314 7294.994286
1.360690 0.902244 23.000000 7387.032787
1.380700 0.904407 23.002118 7481.329412
1.400710 0.904479 23.005778 7576.288889
1.420720 0.903003 23.003390 7675.299435
1.440730 0.905601 22.997753 7775.831461
1.460741 0.904167 22.997241 7878.597701
1.480751 0.903810 22.999310 7981.339080
1.500761 0.906641 23.000000 8086.983333
1.520771 0.902438 23.000000 8195.932584
1.540781 0.905697 22.997471 8302.982759
1.560791 0.905721 22.996180 8410.994382
1.580801 0.903620 22.996629 8521.252809
1.600812 0.906764 22.998427 8628.382022
1.620822 0.904088 23.000000 8736.877907
1.640832 0.905097 22.999548 8842.333333
1.660842 0.907791 22.995227 8947.528409
1.680852 0.903976 22.994773 9050.903409
1.700862 0.907733 22.997111 9153.566667
1.720872 0.905270 22.997542 9254.815642
1.740883 0.906405 22.998837 9352.645349
1.760893 0.907669 23.000000 9446.617143
1.780903 0.904993 23.000000 9540.723757
1.800913 0.908548 23.000000 9632.160920
1.820923 0.907817 22.998161 9720.425287
1.840933 0.904958 22.995801 9807.309392
1.860943 0.909101 22.996571 9891.788571
1.880954 0.906314 22.998171 9972.211429
1.900964 0.906029 23.000000 10050.936782
1.920974 0.907221 23.000000 10126.500000
1.940984 0.905744 23.000000 10201.505682
1.960994 0.908855 22.999318 10272.357955
1.981004 0.905009 22.996279 10340.360465
2.001014 0.906601 22.995455 10406.414773
2.021025 0.907232 22.997500 10470.318182
2.041035 0.905349 22.998883 10531.061453
2.061045 0.906857 22.997778 10592.138889
2.081055 0.905755 22.997701 10649.500000
2.101065 0.905411 23.000000 10704.556180
2.121075 0.908132 22.999070 10759.343023
2.141085 0.905284 22.997391 10811.494565
2.161096 0.905998 22.997943 10862.445714
2.181106 0.905839 23.000000 10910.454545
2.201116 0.903777 23.000000 10957.494253
2.221126 0.906357 23.000000 11005.011050
2.241136 0.904612 23.001600 11047.560000
2.261146 0.904248 22.998681 11090.978022
2.281156 0.907402 22.990877 11133.263158
2.301167 0.902932 22.988475 11172.299435
2.321177 0.907242 22.989943 11213.577143
2.341187 0.903845 22.994971 11251.794286
2.361197 0.903688 22.997363 11291.076923
2.381207 0.905219 22.998171 11329.337143
2.401217 0.904371 23.000000 11364.345029
2.421227 0.905116 22.997363 11400.225275
2.441238 0.904385 22.993757 11434.335260
2.461248 0.900962 22.992849 11464.558659
2.481258 0.907729 22.996000 11498.027778
2.501268 0.901616 23.003006 11521.624277
2.521278 0.902331 23.006034 11546.458101
2.541288 0.905576 23.003429 11574.948571
2.561298 0.901446 23.002000 11601.638889
2.581309 0.906786 22.999773 11635.994318
2.601319 0.901474 22.995506 11665.106742
2.621329 0.903664 22.992350 11690.333333
2.641339 0.904489 22.995476 11717.625000
2.661349 0.901435 23.000000 11740.537143
2.681359 0.904912 22.997802 11767.483516
2.701369 0.903163 22.997442 11789.517442
2.721380 0.902560 22.999106 11813.497207
2.741390 0.905754 23.000000 11841.994382
2.761400 0.899127 22.998470 11867.557377
2.781410 0.904281 22.997688 11891.757225
2.801420 0.903651 22.998202 11922.634831
2.821430 0.899857 23.000000 11948.154286
2.841440 0.906355 23.000000 11979.000000
2.861451 0.900300 22.999121 12009.098901
2.881461 0.901236 22.997528 12040.426966
2.901471 0.903423 22.997674 12074.250000
2.921481 0.901068 23.000000 12103.686813
2.941491 0.902776 22.995754 12137.340782
2.961501 0.901926 22.994483 12168.396552
2.981511 0.899030 22.995932 12199.435028
3.001522 0.904932 22.997528 12232.713483
3.021532 0.900210 22.999310 12262.333333
3.041542 0.903461 23.000000 12291.809783
3.061552 0.902959 23.000000 12324.372093
3.081562 0.899740 22.998681 12349.192308
3.101572 0.907291 22.996114 12380.965714
3.121583 0.902368 22.995200 12407.211429
3.141593 0.680690 22.995238 12430.686508
3.161603 0.817711 22.996471 12464.519608
3.181613 0.836852 22.995577 12486.706731
3.201623 0.854448 22.991919 12516.202020
3.221633 0.860779 22.995960 12545.429293
3.241643 0.866143 22.996269 12565.243523
3.261654 0.872272 22.996751 12597.126904
3.281664 0.871654 22.996649 12619.853403
3.301674 0.878224 22.995208 12641.619792
3.321684 0.878700 22.992487 12667.228426
3.341694 0.879348 22.996923 12691.825641
3.361704 0.883612 23.000000 12713.746114
3.381714 0.883348 22.997696 12733.387435
3.401725 0.887007 22.991875 12759.052083
3.421735 0.885220 22.990674 12787.025907
3.441745 0.884433 22.991789 12805.594737
3.461755 0.888215 22.994082 12830.397959
3.481765 0.888673 22.994194 12861.193548
3.501775 0.886113 22.997938 12883.283505
3.521785 0.894473 23.000000 12909.603175
3.541796 0.888606 22.998325 12938.460733
3.561806 0.894218 22.997672 12967.232804
3.581816 0.891713 22.998776 12994.979592
3.601826 0.890495 23.000000 13022.596774
3.621836 0.897159 22.994709 13055.798942
3.641846 0.891861 22.990974 13085.148718
3.661856 0.893010 22.994375 13118.619792
3.681867 0.895819 22.998478 13161.625000
3.701877 0.891360 22.993782 13193.051813
3.721887 0.897053 22.990576 13233.947644
3.741897 0.893762 22.991368 13270.284211
3.761907 0.893150 22.990785 13307.052356
3.781917 0.899729 22.988511 13348.521277
3.801927 0.895169 22.989895 13383.815789
3.821938 0.895916 22.992042 13425.497382
3.841948 0.898399 22.991016 13468.513369
3.861958 0.894069 22.994792 13507.395833
3.881968 0.898898 22.998925 13553.500000
3.901978 0.896839 23.000000 13598.489474
3.921988 0.896899 22.998534 13643.099476
3.941998 0.899375 22.997474 13693.347368
3.962009 0.893851 22.997249 13739.740741
3.982019 0.900863 22.997696 13791.094241
4.002029 0.897154 22.998105 13844.378947
4.022039 0.895957 22.997872 13894.755319
4.042049 0.901404 22.997447 13951.223404
4.062059 0.893954 22.999789 14005.742105
4.082069 0.901277 22.997596 14063.868852
4.102080 0.903991 22.995503 14125.704142
4.122090 0.899199 22.991061 14182.715084
4.142100 0.904149 22.992316 14246.943503
4.162110 0.899846 22.995730 14311.702247
4.182120 0.901776 22.996022 14377.309392
4.202130 0.902562 22.997943 14447.777143
4.222140 0.900524 23.000000 14515.500000
4.242151 0.904215 23.000000 14589.204545
4.262161 0.901297 22.999326 14662.258427
4.282171 0.899127 22.997778 14737.044444
4.302181 0.904213 22.996512 14816.366279
4.322191 0.898652 22.995580 14895.038674
4.342201 0.900306 22.990787 14978.808989
4.362211 0.900308 22.991818 15066.346591
4.382222 0.895316 22.993846 15152.126374
4.402232 0.902143 22.995556 15242.900000
4.422242 0.894379 22.999538 15333.404624
4.442252 0.898130 23.000000 15420.767045
4.462262 0.898371 23.000000 15515.519553
4.482272 0.895155 23.000000 15606.411429
4.502282 0.897542 23.000914 15701.548571
4.522293 0.895184 23.002652 15797.801105
4.542303 0.893273 22.995307 15891.759777
4.562313 0.898130 22.989778 15990.377778
4.582323 0.890578 22.994157 16088.865169
4.602333 0.894193 22.997753 16184.078652
4.622343 0.893149 22.996503 16285.901639
4.642353 0.888910 22.997391 8280.679348
4.662364 0.894305 22.996000 98.583333
4.682374 0.887600 22.997288 196.242938
4.702384 0.890382 22.998895 289.790055
4.722394 0.891315 23.000000 385.111111
4.742404 0.885045 23.000000 476.437500
4.762414 0.889098 23.000000 566.860335
4.782424 0.887528 22.999111 659.488889
4.802435 0.884318 22.995000 745.951087
4.822445 0.886961 22.990444 834.805556
4.842455 0.882358 22.993296 920.648045
4.862465 0.884437 23.001957 1002.543478
4.882475 0.883467 23.000449 1088.061798
4.902485 0.879793 22.995531 1166.033520
4.922495 0.882236 22.989462 1246.204301
4.942506 0.880294 22.997609 1327.402174
4.962516 0.879859 23.005287 1400.482759
4.982526 0.880689 23.004541 1476.275676
5.002536 0.876321 23.000000 1550.005435
5.022546 0.879972 23.000000 1620.693548
5.042556 0.877269 23.000000 1691.351955
5.062567 0.873841 23.000000 1754.994536
5.082577 0.878116 23.000000 1820.297297
5.102587 0.873585 23.000000 1883.369565
5.122597 0.876449 23.000000 1941.314607
5.142607 0.873360 23.000000 2000.456522
5.162617 0.870423 23.000000 2055.805556
5.182627 0.876428 23.000000 2110.380435
5.202638 0.873239 22.998519 2166.777778
5.222648 0.870631 22.997753 2219.882022
5.242658 0.874165 22.998054 2272.156757
5.262668 0.869519 22.997405 2324.200000
5.282678 0.873180 22.997377 2374.978142
5.302688 0.870673 23.000000 2426.587302
5.322698 0.867408 23.000000 2476.732240
5.342709 0.872770 23.000000 2525.885870
5.362719 0.868041 23.000000 2574.713483
5.382729 0.870962 23.002737 2622.826316
5.402739 0.870570 23.004889 2670.888889
5.422749 0.867298 22.996170 2717.936170
5.442759 0.871679 22.992486 2764.657459
5.462769 0.868338 22.998270 2811.254054
5.482780 0.869499 23.000000 2856.591160
5.502790 0.871059 23.000000 2902.172043
5.522800 0.867783 23.000000 2947.688525
5.542810 0.872032 22.995000 2994.108696
5.562820 0.870574 22.991429 3040.340659
5.582830 0.869973 22.993730 3087.340541
5.602840 0.872163 23.001099 3136.005495
5.622851 0.870566 22.998907 3185.311475
5.642861 0.871182 22.993830 3234.297872
5.662871 0.874118 22.996201 3282.743017
5.682881 0.870134 22.997391 3331.739130
5.702891 0.876300 22.999785 3380.419355
5.722901 0.873403 22.999560 3427.494505
5.742911 0.873460 22.997419 3473.349462
5.762922 0.877142 22.995281 3518.662921
5.782932 0.872587 22.995294 3561.556150
5.802942 0.877397 22.997303 3602.556180
5.822952 0.876449 22.995410 3643.409836
5.842962 0.875396 22.993187 3679.373626
5.862972 0.878432 22.992747 3717.873626
5.882982 0.875124 22.992747 3751.390110
5.902993 0.880638 22.993191 3786.186170
5.923003 0.879872 22.997095 3818.636872
5.943013 0.877752 22.998907 3850.360656
5.963023 0.883264 22.994378 3880.945946
5.983033 0.880364 22.986215 3910.830508
6.003043 0.882926 22.986667 3936.469945
6.023053 0.884980 22.996629 3967.612360
6.043064 0.881904 22.999778 3988.777778
6.063074 0.888097 22.995628 4017.950820
6.083084 0.885883 22.994317 4041.191257
6.103094 0.886084 22.999326 4062.067416
6.123104 0.890141 22.997955 4090.295455
6.143114 0.888713 22.997333 4108.061111
6.163124 0.889234 22.999106 4128.301676
6.183135 0.892096 22.998462 4153.478022
6.203145 0.887471 22.997318 4168.854749
6.223155 0.893117 22.997471 4184.229885
6.243165 0.891920 22.997348 4208.027624
6.263175 0.892647 22.998192 4227.288136
