-0.495916 -6.714652 25.000000
-0.449028 -6.357790 25.000000
-0.397171 -6.087271 25.000000
-0.350480 -5.649723 25.000000
-0.298639 -5.261487 25.000000
-0.246660 -4.750649 25.000000
-0.199751 -4.377989 25.000000
-0.148105 -3.882994 25.000000
-0.101301 -3.335330 25.000000
-0.049371 -2.701043 25.000000
0.000000 0.000000 25.000000
0.049283 2.667197 25.000000
0.101047 3.316314 25.000000
0.148058 3.833885 25.000000
0.199847 4.300875 25.000000
0.246966 4.684886 25.000000
0.298711 5.228283 25.000000
0.350624 5.607136 25.000000
0.397778 5.986583 25.080000
0.449203 6.338514 25.000000
0.496346 6.702747 25.040000
0.548059 6.920483 25.080000
