serial number: JANUSZ_2_RI80_21414857
torque: 16
start_temp: 23 (23)
finish_temp: 23 (23)
note: montaz na obrotach_PCB d23
0.000000 0.111472 22.983146 9915.370787
0.020010 0.114808 23.000000 9988.159091
0.040020 0.118457 23.000000 10057.461078
0.060030 0.112255 22.988764 10125.634831
0.080041 0.115677 22.993526 10194.300578
0.100051 0.115709 22.971034 10260.051724
0.120061 0.114493 22.989486 10322.840000
0.140071 0.117209 22.994620 10383.508772
0.160081 0.111813 22.980449 10444.910112
0.180091 0.114996 22.981714 10504.880000
0.200101 0.119330 22.991667 10561.208333
0.220112 0.113237 23.000000 10615.085714
0.240122 0.114306 23.000000 10669.994253
0.260132 0.114314 23.000000 10723.670455
0.280142 0.115221 22.993409 10774.198864
0.300152 0.119998 22.982788 10819.921212
0.320162 0.112930 22.988764 10868.095506
0.340172 0.114655 22.998391 10916.534483
0.360183 0.117593 22.976000 10960.805882
0.380193 0.114301 22.978079 11004.649718
0.400203 0.117382 22.972000 11047.658824
0.420213 0.112343 23.000000 11092.122905
0.440223 0.114223 22.988439 11134.815029
0.460233 0.120587 22.986747 11173.210843
0.480243 0.113365 22.989773 11216.107955
0.500254 0.115309 23.000000 11256.614943
0.520264 0.116576 22.997919 11295.624277
0.540274 0.115866 22.984740 11337.410405
0.560284 0.120751 22.987730 11370.631902
0.580294 0.113688 23.000000 11410.921348
0.600304 0.115606 23.000000 11445.786127
0.620314 0.119982 22.995714 11481.476190
0.640325 0.115938 22.992515 11510.625731
0.660335 0.117773 22.994793 11545.461538
0.680345 0.114831 22.983314 11581.331429
0.700355 0.115914 22.993023 11613.860465
0.720365 0.121835 22.993976 11651.945783
0.740375 0.115263 22.982353 11684.170588
0.760385 0.115981 22.997931 11713.867816
0.780396 0.119365 22.984286 11746.285714
0.800406 0.116600 22.988372 11775.133721
0.820416 0.122057 22.995802 11797.790123
0.840426 0.116745 22.992414 11824.040230
0.860436 0.118268 23.000000 11855.461078
0.880446 0.122179 22.993976 11873.240964
0.900456 0.116007 23.000000 11896.128655
0.920467 0.118759 22.976048 11920.700599
0.940477 0.118431 23.000000 11950.717647
0.960487 0.119100 22.993976 11969.873494
0.980497 0.124465 22.993827 11996.895062
1.000507 0.116162 22.977011 12028.183908
1.020517 0.117865 22.994012 12059.556886
1.040528 0.121842 23.000000 12087.684848
1.060538 0.118688 22.994083 12125.532544
1.080548 0.123685 22.987578 12154.701863
1.100558 0.118229 23.000000 12192.429412
1.120568 0.120359 22.987952 12228.156627
1.140578 0.124611 22.993789 12264.503106
1.160588 0.118927 22.987952 12298.542169
1.180599 0.121584 23.000000 12338.139394
1.200609 0.121580 22.999277 12369.789157
1.220619 0.121025 22.994182 12408.684848
1.240629 0.125423 22.975652 12436.223602
1.260639 0.119801 23.000000 12473.722892
1.280649 0.122283 22.990244 12500.731707
1.300659 0.124318 22.978750 12531.025000
1.320670 0.120964 22.987879 12559.418182
1.340680 0.125190 23.000000 12578.683230
1.360690 0.120620 22.993902 12602.493902
1.380700 0.122934 22.987805 12629.640244
1.400710 0.126833 22.987342 12640.772152
1.420720 0.120781 22.993494 12654.493976
1.440730 0.124638 22.994250 12677.350000
1.460741 0.124863 22.973665 12695.583851
1.480751 0.124208 22.989068 12710.844720
1.500761 0.127914 23.000000 12727.619355
1.520771 0.122097 23.000000 12741.272727
1.540781 0.125909 22.983250 12762.062500
1.560791 0.127623 22.976306 12790.369427
1.580801 0.123488 22.996273 12803.198758
1.600812 0.126841 23.000000 12827.779874
1.620822 0.123291 23.000000 12856.807453
1.640832 0.125529 23.000000 12881.044025
1.660842 0.127496 23.000000 12904.216561
1.680852 0.122304 22.993902 12941.036585
1.700862 0.125259 23.000000 12965.025000
1.720872 0.125479 23.000000 12997.962733
1.740883 0.125087 23.000000 13031.870968
1.760893 0.127901 23.000000 13060.281250
1.780903 0.123210 23.000000 13098.549383
1.800913 0.126433 22.994140 13133.203822
1.820923 0.127280 22.999490 13165.057325
1.840933 0.123735 23.000000 13205.347826
1.860943 0.128733 23.000000 13244.477707
1.880954 0.125727 22.987342 13283.094937
1.900964 0.126030 23.000000 13330.257862
1.920974 0.128439 22.994323 13372.400000
1.940984 0.124613 22.999259 13416.962963
1.960994 0.130431 23.000000 13464.261438
1.981004 0.128759 23.000000 13510.442308
2.001014 0.127269 23.000000 13555.840764
2.021025 0.130002 23.000000 13606.110390
2.041035 0.126056 23.000000 13658.158228
2.061045 0.130694 23.000000 13708.052632
2.081055 0.129448 23.000000 13761.800000
2.101065 0.126238 23.000000 13815.727848
2.121075 0.130843 23.000000 13871.124183
2.141085 0.128927 23.000000 13928.872611
2.161096 0.128151 23.000000 13984.108974
2.181106 0.130328 23.000000 14044.607843
2.201116 0.126178 23.000000 14105.468354
2.221126 0.131565 22.993377 14166.165563
2.241136 0.130406 23.000000 14231.220779
2.261146 0.128186 23.000000 14296.272152
2.281156 0.131860 22.993289 14364.758389
2.301167 0.129140 23.000000 14436.076923
2.321177 0.132042 23.000000 14506.350993
2.341187 0.132093 23.000000 14584.776316
2.361197 0.127198 23.000000 14663.369427
2.381207 0.134869 23.000000 14744.319728
2.401217 0.131888 22.997922 14831.610390
2.421227 0.130929 22.995526 14917.467105
2.441238 0.134663 23.000000 15012.020134
2.461248 0.128388 23.000000 15107.726115
2.481258 0.135844 23.000000 15201.834483
2.501268 0.132310 23.000000 15303.250000
2.521278 0.129922 23.000000 15403.123377
2.541288 0.136354 23.000000 15506.636986
2.561298 0.130821 23.000000 15614.064935
2.581309 0.134394 23.000000 15715.707483
2.601319 0.132957 22.993421 15827.953947
2.621329 0.129106 23.000000 15936.451613
2.641339 0.137098 22.999184 16046.904762
2.661349 0.131367 22.974305 16159.854305
2.681359 0.129732 23.000000 16267.117647
2.701369 0.133235 23.000000 7917.622517
2.721380 0.128188 22.993671 109.221519
2.741390 0.136590 22.993103 214.937931
2.761400 0.130953 23.000000 325.000000
2.781410 0.127707 23.000000 428.180645
2.801420 0.133831 22.986667 529.900000
2.821430 0.127753 22.993711 633.408805
2.841440 0.132745 23.000000 725.731544
2.861451 0.130698 23.000000 826.337662
2.881461 0.126939 23.000000 918.200000
2.901471 0.136310 23.000000 1006.347222
2.921481 0.128352 23.000000 1094.496774
2.941491 0.128601 23.000000 1174.376623
2.961501 0.132488 22.997124 1258.745098
2.981511 0.127133 22.996433 1337.369427
3.001522 0.134960 22.986577 1409.181208
3.021532 0.127403 23.000000 1487.158228
3.041542 0.127395 23.000000 1556.709677
3.061552 0.133954 23.000000 1627.642384
3.081562 0.127292 23.000000 1696.205128
3.101572 0.131626 23.000000 1758.559211
3.121583 0.128298 23.000000 1826.859873
3.141593 0.104051 23.000000 1882.167883
3.161603 0.129608 23.000000 1943.429185
3.181613 0.122803 23.000000 2006.153846
3.201623 0.124040 23.000000 2062.439331
3.221633 0.126075 23.000000 2122.338912
3.241643 0.123703 23.000000 2179.057851
3.261654 0.130309 23.000000 2231.260870
3.281664 0.122523 23.000000 2288.135246
3.301674 0.123685 23.000000 2339.714876
3.321684 0.129491 22.995726 2392.282051
3.341694 0.123902 23.000000 2443.123967
3.361704 0.127550 23.000000 2488.669492
3.381714 0.123887 22.992773 2540.042017
3.401725 0.123619 22.998838 2585.605809
3.421735 0.129454 23.000000 2628.648069
3.441745 0.122417 23.000000 2674.020576
3.461755 0.124303 23.000000 2715.122951
3.481765 0.124046 22.987654 2757.403292
3.501775 0.123197 22.996708 2797.843621
3.521785 0.128980 22.999130 2835.139130
3.541796 0.120916 23.000000 2873.807229
3.561806 0.122840 22.999016 2910.877049
3.581816 0.125234 22.992757 2948.769547
3.601826 0.122193 22.995918 2984.351020
3.621836 0.125400 23.000000 3020.255230
3.641846 0.120528 23.000000 3055.233871
3.661856 0.123354 23.000000 3092.205761
3.681867 0.126255 23.000000 3124.375000
3.701877 0.120525 23.000000 3160.334677
3.721887 0.123693 22.991736 3190.392562
3.741897 0.122247 23.000000 3225.514403
3.761907 0.122247 23.000000 3255.232932
3.781917 0.125093 23.000000 3287.042017
3.801927 0.118416 23.000000 3316.114625
3.821938 0.122874 23.000000 3347.183673
3.841948 0.123816 22.995885 3374.901235
3.861958 0.121078 23.000000 3405.126531
3.881968 0.122728 23.000000 3429.768293
3.901978 0.118053 23.000000 3459.098039
3.921988 0.122785 23.000000 3484.508130
3.941998 0.123529 23.000000 3510.095041
3.962009 0.118879 23.000000 3535.683794
3.982019 0.122860 23.000000 3560.065574
4.002029 0.120147 22.996000 3585.860000
4.022039 0.121527 23.000000 3609.767347
4.042049 0.124233 23.000000 3635.757202
4.062059 0.117618 23.000000 3660.922780
4.082069 0.122064 23.000000 3688.569672
4.102080 0.121069 22.995918 3715.987755
4.122090 0.119592 23.000000 3745.177866
4.142100 0.122328 23.000000 3774.930041
4.162110 0.116897 22.996139 3807.490347
4.182120 0.121347 23.000000 3839.112903
4.202130 0.120480 23.000000 3873.056452
4.222140 0.116011 23.000000 3905.490272
4.242151 0.121223 23.000000 3939.293173
4.262161 0.118302 22.995025 3971.000000
4.282171 0.118166 22.982353 4005.376471
4.302181 0.120908 23.000000 4036.274390
4.322191 0.114229 23.000000 4070.926136
4.342201 0.120379 23.000000 4100.185629
4.362211 0.117515 23.000000 4135.959064
4.382222 0.115710 22.988372 4164.936047
4.402232 0.119887 23.000000 4198.975904
4.422242 0.114275 22.994253 4231.080460
4.442252 0.119754 23.000000 4265.601190
4.462262 0.118992 22.994048 4298.886905
4.482272 0.114767 23.000000 4337.137931
4.502282 0.119638 23.000000 4369.922619
4.522293 0.114939 22.994253 4411.298851
4.542303 0.116229 23.000000 4445.647399
4.562313 0.119281 23.000000 4484.162651
4.582323 0.111797 23.000000 4522.441341
4.602333 0.117634 22.997907 4555.116279
4.622343 0.115015 22.993295 4594.225434
4.642353 0.112859 22.997288 4624.988701
4.662364 0.118659 23.000000 4660.118343
4.682374 0.112000 22.994413 4692.541899
4.702384 0.116916 22.976608 4721.561404
4.722394 0.115539 23.000000 4754.470930
4.742404 0.111620 22.983333 4783.794444
4.762414 0.118756 22.994048 4814.875000
4.782424 0.112687 23.000000 4846.687151
4.802435 0.114969 22.996301 4877.786127
4.822445 0.116987 22.988605 4909.238372
4.842455 0.111293 22.990391 4944.312849
4.862465 0.116989 22.978353 4971.958824
4.882475 0.113812 22.994350 5010.355932
4.902485 0.112939 22.994350 5038.627119
4.922495 0.118761 22.976667 5077.232143
4.942506 0.111582 22.999558 5110.353591
4.962516 0.115877 22.988304 5144.497076
4.982526 0.114184 22.989153 5179.553672
5.002536 0.110884 22.971050 5215.204420
5.022546 0.118545 22.977006 5249.556886
5.042556 0.111176 22.983333 5286.072222
5.062567 0.113209 22.983771 5321.188571
5.082577 0.115411 22.987797 5357.740113
5.102587 0.110781 22.994444 5397.566667
5.122597 0.116915 22.988304 5431.947368
5.142607 0.111464 22.994475 5473.773481
5.162617 0.110902 22.988827 5513.681564
5.182627 0.117172 23.000000 5554.520468
5.202638 0.109323 23.000000 5597.628415
5.222648 0.116044 22.994419 5637.965116
5.242658 0.112500 22.983017 5684.335196
5.262668 0.110080 22.994505 5727.686813
5.282678 0.117385 22.976744 5773.104651
5.302688 0.109047 22.989011 5821.901099
5.322698 0.113189 23.000000 5866.771429
5.342709 0.114500 22.982955 5919.715909
5.362719 0.109979 23.000000 5969.901099
5.382729 0.115421 22.988506 6019.224138
5.402739 0.109655 22.989011 6075.510989
5.422749 0.111493 23.000000 6129.455556
5.442759 0.116640 22.988439 6187.317919
5.462769 0.110200 22.988827 6244.759777
5.482780 0.114965 22.988571 6300.222857
5.502790 0.110988 22.994413 6364.324022
5.522800 0.110889 23.000000 6427.165746
5.542810 0.116880 22.994186 6492.622093
5.562820 0.110549 22.994413 6562.111732
5.582830 0.113638 22.995056 6631.713483
5.602840 0.113551 22.982727 6710.653409
5.622851 0.111920 22.999553 6786.748603
5.642861 0.116900 22.996512 6863.558140
5.662871 0.110282 22.975691 6949.165746
5.682881 0.112010 22.983333 7033.438889
5.702891 0.117249 23.000000 7122.464286
5.722901 0.110658 22.987624 7210.016575
5.742911 0.114700 22.984138 7298.568966
5.762922 0.110442 22.985275 7398.049451
5.782932 0.112660 22.992584 7492.000000
5.802942 0.117741 22.994152 7589.520468
5.822952 0.110248 23.000000 7689.450000
5.842962 0.113105 22.994382 7789.382022
5.862972 0.112560 23.000000 7897.514124
5.882982 0.112970 22.994382 7998.067416
5.902993 0.116737 23.000000 8102.064327
5.923003 0.109452 22.982857 8211.978022
5.943013 0.112498 22.953743 8319.279330
5.963023 0.115632 22.981163 8425.965116
5.983033 0.110687 22.998000 8527.838889
6.003043 0.115103 22.994286 8632.074286
6.023053 0.110665 22.994444 8739.633333
6.043064 0.113954 22.977401 8841.451977
6.063074 0.117049 22.988304 8942.953216
6.083084 0.110714 22.977207 9041.938547
6.103094 0.114767 22.994713 9140.080460
6.123104 0.115603 22.994220 9238.635838
6.143114 0.114018 23.000000 9330.920904
6.163124 0.116745 23.000000 9420.187135
6.183135 0.110217 22.985635 9510.895028
6.203145 0.113864 22.990857 9597.137143
6.223155 0.118083 22.995266 9680.408284
6.243165 0.112980 22.992135 9759.752809
6.263175 0.115067 22.984971 9838.231214
