serial number: JANUSZ_4_RI70_21414869
torque: 8.0
start_temp: 30 (30)
finish_temp: 30 (30)
note: joint J4 dodatkowy, pcb 3_4
0.000000 nan
0.021014 0.391981
0.042028 0.381175
0.063042 0.392554
0.084056 0.386902
0.105070 0.386455
0.126084 0.393629
0.147098 0.382634
0.168112 0.393453
0.189126 0.386523
0.210140 0.386556
0.231154 0.392083
0.252168 0.382680
0.273182 0.394098
0.294196 0.387342
0.315210 0.388906
0.336224 0.393871
0.357238 0.384665
0.378252 0.395434
0.399266 0.387437
0.420280 0.390697
0.441294 0.393557
0.462308 0.385156
0.483322 0.396382
0.504336 0.388058
0.525350 0.392874
0.546364 0.395284
0.567378 0.387457
0.588392 0.397810
0.609406 0.389127
0.630420 0.395053
0.651434 0.395187
0.672448 0.389763
0.693462 0.400345
0.714476 0.391138
0.735490 0.396524
0.756504 0.396872
0.777518 0.392537
0.798532 0.402380
0.819546 0.392108
0.840560 0.399000
0.861574 0.398116
0.882588 0.394343
0.903602 0.403758
0.924616 0.393784
0.945630 0.401156
0.966644 0.397938
0.987658 0.395243
1.008672 0.404066
1.029686 0.394441
1.050700 0.401917
1.071714 0.397833
1.092728 0.396164
1.113742 0.404073
1.134756 0.393825
1.155770 0.401470
1.176784 0.397663
1.197798 0.396953
1.218812 0.404690
1.239826 0.394344
1.260840 0.403534
1.281854 0.397453
1.302868 0.397964
1.323882 0.403061
1.344896 0.394930
1.365910 0.403750
1.386924 0.397074
1.407938 0.395378
1.428952 0.400114
1.449966 0.389413
1.470980 0.398522
1.491994 0.389787
1.513008 0.392679
1.534022 0.395506
1.555036 0.386709
1.576050 0.394698
1.597064 0.385232
1.618078 0.390540
1.639092 0.392254
1.660106 0.385320
1.681120 0.394532
1.702134 0.384941
1.723148 0.389971
1.744162 0.389966
1.765176 0.384243
1.786190 0.392703
1.807204 0.383021
1.828218 0.387965
1.849232 0.385649
1.870246 0.383019
1.891260 0.391512
1.912274 0.380580
1.933288 0.388612
1.954302 0.385404
1.975316 0.382202
1.996330 0.389127
2.017344 0.377735
2.038358 0.386045
2.059372 0.381032
2.080386 0.377905
2.101400 0.384214
2.122414 0.373477
2.143428 0.382481
2.164442 0.376448
2.185456 0.377026
2.206470 0.383450
2.227484 0.372314
2.248498 0.382283
2.269512 0.374729
2.290526 0.374992
2.311540 0.379487
2.332554 0.369488
2.353568 0.379741
2.374582 0.370920
2.395596 0.373449
2.416610 0.376592
2.437624 0.366930
2.458638 0.377576
2.479652 0.367285
2.500666 0.371318
2.521680 0.372028
2.542694 0.363506
2.563708 0.374545
2.584722 0.363072
2.605736 0.368228
2.626750 0.368442
2.647764 0.361621
2.668778 0.371678
2.689792 0.359682
2.710806 0.368299
2.731820 0.366239
2.752834 0.361022
2.773848 0.370085
2.794862 0.357842
2.815876 0.367284
2.836890 0.362637
2.857904 0.358177
2.878918 0.365926
2.899932 0.353870
2.920946 0.366055
2.941960 0.360047
2.962974 0.358211
2.983988 0.363209
3.005002 0.351571
3.026016 0.363304
3.047030 0.354465
3.068044 0.355114
3.089058 0.359072
3.110072 0.347707
3.131086 0.359698
3.152100 0.349922
3.173114 0.353389
3.194128 0.355311
3.215142 0.345734
3.236156 0.357669
3.257170 0.346546
3.278184 0.353119
3.299198 0.353290
3.320212 0.345380
3.341226 0.356543
3.362240 0.345080
3.383254 0.354111
3.404268 0.352405
3.425282 0.346745
3.446296 0.357660
3.467310 0.344541
3.488324 0.356182
3.509338 0.351745
3.530352 0.348823
3.551366 0.358082
3.572380 0.343412
3.593394 0.355500
3.614408 0.348735
3.635422 0.348657
3.656436 0.356859
3.677450 0.344270
3.698464 0.358036
3.719478 0.348777
3.740492 0.349758
3.761506 0.355724
3.782520 0.343884
3.803534 0.357742
3.824548 0.348209
3.845562 0.353300
3.866576 0.356543
3.887590 0.346186
3.908604 0.360570
3.929618 0.347925
3.950632 0.354664
3.971646 0.355078
3.992660 0.346842
4.013674 0.360805
4.034688 0.347987
4.055702 0.357099
4.076716 0.355415
4.097730 0.349271
4.118744 0.361317
4.139758 0.348134
4.160772 0.359183
4.181786 0.355229
4.202800 0.351763
4.223814 0.363310
4.244828 0.350183
4.265842 0.361538
4.286856 0.356025
4.307870 0.356077
4.328884 0.366128
4.349898 0.353180
4.370912 0.365740
4.391926 0.357541
4.412940 0.360189
4.433954 0.368452
4.454968 0.356255
4.475982 0.370147
4.496996 0.359915
4.518010 0.364343
4.539023 0.370619
4.560037 0.359940
4.581051 0.373678
4.602065 0.362033
4.623079 0.369291
4.644093 0.372475
4.665107 0.363142
4.686121 0.377731
4.707135 0.364243
4.728149 0.372267
4.749163 0.373546
4.770177 0.366538
4.791191 0.380445
4.812205 0.365802
4.833219 0.376239
4.854233 0.375399
4.875247 0.369832
4.896261 0.384024
4.917275 0.369077
4.938289 0.380293
4.959303 0.377263
4.980317 0.374941
5.001331 0.387645
5.022345 0.372402
5.043359 0.385448
5.064373 0.380433
5.085387 0.379207
5.106401 0.390710
5.127415 0.375279
5.148429 0.388722
5.169443 0.381473
5.190457 0.381880
5.211471 0.391838
5.232485 0.377346
5.253499 0.391413
5.274513 0.382936
5.295527 0.384757
5.316541 0.392705
5.337555 0.378540
5.358569 0.392484
5.379583 0.382313
5.400597 0.385759
5.421611 0.391953
5.442625 0.378728
5.463639 0.392447
5.484653 0.382419
5.505667 0.386916
5.526681 0.391761
5.547695 0.380058
5.568709 0.393596
5.589723 0.381441
5.610737 0.387584
5.631751 0.390615
5.652765 0.378477
5.673779 0.391416
5.694793 0.379915
5.715807 0.387891
5.736821 0.389325
5.757835 0.379103
5.778849 0.391058
5.799863 0.379022
5.820877 0.386951
5.841891 0.387811
5.862905 0.379331
5.883919 0.390847
5.904933 0.378216
5.925947 0.387769
5.946961 0.386721
5.967975 0.379997
5.988989 0.391241
6.010003 0.378780
6.031017 0.388653
6.052031 0.386845
6.073045 0.380371
6.094059 0.389914
6.115073 0.378254
6.136087 0.388988
6.157101 0.386113
6.178115 0.382319
6.199129 0.391810
6.220143 0.379840
6.241157 0.391047
6.262171 0.386826
6.283185 0.384667
