serial number: JANUSZ_4_RI70_21414869
torque: 8.0
start_temp: 30 (30)
finish_temp: 30 (30)
note: j4_pcb_3_4
0.000000 nan
0.021014 0.249661
0.042028 0.250308
0.063042 0.256194
0.084056 0.248275
0.105070 0.252772
0.126084 0.250031
0.147098 0.250738
0.168112 0.256478
0.189126 0.248598
0.210140 0.254157
0.231154 0.250638
0.252168 0.251967
0.273182 0.256790
0.294196 0.249351
0.315210 0.255417
0.336224 0.252146
0.357238 0.254395
0.378252 0.259600
0.399266 0.253401
0.420280 0.259889
0.441294 0.256712
0.462308 0.259019
0.483322 0.263087
0.504336 0.256377
0.525350 0.262400
0.546364 0.258699
0.567378 0.261729
0.588392 0.264945
0.609406 0.258561
0.630420 0.264026
0.651434 0.259484
0.672448 0.263283
0.693462 0.266364
0.714476 0.259134
0.735490 0.264015
0.756504 0.258743
0.777518 0.263083
0.798532 0.264878
0.819546 0.258775
0.840560 0.264640
0.861574 0.259060
0.882588 0.264089
0.903602 0.265434
0.924616 0.260887
0.945630 0.266077
0.966644 0.260304
0.987658 0.265345
1.008672 0.265777
1.029686 0.261573
1.050700 0.265736
1.071714 0.260493
1.092728 0.266768
1.113742 0.266033
1.134756 0.262025
1.155770 0.265872
1.176784 0.261055
1.197798 0.266552
1.218812 0.265286
1.239826 0.261699
1.260840 0.263985
1.281854 0.258499
1.302868 0.264333
1.323882 0.262164
1.344896 0.260341
1.365910 0.262900
1.386924 0.258601
1.407938 0.263084
1.428952 0.262064
1.449966 0.261010
1.470980 0.261205
1.491994 0.257709
1.513008 0.261513
1.534022 0.259560
1.555036 0.260457
1.576050 0.260428
1.597064 0.257827
1.618078 0.260978
1.639092 0.258667
1.660106 0.259598
1.681120 0.258484
1.702134 0.256407
1.723148 0.258768
1.744162 0.257368
1.765176 0.258883
1.786190 0.257810
1.807204 0.255349
1.828218 0.256629
1.849232 0.256246
1.870246 0.258844
1.891260 0.257310
1.912274 0.253917
1.933288 0.254434
1.954302 0.254443
1.975316 0.257173
1.996330 0.256352
2.017344 0.254141
2.038358 0.254665
2.059372 0.256144
2.080386 0.258547
2.101400 0.258043
2.122414 0.255569
2.143428 0.255474
2.164442 0.256354
2.185456 0.257971
2.206470 0.257352
2.227484 0.255560
2.248498 0.254596
2.269512 0.256275
2.290526 0.257752
2.311540 0.257416
2.332554 0.256406
2.353568 0.254606
2.374582 0.256158
2.395596 0.257393
2.416610 0.257226
2.437624 0.256347
2.458638 0.254522
2.479652 0.255666
2.500666 0.256292
2.521680 0.256987
2.542694 0.256839
2.563708 0.254964
2.584722 0.256289
2.605736 0.256104
2.626750 0.257234
2.647764 0.257072
2.668778 0.256198
2.689792 0.256936
2.710806 0.257001
2.731820 0.258076
2.752834 0.257744
2.773848 0.257388
2.794862 0.258257
2.815876 0.258170
2.836890 0.259559
2.857904 0.258956
2.878918 0.257472
2.899932 0.257002
2.920946 0.256795
2.941960 0.258824
2.962974 0.258662
2.983988 0.259142
3.005002 0.258488
3.026016 0.258967
3.047030 0.261188
3.068044 0.260681
3.089058 0.260775
3.110072 0.259579
3.131086 0.259824
3.152100 0.260745
3.173114 0.259640
3.194128 0.260515
3.215142 0.259571
3.236156 0.260275
3.257170 0.262224
3.278184 0.260818
3.299198 0.261268
3.320212 0.259250
3.341226 0.259835
3.362240 0.260887
3.383254 0.259803
3.404268 0.261098
3.425282 0.259296
3.446296 0.260147
3.467310 0.261690
3.488324 0.260627
3.509338 0.261242
3.530352 0.259170
3.551366 0.261130
3.572380 0.263455
3.593394 0.261889
3.614408 0.262908
3.635422 0.260525
3.656436 0.262013
3.677450 0.263768
3.698464 0.262617
3.719478 0.263508
3.740492 0.262222
3.761506 0.262738
3.782520 0.264885
3.803534 0.263817
3.824548 0.264200
3.845562 0.262078
3.866576 0.262233
3.887590 0.264818
3.908604 0.264146
3.929618 0.264891
3.950632 0.263005
3.971646 0.264156
3.992660 0.267274
4.013674 0.266638
4.034688 0.268368
4.055702 0.266213
4.076716 0.266528
4.097730 0.268969
4.118744 0.267701
4.139758 0.269580
4.160772 0.266953
4.181786 0.267898
4.202800 0.270258
4.223814 0.268549
4.244828 0.269589
4.265842 0.266040
4.286856 0.266654
4.307870 0.268836
4.328884 0.266759
4.349898 0.267883
4.370912 0.264388
4.391926 0.265109
4.412940 0.267055
4.433954 0.264356
4.454968 0.266076
4.475982 0.262168
4.496996 0.263707
4.518010 0.264974
4.539023 0.263419
4.560037 0.265498
4.581051 0.261466
4.602065 0.263962
4.623079 0.264819
4.644093 0.263349
4.665107 0.265798
4.686121 0.259820
4.707135 0.261718
4.728149 0.261938
4.749163 0.260197
4.770177 0.262361
4.791191 0.255954
4.812205 0.258334
4.833219 0.258319
4.854233 0.256962
4.875247 0.259668
4.896261 0.253575
4.917275 0.257028
4.938289 0.256820
4.959303 0.254239
4.980317 0.258005
5.001331 0.250893
5.022345 0.254012
5.043359 0.253992
5.064373 0.253423
5.085387 0.257839
5.106401 0.250301
5.127415 0.254126
5.148429 0.252853
5.169443 0.252411
5.190457 0.257018
5.211471 0.248613
5.232485 0.252581
5.253499 0.250248
5.274513 0.249930
5.295527 0.254910
5.316541 0.246648
5.337555 0.250419
5.358569 0.248311
5.379583 0.247715
5.400597 0.253326
5.421611 0.244776
5.442625 0.248038
5.463639 0.245446
5.484653 0.245404
5.505667 0.251128
5.526681 0.242007
5.547695 0.246361
5.568709 0.243857
5.589723 0.243877
5.610737 0.249862
5.631751 0.241137
5.652765 0.245026
5.673779 0.242766
5.694793 0.243634
5.715807 0.249949
5.736821 0.241604
5.757835 0.245303
5.778849 0.242916
5.799863 0.243201
5.820877 0.249316
5.841891 0.240942
5.862905 0.244992
5.883919 0.241799
5.904933 0.241836
5.925947 0.248314
5.946961 0.240673
5.967975 0.245293
5.988989 0.242614
6.010003 0.243504
6.031017 0.250487
6.052031 0.241895
6.073045 0.245957
6.094059 0.244077
6.115073 0.244927
6.136087 0.251782
6.157101 0.244985
6.178115 0.248899
6.199129 0.246942
6.220143 0.247832
6.241157 0.254104
6.262171 0.247962
6.283185 0.252611
