serial number: JANUSZ_4_RI70_21414869
torque: 8.0
start_temp: 30 (31)
finish_temp: 29 (30)
note: joint J4, pcb 3_4
0.000000 nan
0.021014 0.229499
0.042028 0.244206
0.063042 0.236596
0.084056 0.234091
0.105070 0.247436
0.126084 0.229496
0.147098 0.244898
0.168112 0.235938
0.189126 0.234456
0.210140 0.246681
0.231154 0.229395
0.252168 0.244598
0.273182 0.234937
0.294196 0.235264
0.315210 0.246372
0.336224 0.229037
0.357238 0.245816
0.378252 0.233908
0.399266 0.236121
0.420280 0.245433
0.441294 0.228960
0.462308 0.245152
0.483322 0.231419
0.504336 0.235129
0.525350 0.242752
0.546364 0.228460
0.567378 0.245368
0.588392 0.230891
0.609406 0.236135
0.630420 0.241615
0.651434 0.227532
0.672448 0.244901
0.693462 0.228262
0.714476 0.235464
0.735490 0.240090
0.756504 0.227751
0.777518 0.245446
0.798532 0.228224
0.819546 0.235765
0.840560 0.237845
0.861574 0.224619
0.882588 0.241565
0.903602 0.223190
0.924616 0.233456
0.945630 0.234754
0.966644 0.224137
0.987658 0.241693
1.008672 0.223203
1.029686 0.234602
1.050700 0.232523
1.071714 0.224719
1.092728 0.240682
1.113742 0.220664
1.134756 0.233800
1.155770 0.230313
1.176784 0.224421
1.197798 0.240533
1.218812 0.220870
1.239826 0.233980
1.260840 0.226901
1.281854 0.221189
1.302868 0.236503
1.323882 0.216335
1.344896 0.231795
1.365910 0.223663
1.386924 0.221491
1.407938 0.234674
1.428952 0.213930
1.449966 0.231097
1.470980 0.219920
1.491994 0.221642
1.513008 0.231911
1.534022 0.212683
1.555036 0.232273
1.576050 0.217201
1.597064 0.221413
1.618078 0.229651
1.639092 0.210004
1.660106 0.229691
1.681120 0.212996
1.702134 0.221037
1.723148 0.227848
1.744162 0.209804
1.765176 0.229499
1.786190 0.211467
1.807204 0.221766
1.828218 0.226187
1.849232 0.210759
1.870246 0.230797
1.891260 0.209296
1.912274 0.221318
1.933288 0.222906
1.954302 0.208867
1.975316 0.229550
1.996330 0.206555
2.017344 0.222303
2.038358 0.219932
2.059372 0.208026
2.080386 0.227443
2.101400 0.203275
2.122414 0.221449
2.143428 0.215675
2.164442 0.208244
2.185456 0.226954
2.206470 0.199747
2.227484 0.219678
2.248498 0.211117
2.269512 0.207090
2.290526 0.224724
2.311540 0.198217
2.332554 0.219897
2.353568 0.207504
2.374582 0.207098
2.395596 0.221716
2.416610 0.194765
2.437624 0.218772
2.458638 0.202679
2.479652 0.207662
2.500666 0.220526
2.521680 0.194169
2.542694 0.218036
2.563708 0.198620
2.584722 0.207429
2.605736 0.215076
2.626750 0.194107
2.647764 0.218357
2.668778 0.194615
2.689792 0.207936
2.710806 0.210204
2.731820 0.193366
2.752834 0.217783
2.773848 0.191640
2.794862 0.209209
2.815876 0.207617
2.836890 0.194356
2.857904 0.216554
2.878918 0.189262
2.899932 0.209769
2.920946 0.203056
2.941960 0.194099
2.962974 0.215207
2.983988 0.188258
3.005002 0.211815
3.026016 0.199828
3.047030 0.196072
3.068044 0.213951
3.089058 0.186738
3.110072 0.213376
3.131086 0.197336
3.152100 0.200220
3.173114 0.212795
3.194128 0.187281
3.215142 0.214170
3.236156 0.194003
3.257170 0.201722
3.278184 0.211510
3.299198 0.188968
3.320212 0.216964
3.341226 0.191401
3.362240 0.204216
3.383254 0.209121
3.404268 0.190163
3.425282 0.215798
3.446296 0.189410
3.467310 0.207093
3.488324 0.207131
3.509338 0.195814
3.530352 0.219520
3.551366 0.192648
3.572380 0.213044
3.593394 0.205299
3.614408 0.197730
3.635422 0.219464
3.656436 0.193454
3.677450 0.216049
3.698464 0.203107
3.719478 0.202019
3.740492 0.220111
3.761506 0.194403
3.782520 0.219104
3.803534 0.202927
3.824548 0.207987
3.845562 0.221796
3.866576 0.198787
3.887590 0.224791
3.908604 0.204763
3.929618 0.213121
3.950632 0.221065
3.971646 0.200261
3.992660 0.227032
4.013674 0.203355
4.034688 0.216934
4.055702 0.220558
4.076716 0.205400
4.097730 0.231112
4.118744 0.205092
4.139758 0.221941
4.160772 0.220229
4.181786 0.210083
4.202800 0.233075
4.223814 0.206185
4.244828 0.225594
4.265842 0.220680
4.286856 0.214532
4.307870 0.236020
4.328884 0.209213
4.349898 0.230175
4.370912 0.220127
4.391926 0.217768
4.412940 0.236478
4.433954 0.209079
4.454968 0.232690
4.475982 0.218770
4.496996 0.221123
4.518010 0.235622
4.539023 0.209942
4.560037 0.234443
4.581051 0.217083
4.602065 0.223610
4.623079 0.235738
4.644093 0.213622
4.665107 0.238383
4.686121 0.217570
4.707135 0.226250
4.728149 0.233783
4.749163 0.213352
4.770177 0.237312
4.791191 0.214904
4.812205 0.228470
4.833219 0.233260
4.854233 0.215574
4.875247 0.238610
4.896261 0.215078
4.917275 0.229326
4.938289 0.229600
4.959303 0.217344
4.980317 0.239580
5.001331 0.214756
5.022345 0.232526
5.043359 0.228925
5.064373 0.218091
5.085387 0.239136
5.106401 0.213911
5.127415 0.233277
5.148429 0.227671
5.169443 0.222156
5.190457 0.240236
5.211471 0.215959
5.232485 0.236056
5.253499 0.227259
5.274513 0.224209
5.295527 0.239952
5.316541 0.216886
5.337555 0.236710
5.358569 0.225302
5.379583 0.224600
5.400597 0.238627
5.421611 0.217487
5.442625 0.238861
5.463639 0.225056
5.484653 0.225722
5.505667 0.236425
5.526681 0.216768
5.547695 0.238472
5.568709 0.225222
5.589723 0.229656
5.610737 0.237071
5.631751 0.219287
5.652765 0.239738
5.673779 0.224843
5.694793 0.232051
5.715807 0.237774
5.736821 0.223260
5.757835 0.243733
5.778849 0.226610
5.799863 0.235626
5.820877 0.239035
5.841891 0.225452
5.862905 0.243709
5.883919 0.226416
5.904933 0.236121
5.925947 0.237682
5.946961 0.226473
5.967975 0.245113
5.988989 0.227053
6.010003 0.237555
6.031017 0.236943
6.052031 0.227958
6.073045 0.245882
6.094059 0.228178
6.115073 0.241323
6.136087 0.239133
6.157101 0.232031
6.178115 0.247464
6.199129 0.228916
6.220143 0.242786
6.241157 0.237041
6.262171 0.232387
6.283185 0.247171
