serial number: JANUSZ_4_RI70_21414869
torque: 8.0
start_temp: 30 (30)
finish_temp: 30 (30)
note: joint J4, pcb 3_4, po wybuchu, poprawiony enkoder, ma odcisk
0.000000 nan
0.021014 0.251120
0.042028 0.254551
0.063042 0.253729
0.084056 0.254993
0.105070 0.253936
0.126084 0.251580
0.147098 0.254920
0.168112 0.253971
0.189126 0.256803
0.210140 0.255503
0.231154 0.252814
0.252168 0.255988
0.273182 0.253883
0.294196 0.256631
0.315210 0.255401
0.336224 0.252706
0.357238 0.256350
0.378252 0.255694
0.399266 0.259102
0.420280 0.257853
0.441294 0.254745
0.462308 0.256980
0.483322 0.254503
0.504336 0.257423
0.525350 0.256649
0.546364 0.254920
0.567378 0.257264
0.588392 0.254143
0.609406 0.258178
0.630420 0.256154
0.651434 0.255071
0.672448 0.256707
0.693462 0.252320
0.714476 0.257363
0.735490 0.254659
0.756504 0.254625
0.777518 0.255941
0.798532 0.251071
0.819546 0.256861
0.840560 0.253997
0.861574 0.253960
0.882588 0.255506
0.903602 0.249871
0.924616 0.255330
0.945630 0.252518
0.966644 0.252141
0.987658 0.253925
1.008672 0.248485
1.029686 0.253614
1.050700 0.250136
1.071714 0.251207
1.092728 0.253155
1.113742 0.246784
1.134756 0.253073
1.155770 0.248575
1.176784 0.251720
1.197798 0.252674
1.218812 0.247370
1.239826 0.254212
1.260840 0.248388
1.281854 0.252670
1.302868 0.252254
1.323882 0.247199
1.344896 0.255343
1.365910 0.248862
1.386924 0.254345
1.407938 0.252754
1.428952 0.249226
1.449966 0.257060
1.470980 0.250088
1.491994 0.256565
1.513008 0.254918
1.534022 0.251358
1.555036 0.258577
1.576050 0.250589
1.597064 0.256290
1.618078 0.253749
1.639092 0.251221
1.660106 0.258516
1.681120 0.250082
1.702134 0.257090
1.723148 0.253444
1.744162 0.252216
1.765176 0.258535
1.786190 0.250941
1.807204 0.259235
1.828218 0.254854
1.849232 0.254345
1.870246 0.258695
1.891260 0.251919
1.912274 0.260486
1.933288 0.254771
1.954302 0.255725
1.975316 0.259645
1.996330 0.253135
2.017344 0.261402
2.038358 0.255343
2.059372 0.257323
2.080386 0.259768
2.101400 0.253792
2.122414 0.261813
2.143428 0.254810
2.164442 0.258167
2.185456 0.259890
2.206470 0.255725
2.227484 0.262629
2.248498 0.253868
2.269512 0.257981
2.290526 0.258357
2.311540 0.254671
2.332554 0.260597
2.353568 0.253118
2.374582 0.259875
2.395596 0.258507
2.416610 0.256061
2.437624 0.261074
2.458638 0.253548
2.479652 0.259876
2.500666 0.257420
2.521680 0.256753
2.542694 0.260517
2.563708 0.252857
2.584722 0.258061
2.605736 0.255082
2.626750 0.256224
2.647764 0.260336
2.668778 0.254145
2.689792 0.260684
2.710806 0.255537
2.731820 0.257442
2.752834 0.259523
2.773848 0.253943
2.794862 0.259751
2.815876 0.253112
2.836890 0.256433
2.857904 0.257427
2.878918 0.253876
2.899932 0.258267
2.920946 0.251194
2.941960 0.256149
2.962974 0.257512
2.983988 0.255098
3.005002 0.258600
3.026016 0.251919
3.047030 0.258126
3.068044 0.260080
3.089058 0.258708
3.110072 0.263087
3.131086 0.255914
3.152100 0.260322
3.173114 0.259204
3.194128 0.258239
3.215142 0.261717
3.236156 0.255502
3.257170 0.259993
3.278184 0.259076
3.299198 0.259548
3.320212 0.262010
3.341226 0.256807
3.362240 0.261482
3.383254 0.260027
3.404268 0.261320
3.425282 0.263828
3.446296 0.259110
3.467310 0.264073
3.488324 0.262036
3.509338 0.263670
3.530352 0.264868
3.551366 0.260226
3.572380 0.265045
3.593394 0.261847
3.614408 0.263071
3.635422 0.264053
3.656436 0.260113
3.677450 0.263671
3.698464 0.260111
3.719478 0.262560
3.740492 0.264269
3.761506 0.260223
3.782520 0.263358
3.803534 0.258894
3.824548 0.261743
3.845562 0.261709
3.866576 0.258944
3.887590 0.260429
3.908604 0.256108
3.929618 0.259417
3.950632 0.260709
3.971646 0.258229
3.992660 0.261100
4.013674 0.257740
4.034688 0.259782
4.055702 0.261794
4.076716 0.258036
4.097730 0.259988
4.118744 0.255459
4.139758 0.256949
4.160772 0.259014
4.181786 0.255320
4.202800 0.258637
4.223814 0.254571
4.244828 0.256426
4.265842 0.258311
4.286856 0.255212
4.307870 0.257182
4.328884 0.253248
4.349898 0.255363
4.370912 0.256257
4.391926 0.253628
4.412940 0.255524
4.433954 0.252329
4.454968 0.254669
4.475982 0.255556
4.496996 0.252481
4.518010 0.253578
4.539023 0.250975
4.560037 0.252567
4.581051 0.253703
4.602065 0.250576
4.623079 0.251147
4.644093 0.248599
4.665107 0.251014
4.686121 0.251907
4.707135 0.250003
4.728149 0.250701
4.749163 0.247272
4.770177 0.247995
4.791191 0.247758
4.812205 0.247245
4.833219 0.249021
4.854233 0.246909
4.875247 0.248618
4.896261 0.249728
4.917275 0.248158
4.938289 0.247672
4.959303 0.245652
4.980317 0.247861
5.001331 0.248617
5.022345 0.247653
5.043359 0.248828
5.064373 0.247686
5.085387 0.248648
5.106401 0.248882
5.127415 0.247297
5.148429 0.247774
5.169443 0.246002
5.190457 0.246890
5.211471 0.249124
5.232485 0.248411
5.253499 0.249374
5.274513 0.248553
5.295527 0.249231
5.316541 0.250828
5.337555 0.249366
5.358569 0.250024
5.379583 0.249484
5.400597 0.249054
5.421611 0.250753
5.442625 0.248909
5.463639 0.248895
5.484653 0.249781
5.505667 0.249295
5.526681 0.250789
5.547695 0.249703
5.568709 0.248698
5.589723 0.250169
5.610737 0.249509
5.631751 0.250252
5.652765 0.250108
5.673779 0.248994
5.694793 0.250305
5.715807 0.250335
5.736821 0.251728
5.757835 0.250907
5.778849 0.249321
5.799863 0.250905
5.820877 0.250589
5.841891 0.252187
5.862905 0.251488
5.883919 0.249108
5.904933 0.251118
5.925947 0.249511
5.946961 0.251359
5.967975 0.251604
5.988989 0.249076
6.010003 0.251899
6.031017 0.250156
6.052031 0.251987
6.073045 0.251324
6.094059 0.249045
6.115073 0.252908
6.136087 0.250950
6.157101 0.252327
6.178115 0.251683
6.199129 0.248492
6.220143 0.252472
6.241157 0.251893
6.262171 0.254075
6.283185 0.253990
