serial number: JANUSZ_4_RI70_21414869
torque: 8.0
start_temp: 30 (31)
finish_temp: 29 (29)
note: joint J4, pcb 3_4
0.000000 nan
0.021014 0.222682
0.042028 0.238444
0.063042 0.232262
0.084056 0.227085
0.105070 0.242629
0.126084 0.223137
0.147098 0.239374
0.168112 0.231388
0.189126 0.227732
0.210140 0.242181
0.231154 0.222571
0.252168 0.239119
0.273182 0.229787
0.294196 0.227579
0.315210 0.240691
0.336224 0.221932
0.357238 0.240022
0.378252 0.228327
0.399266 0.227641
0.420280 0.238902
0.441294 0.222165
0.462308 0.241274
0.483322 0.228892
0.504336 0.230332
0.525350 0.239955
0.546364 0.223716
0.567378 0.241346
0.588392 0.227063
0.609406 0.230254
0.630420 0.237545
0.651434 0.221864
0.672448 0.240503
0.693462 0.224917
0.714476 0.230019
0.735490 0.235498
0.756504 0.219075
0.777518 0.238651
0.798532 0.221778
0.819546 0.228928
0.840560 0.233595
0.861574 0.219368
0.882588 0.237154
0.903602 0.219464
0.924616 0.229483
0.945630 0.231152
0.966644 0.219706
0.987658 0.237020
1.008672 0.216846
1.029686 0.227926
1.050700 0.226999
1.071714 0.216411
1.092728 0.233326
1.113742 0.212413
1.134756 0.223895
1.155770 0.220961
1.176784 0.212809
1.197798 0.231134
1.218812 0.210833
1.239826 0.226050
1.260840 0.220871
1.281854 0.214567
1.302868 0.230582
1.323882 0.208831
1.344896 0.224599
1.365910 0.214906
1.386924 0.210588
1.407938 0.225826
1.428952 0.205065
1.449966 0.223156
1.470980 0.211407
1.491994 0.212193
1.513008 0.224744
1.534022 0.202119
1.555036 0.222063
1.576050 0.208302
1.597064 0.212269
1.618078 0.224334
1.639092 0.203562
1.660106 0.224157
1.681120 0.206667
1.702134 0.211567
1.723148 0.221412
1.744162 0.201991
1.765176 0.223571
1.786190 0.202896
1.807204 0.211359
1.828218 0.218571
1.849232 0.200615
1.870246 0.223068
1.891260 0.200391
1.912274 0.213244
1.933288 0.216940
1.954302 0.201027
1.975316 0.223793
1.996330 0.198657
2.017344 0.212911
2.038358 0.212312
2.059372 0.200276
2.080386 0.222270
2.101400 0.197060
2.122414 0.215593
2.143428 0.210998
2.164442 0.199805
2.185456 0.220953
2.206470 0.193448
2.227484 0.214484
2.248498 0.207842
2.269512 0.200562
2.290526 0.219952
2.311540 0.190243
2.332554 0.213168
2.353568 0.202402
2.374582 0.199385
2.395596 0.216797
2.416610 0.187645
2.437624 0.213890
2.458638 0.197984
2.479652 0.201488
2.500666 0.214779
2.521680 0.186221
2.542694 0.213039
2.563708 0.193474
2.584722 0.199852
2.605736 0.210478
2.626750 0.188380
2.647764 0.215308
2.668778 0.190070
2.689792 0.201476
2.710806 0.207944
2.731820 0.186796
2.752834 0.214235
2.773848 0.185354
2.794862 0.201172
2.815876 0.202945
2.836890 0.185506
2.857904 0.212571
2.878918 0.183990
2.899932 0.204644
2.920946 0.199897
2.941960 0.186781
2.962974 0.210771
2.983988 0.181549
3.005002 0.207449
3.026016 0.196926
3.047030 0.191446
3.068044 0.212449
3.089058 0.183509
3.110072 0.210119
3.131086 0.194138
3.152100 0.193408
3.173114 0.210203
3.194128 0.182179
3.215142 0.211161
3.236156 0.192242
3.257170 0.197822
3.278184 0.209824
3.299198 0.184263
3.320212 0.212678
3.341226 0.188123
3.362240 0.199229
3.383254 0.207893
3.404268 0.188460
3.425282 0.216498
3.446296 0.188184
3.467310 0.203838
3.488324 0.204670
3.509338 0.190605
3.530352 0.217205
3.551366 0.187986
3.572380 0.207834
3.593394 0.202129
3.614408 0.192948
3.635422 0.217523
3.656436 0.188344
3.677450 0.210829
3.698464 0.199555
3.719478 0.195839
3.740492 0.217285
3.761506 0.191938
3.782520 0.216888
3.803534 0.200868
3.824548 0.202607
3.845562 0.219819
3.866576 0.193497
3.887590 0.220982
3.908604 0.201308
3.929618 0.207567
3.950632 0.219186
3.971646 0.197921
3.992660 0.225323
4.013674 0.199950
4.034688 0.210720
4.055702 0.218526
4.076716 0.201571
4.097730 0.227534
4.118744 0.200787
4.139758 0.217774
4.160772 0.219044
4.181786 0.205065
4.202800 0.230896
4.223814 0.202444
4.244828 0.221235
4.265842 0.218170
4.286856 0.209947
4.307870 0.233855
4.328884 0.204583
4.349898 0.226017
4.370912 0.217432
4.391926 0.211399
4.412940 0.233611
4.433954 0.204542
4.454968 0.229379
4.475982 0.216701
4.496996 0.215898
4.518010 0.233119
4.539023 0.207059
4.560037 0.231748
4.581051 0.214721
4.602065 0.219253
4.623079 0.232860
4.644093 0.207979
4.665107 0.233700
4.686121 0.212944
4.707135 0.221142
4.728149 0.231531
4.749163 0.209453
4.770177 0.234918
4.791191 0.210783
4.812205 0.221929
4.833219 0.228536
4.854233 0.210324
4.875247 0.235876
4.896261 0.210355
4.917275 0.223839
4.938289 0.226810
4.959303 0.209238
4.980317 0.234344
5.001331 0.207862
5.022345 0.226034
5.043359 0.225660
5.064373 0.214740
5.085387 0.237002
5.106401 0.210342
5.127415 0.228834
5.148429 0.224672
5.169443 0.215951
5.190457 0.234864
5.211471 0.208598
5.232485 0.229443
5.253499 0.223288
5.274513 0.218621
5.295527 0.237136
5.316541 0.210201
5.337555 0.230765
5.358569 0.222316
5.379583 0.219965
5.400597 0.236313
5.421611 0.212562
5.442625 0.234592
5.463639 0.222356
5.484653 0.222966
5.505667 0.235376
5.526681 0.212716
5.547695 0.235457
5.568709 0.220252
5.589723 0.223799
5.610737 0.235350
5.631751 0.214678
5.652765 0.236865
5.673779 0.220435
5.694793 0.226920
5.715807 0.235388
5.736821 0.216271
5.757835 0.237455
5.778849 0.220213
5.799863 0.228902
5.820877 0.234516
5.841891 0.219243
5.862905 0.240539
5.883919 0.221593
5.904933 0.230396
5.925947 0.234563
5.946961 0.220837
5.967975 0.241961
5.988989 0.224347
6.010003 0.234976
6.031017 0.235119
6.052031 0.221999
6.073045 0.241255
6.094059 0.221466
6.115073 0.234342
6.136087 0.232163
6.157101 0.223255
6.178115 0.242231
6.199129 0.222268
6.220143 0.235639
6.241157 0.230809
6.262171 0.223137
6.283185 0.241468
