serial number: JANUSZ_4_RI70_21414869
torque: 8.0
start_temp: 30 (31)
finish_temp: 30 (30)
note: joint_J4_pcb_3_4
0.000000 nan
0.021014 0.225535
0.042028 0.237018
0.063042 0.232170
0.084056 0.229103
0.105070 0.240195
0.126084 0.224785
0.147098 0.237673
0.168112 0.231084
0.189126 0.228573
0.210140 0.240954
0.231154 0.225042
0.252168 0.238304
0.273182 0.229122
0.294196 0.228147
0.315210 0.238133
0.336224 0.222583
0.357238 0.236323
0.378252 0.227083
0.399266 0.229162
0.420280 0.238414
0.441294 0.223549
0.462308 0.238928
0.483322 0.228268
0.504336 0.230202
0.525350 0.237398
0.546364 0.222754
0.567378 0.237732
0.588392 0.225851
0.609406 0.229054
0.630420 0.235548
0.651434 0.222654
0.672448 0.238042
0.693462 0.222944
0.714476 0.227526
0.735490 0.233098
0.756504 0.220944
0.777518 0.236517
0.798532 0.221177
0.819546 0.226959
0.840560 0.229859
0.861574 0.218929
0.882588 0.234755
0.903602 0.219111
0.924616 0.227721
0.945630 0.229440
0.966644 0.219748
0.987658 0.234884
1.008672 0.218038
1.029686 0.226920
1.050700 0.227501
1.071714 0.218905
1.092728 0.234295
1.113742 0.216334
1.134756 0.225252
1.155770 0.223494
1.176784 0.216415
1.197798 0.231131
1.218812 0.212124
1.239826 0.224736
1.260840 0.220910
1.281854 0.215541
1.302868 0.228263
1.323882 0.209498
1.344896 0.223898
1.365910 0.217198
1.386924 0.214403
1.407938 0.227028
1.428952 0.208695
1.449966 0.223404
1.470980 0.213807
1.491994 0.213505
1.513008 0.224488
1.534022 0.206973
1.555036 0.223928
1.576050 0.212638
1.597064 0.214141
1.618078 0.222434
1.639092 0.204962
1.660106 0.222364
1.681120 0.209411
1.702134 0.214208
1.723148 0.220836
1.744162 0.204123
1.765176 0.221226
1.786190 0.205279
1.807204 0.213656
1.828218 0.219190
1.849232 0.204119
1.870246 0.222882
1.891260 0.204142
1.912274 0.213871
1.933288 0.216890
1.954302 0.203995
1.975316 0.222505
1.996330 0.200886
2.017344 0.214113
2.038358 0.214778
2.059372 0.204640
2.080386 0.222509
2.101400 0.199994
2.122414 0.214073
2.143428 0.210844
2.164442 0.202534
2.185456 0.220608
2.206470 0.197728
2.227484 0.215594
2.248498 0.209133
2.269512 0.202469
2.290526 0.218697
2.311540 0.194971
2.332554 0.214614
2.353568 0.205762
2.374582 0.204401
2.395596 0.217901
2.416610 0.192736
2.437624 0.213757
2.458638 0.199804
2.479652 0.202240
2.500666 0.213715
2.521680 0.191589
2.542694 0.213742
2.563708 0.196305
2.584722 0.202524
2.605736 0.211757
2.626750 0.190465
2.647764 0.214350
2.668778 0.194644
2.689792 0.204391
2.710806 0.209148
2.731820 0.189507
2.752834 0.213055
2.773848 0.187573
2.794862 0.200847
2.815876 0.202726
2.836890 0.187268
2.857904 0.210360
2.878918 0.185137
2.899932 0.203292
2.920946 0.200171
2.941960 0.188761
2.962974 0.210424
2.983988 0.182659
3.005002 0.204817
3.026016 0.195009
3.047030 0.190217
3.068044 0.208888
3.089058 0.183258
3.110072 0.206472
3.131086 0.190368
3.152100 0.190374
3.173114 0.204857
3.194128 0.176392
3.215142 0.203453
3.236156 0.184813
3.257170 0.190853
3.278184 0.203076
3.299198 0.180768
3.320212 0.207604
3.341226 0.184903
3.362240 0.195316
3.383254 0.201595
3.404268 0.181528
3.425282 0.208040
3.446296 0.184638
3.467310 0.199184
3.488324 0.198995
3.509338 0.185528
3.530352 0.210305
3.551366 0.183300
3.572380 0.202015
3.593394 0.196905
3.614408 0.189504
3.635422 0.210888
3.656436 0.185318
3.677450 0.206391
3.698464 0.196189
3.719478 0.193590
3.740492 0.212514
3.761506 0.188694
3.782520 0.211961
3.803534 0.196796
3.824548 0.198945
3.845562 0.212975
3.866576 0.191822
3.887590 0.216513
3.908604 0.197407
3.929618 0.204849
3.950632 0.214664
3.971646 0.195893
3.992660 0.220615
4.013674 0.198932
4.034688 0.211510
4.055702 0.215479
4.076716 0.200918
4.097730 0.224685
4.118744 0.200587
4.139758 0.215556
4.160772 0.216658
4.181786 0.205290
4.202800 0.227531
4.223814 0.202913
4.244828 0.220252
4.265842 0.216375
4.286856 0.208584
4.307870 0.228799
4.328884 0.203371
4.349898 0.223166
4.370912 0.216216
4.391926 0.213230
4.412940 0.231132
4.433954 0.204860
4.454968 0.226891
4.475982 0.215039
4.496996 0.216231
4.518010 0.230335
4.539023 0.208148
4.560037 0.229391
4.581051 0.213802
4.602065 0.218555
4.623079 0.230393
4.644093 0.209852
4.665107 0.231237
4.686121 0.212471
4.707135 0.220626
4.728149 0.228764
4.749163 0.209963
4.770177 0.231768
4.791191 0.211736
4.812205 0.222280
4.833219 0.227378
4.854233 0.211164
4.875247 0.232593
4.896261 0.210073
4.917275 0.222351
4.938289 0.224008
4.959303 0.211568
4.980317 0.232234
5.001331 0.209196
5.022345 0.223931
5.043359 0.222351
5.064373 0.212498
5.085387 0.230577
5.106401 0.208533
5.127415 0.224811
5.148429 0.221339
5.169443 0.214158
5.190457 0.231108
5.211471 0.210208
5.232485 0.227383
5.253499 0.220246
5.274513 0.215775
5.295527 0.231030
5.316541 0.210332
5.337555 0.228130
5.358569 0.218928
5.379583 0.217364
5.400597 0.230900
5.421611 0.211958
5.442625 0.230673
5.463639 0.219713
5.484653 0.220031
5.505667 0.230195
5.526681 0.212215
5.547695 0.231517
5.568709 0.218805
5.589723 0.222069
5.610737 0.230616
5.631751 0.214524
5.652765 0.233488
5.673779 0.219821
5.694793 0.225015
5.715807 0.230898
5.736821 0.215960
5.757835 0.234330
5.778849 0.220170
5.799863 0.226062
5.820877 0.231490
5.841891 0.218292
5.862905 0.235973
5.883919 0.221546
5.904933 0.229230
5.925947 0.231524
5.946961 0.220669
5.967975 0.238505
5.988989 0.223274
6.010003 0.232590
6.031017 0.232795
6.052031 0.223208
6.073045 0.239827
6.094059 0.224832
6.115073 0.235823
6.136087 0.233966
6.157101 0.226692
6.178115 0.240770
6.199129 0.224665
6.220143 0.236017
6.241157 0.233060
6.262171 0.227809
6.283185 0.241373
