serial number: JANUSZ_4_RI70_21414869
torque: 8.0
start_temp: 29 (30)
finish_temp: 30 (30)
note: joint J4 dodatkowy, pcb 3_4
0.000000 nan
0.021014 0.320507
0.042028 0.308222
0.063042 0.320673
0.084056 0.315935
0.105070 0.314388
0.126084 0.322776
0.147098 0.310644
0.168112 0.322887
0.189126 0.315597
0.210140 0.313800
0.231154 0.321025
0.252168 0.310140
0.273182 0.323307
0.294196 0.315773
0.315210 0.315788
0.336224 0.322333
0.357238 0.312628
0.378252 0.325710
0.399266 0.315982
0.420280 0.318215
0.441294 0.322664
0.462308 0.313070
0.483322 0.326130
0.504336 0.315934
0.525350 0.318686
0.546364 0.321781
0.567378 0.313722
0.588392 0.327340
0.609406 0.316737
0.630420 0.320754
0.651434 0.321325
0.672448 0.313438
0.693462 0.326295
0.714476 0.315052
0.735490 0.321573
0.756504 0.321400
0.777518 0.315615
0.798532 0.327767
0.819546 0.315728
0.840560 0.322710
0.861574 0.320365
0.882588 0.315749
0.903602 0.328162
0.924616 0.315205
0.945630 0.323279
0.966644 0.319962
0.987658 0.313499
1.008672 0.323802
1.029686 0.313077
1.050700 0.324187
1.071714 0.319649
1.092728 0.316824
1.113742 0.326962
1.134756 0.314796
1.155770 0.325020
1.176784 0.318775
1.197798 0.317637
1.218812 0.326931
1.239826 0.314280
1.260840 0.324480
1.281854 0.318240
1.302868 0.316580
1.323882 0.324764
1.344896 0.314263
1.365910 0.325837
1.386924 0.318336
1.407938 0.319258
1.428952 0.326294
1.449966 0.313862
1.470980 0.324419
1.491994 0.316415
1.513008 0.319113
1.534022 0.325233
1.555036 0.313427
1.576050 0.323530
1.597064 0.314365
1.618078 0.318708
1.639092 0.323247
1.660106 0.313944
1.681120 0.325521
1.702134 0.315571
1.723148 0.321587
1.744162 0.324035
1.765176 0.314739
1.786190 0.326572
1.807204 0.316601
1.828218 0.323491
1.849232 0.324593
1.870246 0.316031
1.891260 0.326514
1.912274 0.316150
1.933288 0.323161
1.954302 0.321729
1.975316 0.313442
1.996330 0.323986
2.017344 0.312178
2.038358 0.321597
2.059372 0.319320
2.080386 0.313885
2.101400 0.323377
2.122414 0.310822
2.143428 0.320095
2.164442 0.315576
2.185456 0.310446
2.206470 0.318427
2.227484 0.305584
2.248498 0.316583
2.269512 0.310549
2.290526 0.308784
2.311540 0.316887
2.332554 0.302676
2.353568 0.315506
2.374582 0.307936
2.395596 0.309255
2.416610 0.315174
2.437624 0.301486
2.458638 0.312990
2.479652 0.302737
2.500666 0.306201
2.521680 0.309310
2.542694 0.298010
2.563708 0.309599
2.584722 0.296177
2.605736 0.300165
2.626750 0.300871
2.647764 0.290220
2.668778 0.303525
2.689792 0.290093
2.710806 0.298355
2.731820 0.297795
2.752834 0.288597
2.773848 0.301388
2.794862 0.287099
2.815876 0.298408
2.836890 0.294568
2.857904 0.289468
2.878918 0.299943
2.899932 0.284814
2.920946 0.296045
2.941960 0.289169
2.962974 0.282722
2.983988 0.291198
3.005002 0.278250
3.026016 0.293041
3.047030 0.284579
3.068044 0.284926
3.089058 0.290860
3.110072 0.275072
3.131086 0.289278
3.152100 0.278314
3.173114 0.281606
3.194128 0.285850
3.215142 0.273550
3.236156 0.287929
3.257170 0.275517
3.278184 0.281729
3.299198 0.282628
3.320212 0.274252
3.341226 0.289006
3.362240 0.273027
3.383254 0.280518
3.404268 0.279002
3.425282 0.272132
3.446296 0.285213
3.467310 0.271921
3.488324 0.283240
3.509338 0.279766
3.530352 0.276555
3.551366 0.286546
3.572380 0.270645
3.593394 0.285011
3.614408 0.277967
3.635422 0.276282
3.656436 0.286439
3.677450 0.270620
3.698464 0.285905
3.719478 0.276077
3.740492 0.273635
3.761506 0.281861
3.782520 0.268554
3.803534 0.286028
3.824548 0.274166
3.845562 0.276589
3.866576 0.280807
3.887590 0.269555
3.908604 0.287713
3.929618 0.274429
3.950632 0.282303
3.971646 0.284125
3.992660 0.273049
4.013674 0.291152
4.034688 0.277285
4.055702 0.287845
4.076716 0.286220
4.097730 0.278687
4.118744 0.295479
4.139758 0.280466
4.160772 0.292350
4.181786 0.287800
4.202800 0.283544
4.223814 0.298449
4.244828 0.282937
4.265842 0.297710
4.286856 0.291037
4.307870 0.291041
4.328884 0.303298
4.349898 0.287077
4.370912 0.300990
4.391926 0.292497
4.412940 0.295666
4.433954 0.306269
4.454968 0.292898
4.475982 0.308637
4.496996 0.296344
4.518010 0.299643
4.539023 0.306803
4.560037 0.295195
4.581051 0.312373
4.602065 0.298199
4.623079 0.304782
4.644093 0.308496
4.665107 0.299109
4.686121 0.316696
4.707135 0.300956
4.728149 0.309485
4.749163 0.310693
4.770177 0.303042
4.791191 0.319930
4.812205 0.303488
4.833219 0.314228
4.854233 0.312608
4.875247 0.304639
4.896261 0.320555
4.917275 0.304336
4.938289 0.317222
4.959303 0.314067
4.980317 0.311091
5.001331 0.325989
5.022345 0.309483
5.043359 0.325037
5.064373 0.318378
5.085387 0.316124
5.106401 0.328924
5.127415 0.309939
5.148429 0.323425
5.169443 0.315359
5.190457 0.314967
5.211471 0.327274
5.232485 0.311712
5.253499 0.327060
5.274513 0.316738
5.295527 0.317697
5.316541 0.326823
5.337555 0.309746
5.358569 0.324834
5.379583 0.313228
5.400597 0.315461
5.421611 0.324682
5.442625 0.309708
5.463639 0.325952
5.484653 0.315084
5.505667 0.317961
5.526681 0.324134
5.547695 0.309932
5.568709 0.325730
5.589723 0.312918
5.610737 0.319315
5.631751 0.324348
5.652765 0.309600
5.673779 0.324429
5.694793 0.309964
5.715807 0.316149
5.736821 0.319905
5.757835 0.309248
5.778849 0.324913
5.799863 0.310923
5.820877 0.318505
5.841891 0.319115
5.862905 0.307892
5.883919 0.321671
5.904933 0.307724
5.925947 0.317260
5.946961 0.316974
5.967975 0.307562
5.988989 0.320168
6.010003 0.305391
6.031017 0.316898
6.052031 0.315775
6.073045 0.308397
6.094059 0.320843
6.115073 0.307892
6.136087 0.318371
6.157101 0.315113
6.178115 0.308470
6.199129 0.318811
6.220143 0.306583
6.241157 0.319307
6.262171 0.315239
6.283185 0.311194
