serial number: JANUSZ_4_RI70_21414869
torque: 8.0
start_temp: 30 (30)
finish_temp: 30 (30)
note: joint J4 dodatkowy, pcb 3_4
0.000000 nan
0.021014 0.381055
0.042028 0.370333
0.063042 0.381065
0.084056 0.377543
0.105070 0.374912
0.126084 0.381729
0.147098 0.371921
0.168112 0.382788
0.189126 0.377417
0.210140 0.376001
0.231154 0.382085
0.252168 0.372294
0.273182 0.381812
0.294196 0.376740
0.315210 0.376759
0.336224 0.381396
0.357238 0.372869
0.378252 0.383359
0.399266 0.376715
0.420280 0.377589
0.441294 0.381525
0.462308 0.365881
0.483322 0.364822
0.504336 0.345297
0.525350 0.349069
0.546364 0.347805
0.567378 0.336173
0.588392 0.347841
0.609406 0.340092
0.630420 0.348236
0.651434 0.348917
0.672448 0.343664
0.693462 0.356953
0.714476 0.346367
0.735490 0.352499
0.756504 0.351039
0.777518 0.346397
0.798532 0.359349
0.819546 0.345955
0.840560 0.352077
0.861574 0.350045
0.882588 0.346741
0.903602 0.358303
0.924616 0.347472
0.945630 0.355399
0.966644 0.350305
0.987658 0.349458
1.008672 0.361620
1.029686 0.347670
1.050700 0.359053
1.071714 0.352500
1.092728 0.353030
1.113742 0.362703
1.134756 0.349358
1.155770 0.361364
1.176784 0.352110
1.197798 0.347982
1.218812 0.355386
1.239826 0.346373
1.260840 0.359751
1.281854 0.352339
1.302868 0.353671
1.323882 0.359504
1.344896 0.347807
1.365910 0.359520
1.386924 0.352251
1.407938 0.355597
1.428952 0.361469
1.449966 0.348445
1.470980 0.361362
1.491994 0.352256
1.513008 0.356710
1.534022 0.358208
1.555036 0.349759
1.576050 0.361075
1.597064 0.350491
1.618078 0.354494
1.639092 0.355716
1.660106 0.347950
1.681120 0.357076
1.702134 0.345930
1.723148 0.354415
1.744162 0.354060
1.765176 0.347214
1.786190 0.357816
1.807204 0.345847
1.828218 0.353336
1.849232 0.352079
1.870246 0.348682
1.891260 0.358114
1.912274 0.346221
1.933288 0.355298
1.954302 0.351382
1.975316 0.347298
1.996330 0.354491
2.017344 0.341915
2.038358 0.352432
2.059372 0.349020
2.080386 0.346681
2.101400 0.353681
2.122414 0.340250
2.143428 0.352225
2.164442 0.345815
2.185456 0.345033
2.206470 0.352640
2.227484 0.338980
2.248498 0.349709
2.269512 0.341346
2.290526 0.342326
2.311540 0.347065
2.332554 0.334741
2.353568 0.346668
2.374582 0.337820
2.395596 0.340311
2.416610 0.343998
2.437624 0.331605
2.458638 0.344072
2.479652 0.331733
2.500666 0.336408
2.521680 0.339095
2.542694 0.326873
2.563708 0.339437
2.584722 0.328491
2.605736 0.334922
2.626750 0.336482
2.647764 0.328841
2.668778 0.340214
2.689792 0.326067
2.710806 0.333774
2.731820 0.333080
2.752834 0.325767
2.773848 0.335742
2.794862 0.323285
2.815876 0.332600
2.836890 0.329244
2.857904 0.322775
2.878918 0.331124
2.899932 0.318591
2.920946 0.332468
2.941960 0.327982
2.962974 0.324082
2.983988 0.332835
3.005002 0.322587
3.026016 0.336215
3.047030 0.328720
3.068044 0.328097
3.089058 0.333611
3.110072 0.320497
3.131086 0.331866
3.152100 0.322089
3.173114 0.322122
3.194128 0.326733
3.215142 0.317666
3.236156 0.330322
3.257170 0.318159
3.278184 0.323816
3.299198 0.324811
3.320212 0.316779
3.341226 0.329528
3.362240 0.316198
3.383254 0.322124
3.404268 0.323479
3.425282 0.317342
3.446296 0.329321
3.467310 0.316545
3.488324 0.325660
3.509338 0.324516
3.530352 0.318637
3.551366 0.328847
3.572380 0.316429
3.593394 0.327904
3.614408 0.321958
3.635422 0.318055
3.656436 0.327576
3.677450 0.316097
3.698464 0.330165
3.719478 0.321445
3.740492 0.321986
3.761506 0.329584
3.782520 0.318759
3.803534 0.334687
3.824548 0.325168
3.845562 0.327482
3.866576 0.331296
3.887590 0.322707
3.908604 0.338024
3.929618 0.325670
3.950632 0.332294
3.971646 0.334551
3.992660 0.324411
4.013674 0.339697
4.034688 0.327945
4.055702 0.335995
4.076716 0.335477
4.097730 0.328408
4.118744 0.344188
4.139758 0.329892
4.160772 0.339587
4.181786 0.337213
4.202800 0.332762
4.223814 0.346582
4.244828 0.333517
4.265842 0.345395
4.286856 0.340727
4.307870 0.337621
4.328884 0.348459
4.349898 0.335589
4.370912 0.348357
4.391926 0.342484
4.412940 0.342879
4.433954 0.352234
4.454968 0.340793
4.475982 0.354518
4.496996 0.345185
4.518010 0.348776
4.539023 0.354990
4.560037 0.343274
4.581051 0.357416
4.602065 0.347640
4.623079 0.353945
4.644093 0.364776
4.665107 0.356679
4.686121 0.363904
4.707135 0.352460
4.728149 0.357777
4.749163 0.360652
4.770177 0.352103
4.791191 0.366103
4.812205 0.351826
4.833219 0.360472
4.854233 0.361867
4.875247 0.355012
4.896261 0.369483
4.917275 0.355115
4.938289 0.366062
4.959303 0.364124
4.980317 0.360666
5.001331 0.373529
5.022345 0.357760
5.043359 0.369108
5.064373 0.366835
5.085387 0.364188
5.106401 0.375768
5.127415 0.361491
5.148429 0.372841
5.169443 0.370358
5.190457 0.369786
5.211471 0.379366
5.232485 0.367216
5.253499 0.380385
5.274513 0.374201
5.295527 0.374209
5.316541 0.381607
5.337555 0.367644
5.358569 0.379922
5.379583 0.372149
5.400597 0.375325
5.421611 0.381811
5.442625 0.368669
5.463639 0.382398
5.484653 0.372404
5.505667 0.375230
5.526681 0.382001
5.547695 0.369823
5.568709 0.383147
5.589723 0.373299
5.610737 0.376573
5.631751 0.380391
5.652765 0.368783
5.673779 0.382256
5.694793 0.371882
5.715807 0.377177
5.736821 0.380126
5.757835 0.369278
5.778849 0.381723
5.799863 0.371600
5.820877 0.376494
5.841891 0.378889
5.862905 0.370973
5.883919 0.382690
5.904933 0.370404
5.925947 0.376789
5.946961 0.378851
5.967975 0.369402
5.988989 0.379661
6.010003 0.369798
6.031017 0.379054
6.052031 0.379047
6.073045 0.372872
6.094059 0.382623
6.115073 0.371354
6.136087 0.379660
6.157101 0.377872
6.178115 0.372724
6.199129 0.381756
6.220143 0.371288
6.241157 0.380198
6.262171 0.376693
6.283185 0.373136
