-0.495851 -30.244228 26.000000
-0.450292 -28.143732 26.000000
-0.396310 -26.803806 26.000000
-0.351126 -25.570754 26.000000
-0.299524 -23.466501 26.000000
-0.247179 -21.591582 26.000000
-0.200493 -19.884781 26.000000
-0.148617 -18.040647 26.000000
-0.101743 -15.990833 26.000000
-0.050082 -13.061892 26.000000
0.000000 0.000000 26.000000
0.047609 13.135730 26.000000
0.099542 15.822852 26.000000
0.146347 18.256869 26.000000
0.199396 20.169651 26.000000
0.246129 21.705062 26.000000
0.296603 23.601973 26.000000
0.349713 25.462494 26.000000
0.398165 26.674970 26.000000
0.448741 27.561960 26.000000
0.495034 29.203807 26.000000
0.548593 29.962409 26.000000
