0.495599 26.917774 28.000000
0.450378 25.754917 28.000000
0.397348 24.112579 28.000000
0.349930 23.245086 28.000000
0.298953 21.999739 28.000000
0.247375 20.160168 28.000000
0.200705 18.341492 28.000000
0.148723 16.678853 28.000000
0.101676 15.169321 28.000000
0.050329 12.740388 28.000000
0.000000 0.000000 28.000000
-0.047097 -12.467159 28.000000
-0.100995 -14.883524 28.000000
-0.147469 -16.558470 28.000000
-0.198590 -18.389697 28.000000
-0.245699 -20.009185 28.000000
-0.297447 -22.075309 28.000000
-0.350362 -23.558678 28.000000
-0.397460 -24.276926 28.000000
-0.447258 -26.022162 28.000000
-0.496019 -27.358263 28.000000
-0.547003 -27.982742 28.000000
