-0.496121 -27.214715 28.000000
-0.450265 -25.463645 28.000000
-0.396174 -24.260026 28.000000
-0.350734 -23.480420 28.000000
-0.300032 -21.586058 28.000000
-0.247301 -19.656396 28.000000
-0.200013 -18.288127 28.000000
-0.147486 -16.920575 28.000000
-0.101678 -15.279497 28.000000
-0.051028 -12.752841 28.000000
0.000000 0.000000 28.000000
0.046512 12.413423 28.000000
0.099067 15.118206 28.000000
0.147086 16.873872 28.000000
0.199341 18.493993 28.000000
0.245712 20.043533 28.000000
0.297388 21.746017 28.000000
0.350093 23.412910 28.000000
0.397457 24.442906 28.000000
0.448220 25.500234 28.000000
0.495372 26.994971 28.000000
0.548432 27.566625 28.000000
