serial number: JANUSZ_4_RI80_21414856
torque: 16.0
start_temp: 30 (32)
finish_temp: 30 (32)
note: joint J4, pcb 3_4
0.000000 nan
0.021014 0.363420
0.042028 0.367134
0.063042 0.360433
0.084056 0.368075
0.105070 0.363249
0.126084 0.364183
0.147098 0.366863
0.168112 0.359673
0.189126 0.366833
0.210140 0.361894
0.231154 0.363783
0.252168 0.366320
0.273182 0.360122
0.294196 0.366702
0.315210 0.360980
0.336224 0.363454
0.357238 0.365685
0.378252 0.359428
0.399266 0.365889
0.420280 0.360259
0.441294 0.364125
0.462308 0.365538
0.483322 0.360226
0.504336 0.367098
0.525350 0.361162
0.546364 0.365960
0.567378 0.366424
0.588392 0.361231
0.609406 0.367555
0.630420 0.361203
0.651434 0.366327
0.672448 0.365885
0.693462 0.362627
0.714476 0.368462
0.735490 0.362371
0.756504 0.368406
0.777518 0.367565
0.798532 0.364438
0.819546 0.369464
0.840560 0.363542
0.861574 0.370249
0.882588 0.368711
0.903602 0.366384
0.924616 0.369795
0.945630 0.363962
0.966644 0.371038
0.987658 0.367865
1.008672 0.366821
1.029686 0.369442
1.050700 0.362994
1.071714 0.370121
1.092728 0.366124
1.113742 0.366644
1.134756 0.368806
1.155770 0.362617
1.176784 0.369731
1.197798 0.364814
1.218812 0.367016
1.239826 0.368435
1.260840 0.363750
1.281854 0.371008
1.302868 0.366142
1.323882 0.369670
1.344896 0.369144
1.365910 0.365372
1.386924 0.372426
1.407938 0.367769
1.428952 0.372086
1.449966 0.370895
1.470980 0.367856
1.491994 0.373979
1.513008 0.368162
1.534022 0.373746
1.555036 0.370781
1.576050 0.368247
1.597064 0.373122
1.618078 0.366745
1.639092 0.373526
1.660106 0.369706
1.681120 0.368068
1.702134 0.371562
1.723148 0.365590
1.744162 0.372983
1.765176 0.368419
1.786190 0.368153
1.807204 0.370323
1.828218 0.364641
1.849232 0.372308
1.870246 0.366969
1.891260 0.368030
1.912274 0.368907
1.933288 0.364066
1.954302 0.370823
1.975316 0.365286
1.996330 0.367558
2.017344 0.367683
2.038358 0.362858
2.059372 0.369377
2.080386 0.362778
2.101400 0.366911
2.122414 0.365186
2.143428 0.361472
2.164442 0.367917
2.185456 0.361490
2.206470 0.367128
2.227484 0.364692
2.248498 0.362829
2.269512 0.368566
2.290526 0.362204
2.311540 0.368187
2.332554 0.364456
2.353568 0.364432
2.374582 0.368771
2.395596 0.362733
2.416610 0.369808
2.437624 0.365028
2.458638 0.365128
2.479652 0.367428
2.500666 0.361844
2.521680 0.368743
2.542694 0.362383
2.563708 0.363617
2.584722 0.364309
2.605736 0.359361
2.626750 0.366313
2.647764 0.359476
2.668778 0.361348
2.689792 0.361410
2.710806 0.357597
2.731820 0.364618
2.752834 0.357521
2.773848 0.362560
2.794862 0.361772
2.815876 0.359615
2.836890 0.365987
2.857904 0.358908
2.878918 0.364430
2.899932 0.362754
2.920946 0.361932
2.941960 0.367365
2.962974 0.360224
2.983988 0.366524
3.005002 0.362908
3.026016 0.362569
3.047030 0.367068
3.068044 0.359376
3.089058 0.365930
3.110072 0.360638
3.131086 0.362355
3.152100 0.365617
3.173114 0.359091
3.194128 0.366449
3.215142 0.360712
3.236156 0.363225
3.257170 0.365564
3.278184 0.360188
3.299198 0.367725
3.320212 0.361878
3.341226 0.364704
3.362240 0.365589
3.383254 0.361057
3.404268 0.367962
3.425282 0.362004
3.446296 0.365880
3.467310 0.365676
3.488324 0.361746
3.509338 0.366736
3.530352 0.359821
3.551366 0.364674
3.572380 0.364172
3.593394 0.361110
3.614408 0.366426
3.635422 0.359575
3.656436 0.365724
3.677450 0.364128
3.698464 0.362414
3.719478 0.367168
3.740492 0.360183
3.761506 0.367236
3.782520 0.363986
3.803534 0.363096
3.824548 0.366851
3.845562 0.360336
3.866576 0.367080
3.887590 0.363432
3.908604 0.363804
3.929618 0.366942
3.950632 0.360356
3.971646 0.367076
3.992660 0.362267
4.013674 0.363174
4.034688 0.364835
4.055702 0.358463
4.076716 0.365723
4.097730 0.360598
4.118744 0.362058
4.139758 0.363359
4.160772 0.357468
4.181786 0.365300
4.202800 0.359910
4.223814 0.362335
4.244828 0.362263
4.265842 0.356195
4.286856 0.363389
4.307870 0.357406
4.328884 0.361245
4.349898 0.361449
4.370912 0.356178
4.391926 0.362946
4.412940 0.357383
4.433954 0.361847
4.454968 0.362306
4.475982 0.357422
4.496996 0.363433
4.518010 0.357868
4.539023 0.363692
4.560037 0.363011
4.581051 0.359433
4.602065 0.365438
4.623079 0.359652
4.644093 0.365754
4.665107 0.363200
4.686121 0.360023
4.707135 0.365659
4.728149 0.359587
4.749163 0.366168
4.770177 0.361918
4.791191 0.357219
4.812205 0.359636
4.833219 0.353126
4.854233 0.360179
4.875247 0.356443
4.896261 0.354760
4.917275 0.358465
4.938289 0.352384
4.959303 0.360319
4.980317 0.356726
5.001331 0.355863
5.022345 0.359171
5.043359 0.353908
5.064373 0.362075
5.085387 0.357715
5.106401 0.357893
5.127415 0.361090
5.148429 0.355801
5.169443 0.363632
5.190457 0.358180
5.211471 0.358717
5.232485 0.361553
5.253499 0.356709
5.274513 0.364693
5.295527 0.359467
5.316541 0.362093
5.337555 0.363695
5.358569 0.359022
5.379583 0.367568
5.400597 0.361904
5.421611 0.364334
5.442625 0.365175
5.463639 0.361085
5.484653 0.368693
5.505667 0.363170
5.526681 0.365955
5.547695 0.365685
5.568709 0.361880
5.589723 0.369221
5.610737 0.362512
5.631751 0.365593
5.652765 0.364624
5.673779 0.360467
5.694793 0.367290
5.715807 0.360359
5.736821 0.364594
5.757835 0.363476
5.778849 0.359868
5.799863 0.366345
5.820877 0.359305
5.841891 0.364576
5.862905 0.363811
5.883919 0.361281
5.904933 0.367239
5.925947 0.360566
5.946961 0.365803
5.967975 0.363617
5.988989 0.361961
6.010003 0.367452
6.031017 0.360898
6.052031 0.366413
6.073045 0.363395
6.094059 0.362263
6.115073 0.367176
6.136087 0.360661
6.157101 0.366736
6.178115 0.363248
6.199129 0.362905
6.220143 0.367187
6.241157 0.360022
6.262171 0.366717
6.283185 0.362927
