serial number: JANUSZ_4_RI80_21414856
torque: 16.0
start_temp: 30 (33)
finish_temp: 30 (33)
note: joint J4, pcb 3_4
0.000000 nan
0.021014 0.354098
0.042028 0.357460
0.063042 0.351483
0.084056 0.357236
0.105070 0.353782
0.126084 0.353980
0.147098 0.356971
0.168112 0.350695
0.189126 0.357673
0.210140 0.352782
0.231154 0.354726
0.252168 0.357375
0.273182 0.351405
0.294196 0.357871
0.315210 0.352539
0.336224 0.355238
0.357238 0.357537
0.378252 0.351243
0.399266 0.357384
0.420280 0.352156
0.441294 0.356424
0.462308 0.357942
0.483322 0.352919
0.504336 0.359618
0.525350 0.354299
0.546364 0.358487
0.567378 0.358963
0.588392 0.354683
0.609406 0.360918
0.630420 0.354762
0.651434 0.359050
0.672448 0.358901
0.693462 0.355153
0.714476 0.360325
0.735490 0.354373
0.756504 0.359100
0.777518 0.357131
0.798532 0.354109
0.819546 0.358942
0.840560 0.352995
0.861574 0.359805
0.882588 0.358415
0.903602 0.356385
0.924616 0.359802
0.945630 0.352904
0.966644 0.359733
0.987658 0.357449
1.008672 0.356481
1.029686 0.359250
1.050700 0.354119
1.071714 0.361128
1.092728 0.357764
1.113742 0.358372
1.134756 0.360757
1.155770 0.355163
1.176784 0.361599
1.197798 0.357132
1.218812 0.359090
1.239826 0.360670
1.260840 0.354958
1.281854 0.361960
1.302868 0.356666
1.323882 0.359769
1.344896 0.359120
1.365910 0.354576
1.386924 0.360936
1.407938 0.355081
1.428952 0.358779
1.449966 0.357533
1.470980 0.354816
1.491994 0.360911
1.513008 0.356114
1.534022 0.361108
1.555036 0.358967
1.576050 0.356037
1.597064 0.360848
1.618078 0.355304
1.639092 0.361262
1.660106 0.358453
1.681120 0.356957
1.702134 0.360248
1.723148 0.354695
1.744162 0.362062
1.765176 0.357989
1.786190 0.357585
1.807204 0.359440
1.828218 0.353937
1.849232 0.361383
1.870246 0.355998
1.891260 0.357029
1.912274 0.358187
1.933288 0.353576
1.954302 0.360656
1.975316 0.354981
1.996330 0.357501
2.017344 0.357643
2.038358 0.353297
2.059372 0.359101
2.080386 0.353257
2.101400 0.356947
2.122414 0.355662
2.143428 0.352466
2.164442 0.358592
2.185456 0.352811
2.206470 0.357426
2.227484 0.355024
2.248498 0.352962
2.269512 0.357814
2.290526 0.351342
2.311540 0.356579
2.332554 0.352475
2.353568 0.351499
2.374582 0.355411
2.395596 0.349622
2.416610 0.355914
2.437624 0.351051
2.458638 0.350844
2.479652 0.353001
2.500666 0.348052
2.521680 0.354900
2.542694 0.349720
2.563708 0.350950
2.584722 0.352597
2.605736 0.348692
2.626750 0.356017
2.647764 0.349861
2.668778 0.352821
2.689792 0.353656
2.710806 0.350238
2.731820 0.356235
2.752834 0.349140
2.773848 0.353768
2.794862 0.353280
2.815876 0.349967
2.836890 0.355401
2.857904 0.348752
2.878918 0.354899
2.899932 0.352798
2.920946 0.351217
2.941960 0.356293
2.962974 0.349436
2.983988 0.355902
3.005002 0.352595
3.026016 0.352496
3.047030 0.357234
3.068044 0.350751
3.089058 0.356859
3.110072 0.352964
3.131086 0.354252
3.152100 0.357781
3.173114 0.352348
3.194128 0.359156
3.215142 0.353902
3.236156 0.355711
3.257170 0.357889
3.278184 0.351625
3.299198 0.358564
3.320212 0.353056
3.341226 0.355869
3.362240 0.356307
3.383254 0.351700
3.404268 0.358488
3.425282 0.352762
3.446296 0.356656
3.467310 0.356677
3.488324 0.353041
3.509338 0.358093
3.530352 0.352010
3.551366 0.357072
3.572380 0.356621
3.593394 0.354278
3.614408 0.358670
3.635422 0.352788
3.656436 0.358932
3.677450 0.357724
3.698464 0.355451
3.719478 0.359216
3.740492 0.352737
3.761506 0.358374
3.782520 0.355617
3.803534 0.354267
3.824548 0.357765
3.845562 0.351090
3.866576 0.357672
3.887590 0.354283
3.908604 0.354648
3.929618 0.357536
3.950632 0.351348
3.971646 0.358378
3.992660 0.354012
4.013674 0.354563
4.034688 0.355973
4.055702 0.349583
4.076716 0.356916
4.097730 0.352819
4.118744 0.354221
4.139758 0.355134
4.160772 0.349536
4.181786 0.356050
4.202800 0.350415
4.223814 0.348768
4.244828 0.348522
4.265842 0.342884
4.286856 0.349780
4.307870 0.344491
4.328884 0.348510
4.349898 0.348900
4.370912 0.343488
4.391926 0.349741
4.412940 0.344008
4.433954 0.348906
4.454968 0.348670
4.475982 0.342929
4.496996 0.347949
4.518010 0.341929
4.539023 0.347511
4.560037 0.346611
4.581051 0.342474
4.602065 0.347697
4.623079 0.341630
4.644093 0.346549
4.665107 0.345058
4.686121 0.341710
4.707135 0.347241
4.728149 0.341384
4.749163 0.346568
4.770177 0.344885
4.791191 0.342879
4.812205 0.347812
4.833219 0.342196
4.854233 0.349657
4.875247 0.346648
4.896261 0.344934
4.917275 0.349352
4.938289 0.343556
4.959303 0.351773
4.980317 0.348593
5.001331 0.347059
5.022345 0.349774
5.043359 0.344645
5.064373 0.352663
5.085387 0.348948
5.106401 0.349326
5.127415 0.352129
5.148429 0.347592
5.169443 0.354980
5.190457 0.350347
5.211471 0.351797
5.232485 0.354094
5.253499 0.349368
5.274513 0.356286
5.295527 0.351648
5.316541 0.353947
5.337555 0.355271
5.358569 0.349908
5.379583 0.357799
5.400597 0.352170
5.421611 0.354155
5.442625 0.355333
5.463639 0.350686
5.484653 0.358328
5.505667 0.352799
5.526681 0.354898
5.547695 0.355352
5.568709 0.351372
5.589723 0.358907
5.610737 0.353407
5.631751 0.356820
5.652765 0.356480
5.673779 0.352912
5.694793 0.359442
5.715807 0.353313
5.736821 0.357176
5.757835 0.356917
5.778849 0.354247
5.799863 0.359982
5.820877 0.353519
5.841891 0.358343
5.862905 0.357521
5.883919 0.355013
5.904933 0.360444
5.925947 0.353583
5.946961 0.358699
5.967975 0.356411
5.988989 0.354218
6.010003 0.359850
6.031017 0.352906
6.052031 0.358425
6.073045 0.355582
6.094059 0.354443
6.115073 0.359703
6.136087 0.352541
6.157101 0.357907
6.178115 0.354355
6.199129 0.354266
6.220143 0.357960
6.241157 0.351672
6.262171 0.357461
6.283185 0.354029
