serial number: RI70_21217417
torque: 8.000000
start_temp: 26.000000
finish_temp: 26.000000
note: asdfasdf
0.000000 0.294593 26.000000 13015.176471
0.020010 0.292763 26.000000 13051.524272
0.040020 0.295845 26.000000 13086.592233
0.060030 0.291534 26.000000 13126.615385
0.080041 0.293797 26.000000 13165.019417
0.100051 0.293667 26.000000 13200.898990
0.120061 0.291934 26.000000 13238.500000
0.140071 0.293285 26.000000 13274.196078
0.160081 0.291398 26.000000 13313.213592
0.180091 0.291300 26.000000 13351.750000
0.200101 0.292090 26.000000 13390.764706
0.220112 0.289985 26.000000 13430.084906
0.240122 0.291578 26.000000 13469.833333
0.260132 0.291433 26.000000 13510.833333
0.280142 0.290007 26.000000 13553.076923
0.300152 0.291799 26.000000 13594.762376
0.320162 0.288559 26.000000 13640.675926
0.340172 0.291066 26.000000 13686.891089
0.360183 0.291206 26.000000 13730.267327
0.380193 0.290351 26.000000 13779.085714
0.400203 0.293413 26.019608 13828.627451
0.420213 0.290478 26.000000 13879.392157
0.440223 0.289995 26.000000 13931.378641
0.460233 0.291019 26.000000 13984.198113
0.480243 0.287702 26.000000 14040.798077
0.500254 0.290687 26.000000 14099.077670
0.520264 0.288727 26.000000 14157.895238
0.540274 0.288060 26.000000 14220.809524
0.560284 0.289545 26.000000 14283.951456
0.580294 0.286295 26.000000 14350.689320
0.600304 0.287775 26.000000 14419.047170
0.620314 0.287864 26.000000 14488.233010
0.640325 0.286294 26.000000 14561.077670
0.660335 0.288854 26.000000 14635.897196
0.680345 0.287515 26.000000 14713.466019
0.700355 0.289376 26.000000 14793.817308
0.720365 0.289146 26.000000 14875.553398
0.740375 0.286661 26.000000 14961.247619
0.760385 0.291077 26.000000 15050.171429
0.780396 0.289305 26.000000 15140.215686
0.800406 0.290473 26.000000 15232.578431
0.820416 0.292622 26.000000 15326.786408
0.840426 0.292178 26.000000 15426.230769
0.860436 0.294303 26.000000 15526.784314
0.880446 0.293072 26.000000 15628.382353
0.900456 0.292323 26.000000 15732.800000
0.920467 0.293716 26.000000 15840.553398
0.940477 0.291950 26.010000 15944.620000
0.960487 0.292295 26.000000 16051.780952
0.980497 0.291945 26.000000 16158.405941
1.000507 0.291070 26.000000 16265.903846
1.020517 0.294697 26.000000 9560.267327
1.040528 0.292615 26.000000 93.313725
1.060538 0.294021 26.000000 201.029412
1.080548 0.296543 26.000000 305.852941
1.100558 0.295650 26.000000 410.607843
1.120568 0.297542 26.000000 511.490000
1.140578 0.297456 26.000000 612.116505
1.160588 0.297256 26.000000 710.560000
1.180599 0.300600 26.000000 809.411765
1.200609 0.298501 26.000000 900.865979
1.220619 0.299148 26.000000 992.465347
1.240629 0.298747 26.000000 1083.735294
1.260639 0.297783 26.000000 1169.110000
1.280649 0.300860 26.000000 1254.555556
1.300659 0.298362 26.000000 1334.180000
1.320670 0.299861 26.000000 1413.460000
1.340680 0.301749 26.000000 1492.772277
1.360690 0.301128 26.000000 1565.666667
1.380700 0.302627 26.000000 1640.020202
1.400710 0.301463 26.000000 1710.545455
1.420720 0.301135 26.000000 1778.762376
1.440730 0.305034 26.000000 1848.500000
1.460741 0.301719 26.000000 1911.010309
1.480751 0.304291 26.000000 1973.571429
1.500761 0.303788 26.001188 2036.138614
1.520771 0.303190 26.029388 2093.816327
1.540781 0.305518 26.010101 2152.838384
1.560791 0.303074 26.000000 2207.448980
1.580801 0.303986 26.000000 2260.979798
1.600812 0.305969 26.000000 2316.363636
1.620822 0.304775 26.000000 2365.714286
1.640832 0.305867 26.000000 2416.125000
1.660842 0.304423 26.000000 2466.070000
1.680852 0.305625 26.000000 2513.050505
1.700862 0.308452 26.000000 2560.762887
1.720872 0.304628 26.000000 2604.101010
1.740883 0.306045 26.000000 2647.791667
1.760893 0.306215 26.000000 2690.810000
1.780903 0.305857 26.000000 2730.494845
1.800913 0.309606 26.000000 2770.653061
1.820923 0.306006 25.994526 2808.884211
1.840933 0.307464 25.995200 2844.390000
1.860943 0.310138 25.992165 2883.649485
1.880954 0.307133 25.997551 2918.265306
1.900964 0.309720 26.000000 2952.229167
1.920974 0.308456 26.000000 2989.387755
1.940984 0.309720 26.000000 3019.229167
1.960994 0.312971 26.009583 3056.312500
1.981004 0.308339 26.011134 3084.278351
2.001014 0.309659 26.000000 3119.721649
2.021025 0.309351 26.000000 3147.275510
2.041035 0.308433 26.000000 3181.697917
2.061045 0.311920 26.000000 3206.614583
2.081055 0.308852 26.000000 3238.479592
2.101065 0.310387 26.000000 3266.072917
2.121075 0.311553 26.000000 3293.500000
2.141085 0.308674 26.000000 3324.030612
2.161096 0.311480 26.000000 3348.572917
2.181106 0.309658 26.000000 3381.591837
2.201116 0.310432 26.000000 3408.437500
2.221126 0.312543 26.000000 3440.593750
2.241136 0.308876 26.000000 3470.562500
2.261146 0.310393 26.000000 3504.195876
2.281156 0.312208 26.000000 3536.437500
2.301167 0.310825 26.000000 3574.123711
2.321177 0.314832 26.000000 3607.708333
2.341187 0.310849 26.000000 3646.371134
2.361197 0.312529 26.000000 3684.074468
2.381207 0.314349 26.000000 3718.561224
2.401217 0.311618 26.000000 3759.726316
2.421227 0.314635 26.000000 3790.115789
2.441238 0.311293 26.000000 3829.312500
2.461248 0.312372 26.000000 3859.446809
2.481258 0.314914 26.000000 3894.391753
2.501268 0.312366 26.000000 3921.206186
2.521278 0.313735 26.000000 3954.639175
2.541288 0.314031 26.000000 3974.802083
2.561298 0.313002 26.000000 4003.489362
2.581309 0.317853 26.000000 4026.281250
2.601319 0.313870 26.000000 4042.231579
2.621329 0.316475 26.000000 4065.978723
2.641339 0.318361 26.000000 4086.468750
2.661349 0.314419 26.000000 4101.252632
2.681359 0.318227 26.000000 4116.923913
2.701369 0.316750 26.000000 4138.536842
2.721380 0.315895 26.000000 4156.957447
2.741390 0.318375 26.000000 4167.979381
2.761400 0.314420 26.000000 4187.916667
2.781410 0.315816 26.000000 4210.968750
2.801420 0.316441 26.000000 4226.627660
2.821430 0.313554 26.000000 4247.378947
2.841440 0.317427 26.000000 4273.442105
2.861451 0.313065 26.000000 4294.473118
2.881461 0.316064 26.000000 4320.474227
2.901471 0.317867 26.000000 4348.623656
2.921481 0.315564 26.000000 4374.610526
2.941491 0.319194 26.000000 4407.354167
2.961501 0.317564 26.010110 4433.934066
2.981511 0.317617 26.003711 4470.402062
3.001522 0.320868 26.007742 4500.258065
3.021532 0.318137 26.000000 4539.115789
3.041542 0.320216 26.000000 4575.505263
3.061552 0.321674 26.000000 4613.369565
3.081562 0.320007 26.000000 4657.705263
3.101572 0.323714 26.000000 4696.376344
3.121583 0.320877 26.000000 4739.542553
3.141593 0.322025 26.000000 4785.228261
3.161603 0.321781 26.000000 4826.287234
3.181613 0.320103 26.000000 4872.319149
3.201623 0.322230 26.000000 4917.913978
3.221633 0.320094 26.000000 4961.694737
3.241643 0.319381 26.000000 5007.150538
3.261654 0.321498 26.000000 5052.265957
3.281664 0.318953 26.000000 5098.903226
3.301674 0.321032 26.000000 5143.446809
3.321684 0.320161 26.000000 5186.462366
3.341694 0.317986 26.000000 5234.936842
3.361704 0.322433 26.000000 5278.750000
3.381714 0.319873 26.000000 5322.589474
3.401725 0.322314 26.000000 5368.142857
3.421735 0.323105 26.000000 5411.652174
3.441745 0.319858 26.000000 5458.387755
3.461755 0.322931 26.000000 5503.880435
3.481765 0.321333 26.000000 5548.163043
3.501775 0.321314 26.000000 5594.989362
3.521785 0.323236 26.000000 5643.279570
3.541796 0.319785 26.000000 5692.521277
3.561806 0.321509 26.000000 5740.180851
3.581816 0.320495 26.015054 5790.000000
3.601826 0.317887 26.006383 5842.755319
3.621836 0.320832 26.000000 5894.741935
3.641846 0.318152 26.000000 5946.843750
3.661856 0.318587 26.000000 6000.734043
3.681867 0.319898 26.000000 6055.468085
3.701877 0.316714 26.000000 6113.723404
3.721887 0.318644 26.000000 6170.634409
3.741897 0.316463 26.000000 6230.295918
3.761907 0.315416 26.000000 6293.120879
3.781917 0.318336 26.000000 6357.525773
3.801927 0.316235 26.000000 6426.936170
3.821938 0.317751 26.000000 6496.354167
3.841948 0.316149 26.000000 6569.000000
3.861958 0.314226 26.000000 6646.852632
3.881968 0.317078 26.000000 6724.574468
3.901978 0.314639 26.000000 6803.414894
3.921988 0.315789 26.000000 6886.600000
3.941998 0.315305 26.000000 6968.819277
3.962009 0.311667 26.000000 7063.062500
3.982019 0.315760 26.000000 7149.596774
4.002029 0.313544 26.000000 7236.281250
4.022039 0.314319 26.000000 7330.125000
4.042049 0.315624 26.000000 7423.375000
4.062059 0.311848 26.000000 7516.523077
4.082069 0.314212 26.000000 7611.312500
4.102080 0.312122 26.000000 7704.328125
4.122090 0.310108 26.000000 7802.718750
4.142100 0.314016 26.000000 7900.890625
4.162110 0.310904 26.000000 7995.296875
4.182120 0.311074 26.000000 8096.714286
4.202130 0.312424 26.000000 8194.984375
4.222140 0.310340 26.000000 8298.227273
4.242151 0.312937 26.000000 8403.171875
4.262161 0.309047 26.000000 8498.312500
4.282171 0.309375 26.000000 8605.921875
4.302181 0.311412 26.000000 8705.734375
4.322191 0.309912 26.000000 8801.984375
4.342201 0.308670 26.000000 8908.701493
4.362211 0.306361 26.000000 9005.030303
4.382222 0.306013 26.000000 9109.061538
4.402232 0.309666 26.000000 9205.863636
4.422242 0.306977 26.000000 9292.838710
4.442252 0.308226 26.000000 9387.562500
4.462262 0.309839 26.000000 9476.779412
4.482272 0.307948 26.000000 9565.453125
4.502282 0.310709 26.000000 9650.569231
4.522293 0.306468 26.000000 9727.123077
4.542303 0.307251 26.000000 9810.461538
4.562313 0.307768 26.000000 9885.461538
4.582323 0.307188 26.000000 9957.492308
4.602333 0.308295 26.000000 10032.938462
4.622343 0.305606 26.000000 10103.045455
4.642353 0.304953 26.000000 10175.318182
4.662364 0.308661 26.000000 10240.937500
4.682374 0.305619 26.000000 10303.875000
4.702384 0.306104 26.000000 10368.078125
4.722394 0.306611 26.000000 10427.303030
4.742404 0.305579 26.000000 10488.393939
4.762414 0.307978 26.000000 10545.203125
4.782424 0.302510 26.000000 10601.200000
4.802435 0.304254 26.000000 10658.261538
4.822445 0.306028 26.000000 10712.287879
4.842455 0.305491 26.003175 10763.952381
4.862465 0.307802 26.012500 10816.671875
4.882475 0.306357 26.000000 10869.617647
4.902485 0.304976 26.000000 10921.625000
4.922495 0.308469 26.000000 10969.468750
4.942506 0.304876 26.000000 11018.029412
4.962516 0.304317 26.000000 11068.921875
4.982526 0.305522 26.000000 11112.666667
5.002536 0.304116 26.000000 11152.923077
5.022546 0.305920 26.000000 11192.046154
5.042556 0.301306 26.000000 11240.485294
5.062567 0.301959 26.000000 11286.696970
5.082577 0.304786 26.000000 11342.000000
5.102587 0.303470 26.000000 11387.985075
5.122597 0.303216 26.000000 11437.000000
5.142607 0.298823 26.000000 11477.458824
5.162617 0.299304 26.000000 11521.642857
5.182627 0.301567 26.000000 11556.630000
5.202638 0.298664 26.000000 11598.980392
5.222648 0.299095 26.000000 11629.272727
5.242658 0.298981 26.000000 11666.762376
5.262668 0.298318 26.000000 11698.830000
5.282678 0.300157 26.000000 11723.237624
5.302688 0.293812 26.000000 11758.366337
5.322698 0.294444 26.000000 11780.882353
5.342709 0.296296 26.000000 11807.679612
5.362719 0.294663 26.000000 11837.903846
5.382729 0.296912 26.000000 11861.311828
5.402739 0.294170 26.000000 11882.933962
5.422749 0.295543 26.000000 11913.540000
5.442759 0.298162 26.000000 11935.405941
5.462769 0.295011 26.000000 11953.396040
5.482780 0.297398 26.000000 11984.368932
5.502790 0.297069 26.000000 12003.290000
5.522800 0.296412 26.000000 12024.252525
5.542810 0.298644 26.000000 12050.425743
5.562820 0.294866 26.000000 12073.049020
5.582830 0.296779 26.000000 12097.165049
5.602840 0.298775 26.000000 12121.190000
5.622851 0.296010 26.000000 12146.069307
5.642861 0.297573 26.000000 12166.240000
5.662871 0.294577 26.000000 12189.891089
5.682881 0.296961 26.000000 12214.264706
5.702891 0.298922 26.000000 12235.090909
5.722901 0.295410 26.000381 12262.542857
5.742911 0.296753 26.009697 12285.212121
5.762922 0.296025 26.000000 12309.852941
5.782932 0.295422 26.010000 12334.270000
5.802942 0.296915 26.000000 12356.475248
5.822952 0.292792 26.000000 12383.271845
5.842962 0.294715 26.000000 12405.287129
5.862972 0.296624 26.000000 12436.123810
5.882982 0.295006 26.000000 12459.049505
5.902993 0.297350 26.000000 12493.848485
5.923003 0.293856 26.000000 12518.644231
5.943013 0.294554 26.000000 12552.480000
5.963023 0.297019 26.000000 12579.930693
5.983033 0.293248 26.000000 12609.980769
6.003043 0.294879 26.000000 12639.174757
6.023053 0.294429 26.000000 12669.420000
6.043064 0.293803 26.000000 12691.656863
6.063074 0.296129 26.000000 12721.230000
6.083084 0.290469 26.000000 12746.123810
6.103094 0.292358 26.000000 12770.252427
6.123104 0.293617 26.000000 12792.240000
6.143114 0.291607 26.000000 12821.903846
6.163124 0.293345 26.000000 12848.126214
6.183135 0.291987 26.000000 12871.901961
6.203145 0.293338 26.000000 12905.066667
6.223155 0.294753 26.000000 12932.145631
6.243165 0.292488 26.000000 12958.897959
6.263175 0.293460 26.000000 12983.794118
