serial number: RI70_21217417
torque: 8.000000
start_temp: 26.000000
finish_temp: 26.000000
note: asdfasdf
0.000000 0.190958 26.000000 13025.571429
0.020010 0.217490 26.000000 13060.681319
0.040020 0.239995 26.000000 13094.939024
0.060030 0.245423 26.000000 13135.536585
0.080041 0.252065 26.000000 13174.278481
0.100051 0.252865 26.000000 13208.700000
0.120061 0.246936 26.000000 13248.333333
0.140071 0.238862 26.000000 13283.625000
0.160081 0.225293 26.000000 13322.292135
0.180091 0.222338 26.000000 13361.560440
0.200101 0.220432 26.000000 13397.900000
0.220112 0.219238 26.000000 13438.472527
0.240122 0.223325 26.000000 13477.777778
0.260132 0.225714 26.000000 13518.629213
0.280142 0.226275 26.000000 13562.606742
0.300152 0.229196 26.000000 13603.448276
0.320162 0.228683 26.000000 13648.172414
0.340172 0.232488 26.000000 13694.953488
0.360183 0.232000 26.000000 13739.674419
0.380193 0.228320 26.000000 13788.707865
0.400203 0.226225 26.000000 13837.640449
0.420213 0.221528 26.000000 13888.876404
0.440223 0.220495 26.000000 13941.282609
0.460233 0.217367 26.000000 13992.600000
0.480243 0.213198 26.000000 14049.291667
0.500254 0.212384 26.000000 14107.430108
0.520264 0.210048 26.000000 14165.526316
0.540274 0.206762 26.000000 14227.618557
0.560284 0.207998 26.000000 14290.697917
0.580294 0.206705 26.000000 14357.649485
0.600304 0.209509 26.000000 14425.489583
0.620314 0.207895 25.979167 14494.791667
0.640325 0.207013 26.000000 14569.520408
0.660335 0.209253 26.000000 14641.736264
0.680345 0.209086 26.000000 14718.232323
0.700355 0.212224 26.000000 14798.225806
0.720365 0.213787 26.000000 14880.031579
0.740375 0.214592 26.000000 14967.247312
0.760385 0.218396 26.000000 15053.782609
0.780396 0.217467 26.000000 15143.554348
0.800406 0.218831 26.000000 15235.788889
0.820416 0.220612 26.000000 15329.500000
0.840426 0.219311 26.000000 15428.478261
0.860436 0.221120 26.000000 15525.888889
0.880446 0.219641 26.000000 15627.032609
0.900456 0.220951 26.000000 15733.010870
0.920467 0.222439 26.000000 15836.766667
0.940477 0.217819 26.000000 15941.619565
0.960487 0.216425 26.000000 16047.673913
0.980497 0.213592 26.000000 16153.652632
1.000507 0.210919 26.000000 16261.967391
1.020517 0.212839 26.000000 11018.873684
1.040528 0.208533 26.000000 87.189474
1.060538 0.208197 26.000000 194.340206
1.080548 0.206450 26.000000 298.175258
1.100558 0.205781 26.000000 401.593750
1.120568 0.207350 26.000000 500.071429
1.140578 0.206360 26.000000 600.136842
1.160588 0.207146 26.000000 698.551020
1.180599 0.210407 26.000000 796.083333
1.200609 0.208549 26.000000 888.042553
1.220619 0.212273 26.000000 978.393617
1.240629 0.214704 26.000000 1069.505263
1.260639 0.218671 26.000000 1156.252747
1.280649 0.223376 26.000000 1240.711111
1.300659 0.220747 26.000000 1319.888889
1.320670 0.224327 26.000000 1399.157303
1.340680 0.228063 26.000000 1478.426966
1.360690 0.231909 26.000000 1551.297619
1.380700 0.234987 26.000000 1625.290698
1.400710 0.233992 26.000000 1695.267442
1.420720 0.232556 26.000000 1764.000000
1.440730 0.233258 26.000000 1831.988372
1.460741 0.225457 26.000000 1894.800000
1.480751 0.225220 26.000000 1959.102273
1.500761 0.223313 26.000000 2019.877778
1.520771 0.223491 26.000000 2078.733333
1.540781 0.224871 26.000000 2137.595506
1.560791 0.218456 26.000000 2191.043478
1.580801 0.219675 26.000000 2246.901099
1.600812 0.221056 26.000000 2300.433333
1.620822 0.219832 26.000000 2350.483516
1.640832 0.221807 26.000000 2402.109890
1.660842 0.220113 26.000000 2450.588889
1.680852 0.223108 26.000000 2498.808989
1.700862 0.228938 26.000000 2545.261364
1.720872 0.223661 26.000000 2590.202247
1.740883 0.228349 26.000000 2634.229885
1.760893 0.229632 26.000000 2676.420455
1.780903 0.232588 26.000000 2717.894118
1.800913 0.236922 26.000000 2757.232558
1.820923 0.233165 26.000000 2795.282353
1.840933 0.236466 26.000000 2833.023529
1.860943 0.241421 26.000000 2872.662651
1.880954 0.240018 26.000000 2905.719512
1.900964 0.245041 26.000000 2942.170732
1.920974 0.243086 26.000000 2975.597561
1.940984 0.243604 26.000000 3011.023810
1.960994 0.244138 26.000000 3045.719512
1.981004 0.234854 26.000000 3075.811765
2.001014 0.236579 26.000000 3108.493827
2.021025 0.235298 26.000000 3138.964706
2.041035 0.234706 26.000000 3170.776471
2.061045 0.234064 26.000000 3200.252874
2.081055 0.227901 26.000000 3227.550562
2.101065 0.228501 26.000000 3260.220930
2.121075 0.231474 26.000000 3284.569767
2.141085 0.227301 26.000000 3316.511364
2.161096 0.229739 26.000000 3341.761364
2.181106 0.225751 26.000000 3374.224719
2.201116 0.228462 26.000000 3402.337209
2.221126 0.230502 26.000000 3435.272727
2.241136 0.225873 26.000000 3464.609195
2.261146 0.229842 26.000000 3499.625000
2.281156 0.232067 26.000000 3532.356322
2.301167 0.234321 26.000000 3570.741176
2.321177 0.237487 26.000000 3604.975610
2.341187 0.234947 26.000000 3642.477273
2.361197 0.238351 26.000000 3682.219512
2.381207 0.242905 26.000000 3716.345679
2.401217 0.241299 26.000000 3757.273810
2.421227 0.248095 26.000000 3790.439024
2.441238 0.246525 26.000000 3828.629630
2.461248 0.247027 26.000000 3861.333333
2.481258 0.246037 26.000000 3895.097561
2.501268 0.238469 26.000000 3922.951220
2.521278 0.239492 26.000000 3955.702381
2.541288 0.237823 26.000000 3976.105882
2.561298 0.233584 26.000000 4006.892857
2.581309 0.234429 26.000000 4027.483146
2.601319 0.228547 26.000000 4045.862069
2.621329 0.229902 26.000000 4070.726190
2.641339 0.230024 26.000000 4088.209302
2.661349 0.224201 26.000000 4103.617978
2.681359 0.227935 26.000000 4122.425287
2.701369 0.225659 26.000000 4143.593407
2.721380 0.228072 26.000000 4159.488636
2.741390 0.228611 26.000000 4172.154762
2.761400 0.224008 26.000000 4195.445652
2.781410 0.227726 26.000000 4216.298851
2.801420 0.231601 26.000000 4229.761364
2.821430 0.232598 26.000000 4255.530120
2.841440 0.236667 26.000000 4280.534884
2.861451 0.233957 26.000000 4299.523810
2.881461 0.238269 26.000000 4330.465116
2.901471 0.241329 26.000000 4353.879518
2.921481 0.239393 26.000000 4384.301205
2.941491 0.244953 26.000000 4414.768293
2.961501 0.244205 26.000000 4442.716049
2.981511 0.245518 26.000000 4478.666667
3.001522 0.244815 26.000000 4510.228916
3.021532 0.237906 26.000000 4547.767442
3.041542 0.236482 26.000000 4587.292683
3.061552 0.234185 26.000000 4620.738095
3.081562 0.229431 26.000000 4665.852273
3.101572 0.229928 26.000000 4706.977778
3.121583 0.223588 26.000000 4748.505618
3.141593 0.227552 26.000000 4793.795455
3.161603 0.225822 26.000000 4836.393258
3.181613 0.223403 26.000000 4882.831461
3.201623 0.227553 26.000000 4926.829545
3.221633 0.225782 26.000000 4971.306818
3.241643 0.226623 26.000000 5016.781609
3.261654 0.227430 26.000000 5060.622222
3.281664 0.223070 26.000000 5108.662921
3.301674 0.227387 26.000000 5154.651685
3.321684 0.229073 26.000000 5196.226190
3.341694 0.228561 26.000000 5243.788889
3.361704 0.234455 26.000000 5289.976744
3.381714 0.232380 26.000000 5333.785714
3.401725 0.236261 26.000000 5377.790698
3.421735 0.236271 26.011905 5423.321429
3.441745 0.235766 26.000000 5469.428571
3.461755 0.243086 26.000000 5514.963855
3.481765 0.244332 26.000000 5560.530864
3.501775 0.244794 26.000000 5606.301205
3.521785 0.245817 26.000000 5653.887500
3.541796 0.238801 26.000000 5704.482353
3.561806 0.239841 26.000000 5752.750000
3.581816 0.236039 26.000000 5802.529412
3.601826 0.231528 26.000000 5854.470588
3.621836 0.232407 26.000000 5906.781609
3.641846 0.227666 26.000000 5960.292135
3.661856 0.227578 26.000000 6013.056818
3.681867 0.225762 26.000000 6068.693182
3.701877 0.222055 26.000000 6127.011364
3.721887 0.226135 26.000000 6183.744444
3.741897 0.222369 26.000000 6243.455556
3.761907 0.220248 26.000000 6305.945055
3.781917 0.222279 26.000000 6371.122222
3.801927 0.219156 26.000000 6440.318681
3.821938 0.223177 26.000000 6507.932584
3.841948 0.220890 26.000000 6580.340659
3.861958 0.221357 26.000000 6658.833333
3.881968 0.225942 26.000000 6736.250000
3.901978 0.225096 26.000000 6816.633333
3.921988 0.227089 26.000000 6898.965909
3.941998 0.228301 26.000000 6984.079545
3.962009 0.227776 26.022727 7075.579545
3.982019 0.236291 26.000000 7162.120482
4.002029 0.235343 26.000000 7249.837209
4.022039 0.235556 26.000000 7342.952941
4.042049 0.237566 26.000000 7434.285714
4.062059 0.231089 26.000000 7528.689655
4.082069 0.231000 26.000000 7620.218391
4.102080 0.223407 26.000000 7713.677778
4.122090 0.220860 26.000000 7813.355556
4.142100 0.222284 26.000000 7910.388889
4.162110 0.219392 26.000000 8006.652174
4.182120 0.217197 26.000000 8105.511111
4.202130 0.215230 26.000000 8203.659574
4.222140 0.211996 26.000000 8309.053763
4.242151 0.217703 26.000000 8409.075269
4.262161 0.211795 26.000000 8506.521277
4.282171 0.210508 26.000000 8614.166667
4.302181 0.209396 26.000000 8715.807143
4.322191 0.207205 26.000000 8814.241135
4.342201 0.211948 26.000000 8914.583333
4.362211 0.208607 26.000000 9009.619718
4.382222 0.210043 26.000000 9114.145833
4.402232 0.215405 26.000000 9209.496403
4.422242 0.214534 26.000000 9296.920863
4.442252 0.214726 26.000000 9393.411348
4.462262 0.216081 26.000000 9480.131387
4.482272 0.216284 26.000000 9568.114286
4.502282 0.225268 26.000000 9651.659091
4.522293 0.222709 26.000000 9726.147059
4.542303 0.225401 26.000000 9814.454545
4.562313 0.227125 26.000000 9887.766917
4.582323 0.222946 26.000000 9956.522727
4.602333 0.221719 26.000000 10033.898551
4.622343 0.216625 26.000000 10101.550000
4.642353 0.214710 26.000000 10176.080292
4.662364 0.218549 26.000000 10239.050847
4.682374 0.213960 26.000000 10299.728261
4.702384 0.211959 26.000000 10371.904255
4.722394 0.211033 26.000000 10428.812500
4.742404 0.209021 26.000000 10484.969072
4.762414 0.213442 26.000000 10543.483871
4.782424 0.207937 26.000000 10592.768421
4.802435 0.209406 26.000000 10651.270833
4.822445 0.212006 26.000000 10703.505263
4.842455 0.212356 26.000000 10755.648936
4.862465 0.214190 26.000000 10812.565217
4.882475 0.212935 26.000000 10864.631579
4.902485 0.215852 26.000000 10917.397849
4.922495 0.222293 26.000000 10967.277778
4.942506 0.220145 26.000000 11015.586957
4.962516 0.220242 26.000000 11067.483146
4.982526 0.221950 26.000000 11113.362637
5.002536 0.224615 26.000000 11154.674157
5.022546 0.230406 26.000000 11196.000000
5.042556 0.224829 26.000000 11239.786517
5.062567 0.227346 26.000000 11285.500000
5.082577 0.229482 26.000000 11340.411111
5.102587 0.226309 26.000000 11388.379310
5.122597 0.223666 26.000000 11436.159091
5.142607 0.218015 26.000000 11475.846154
5.162617 0.218442 26.000000 11522.445652
5.182627 0.220835 26.000000 11556.549451
5.202638 0.214527 26.000000 11597.795699
5.222648 0.212799 26.000000 11627.652632
5.242658 0.211799 26.000000 11667.831579
5.262668 0.212179 26.000000 11697.052083
5.282678 0.214036 26.000000 11723.815217
5.302688 0.208797 26.000000 11756.117021
5.322698 0.210476 26.000000 11779.597938
5.342709 0.213342 26.000000 11806.967391
5.362719 0.212669 26.000000 11838.092784
5.382729 0.213965 26.000000 11857.417582
5.402739 0.211529 26.000000 11884.905263
5.422749 0.214179 26.000000 11913.936170
5.442759 0.218281 26.000000 11933.538462
5.462769 0.215599 26.000000 11955.698925
5.482780 0.218458 26.000000 11985.263736
5.502790 0.219069 26.000000 12002.054348
5.522800 0.221459 26.000000 12027.477778
5.542810 0.224047 26.000000 12053.454545
5.562820 0.220903 26.000000 12072.000000
5.582830 0.222380 26.000000 12099.076923
5.602840 0.225505 26.000000 12123.707865
5.622851 0.220755 26.000000 12145.593407
5.642861 0.219798 26.000000 12168.977778
5.662871 0.215163 26.000000 12191.945652
5.682881 0.216761 26.000000 12214.925532
5.702891 0.216677 26.000000 12240.304348
5.722901 0.210226 26.000000 12263.642105
5.742911 0.209345 26.000000 12286.863158
5.762922 0.209258 26.000000 12314.907216
5.782932 0.208218 26.000000 12336.094737
5.802942 0.207795 26.000000 12362.608247
5.822952 0.203794 26.000000 12386.326531
5.842962 0.206182 26.000000 12410.948980
5.862972 0.209525 26.000000 12441.322917
5.882982 0.205079 26.000000 12465.072917
5.902993 0.207990 26.000000 12497.968750
5.923003 0.206713 26.000000 12522.845361
5.943013 0.212444 26.000000 12558.242105
5.963023 0.215179 26.000000 12585.263736
5.983033 0.214063 26.000000 12614.322917
6.003043 0.215801 26.000000 12645.648352
6.023053 0.218132 26.000000 12672.172043
6.043064 0.220048 26.000000 12701.142857
6.063074 0.225483 26.000000 12723.528736
6.083084 0.224840 26.000000 12754.337079
6.103094 0.228226 26.000000 12774.321839
6.123104 0.229271 26.000000 12800.067416
6.143114 0.222313 26.000000 12827.685393
6.163124 0.222003 26.000000 12855.584270
6.183135 0.217710 26.000000 12877.119565
6.203145 0.219078 26.000000 12911.086957
6.223155 0.218971 26.000000 12935.086957
6.243165 0.212551 26.000000 12961.234043
6.263175 0.199440 26.000000 12992.039604
