serial number: RI70_21217417
torque: 8
start_temp: 24 (0)
finish_temp: 24 (16)
note: po poprawce z flansza wyjciowa
0.000000 0.269588 24.000000 7435.850267
0.020010 0.265012 24.000000 8565.679144
0.040020 0.267673 24.000000 7983.756614
0.060030 0.268406 24.006703 8674.859459
0.080041 0.266499 24.009735 7548.164021
0.100051 0.268795 24.005055 7906.439560
0.120061 0.263702 24.010417 8372.333333
0.140071 0.267238 24.009149 8264.180851
0.160081 0.268195 24.012258 8142.037634
0.180091 0.264454 24.000000 7951.176471
0.200101 0.266836 24.000000 8183.526882
0.220112 0.264679 24.000000 8606.231579
0.240122 0.266639 24.000000 7852.433862
0.260132 0.267737 24.001935 7883.000000
0.280142 0.263345 24.008586 7917.502618
0.300152 0.264887 24.000000 8638.329730
0.320162 0.264953 24.002268 7563.515464
0.340172 0.264136 24.012340 7773.031915
0.360183 0.267017 24.006703 8333.578378
0.380193 0.262515 24.000000 7904.927083
0.400203 0.265396 24.010526 8380.605263
0.420213 0.265148 24.006561 8129.888889
0.440223 0.261702 24.012292 8091.520833
0.460233 0.264572 24.002105 8393.763158
0.480243 0.261710 24.000000 8375.333333
0.500254 0.263161 24.002328 7759.333333
0.520264 0.263836 24.002917 7046.203125
0.540274 0.259775 24.000000 9018.192708
0.560284 0.261871 24.004632 7900.157895
0.580294 0.262240 24.000625 8792.359375
0.600304 0.261849 24.000000 7619.094737
0.620314 0.264408 24.019683 8302.925926
0.640325 0.258668 24.001451 7919.341969
0.660335 0.262028 24.006383 8097.159574
0.680345 0.261762 24.004145 8407.797927
0.700355 0.259773 24.002872 8501.805128
0.720365 0.262576 24.007407 7769.105820
0.740375 0.259974 24.012435 9052.512953
0.760385 0.260690 24.013750 7964.307292
0.780396 0.261375 24.015544 7980.378238
0.800406 0.258352 24.005181 8856.766839
0.820416 0.261771 24.000000 7830.349206
0.840426 0.260420 24.004352 8332.170984
0.860436 0.258659 24.005979 8447.530928
0.880446 0.260506 24.000000 7504.285714
0.900456 0.257409 24.009072 7559.484536
0.920467 0.261178 24.010155 8400.233161
0.940477 0.259299 24.007668 8708.575130
0.960487 0.257433 24.004670 7814.923858
0.980497 0.259744 24.004632 8600.373684
1.000507 0.257218 24.003434 7235.020202
1.020517 0.259465 24.006911 8163.994764
1.040528 0.259730 24.005000 7544.869792
1.060538 0.257794 24.015670 8245.087629
1.080548 0.260733 24.000000 8211.708333
1.100558 0.258001 24.000216 8236.491892
1.120568 0.257303 24.006076 8527.303797
1.140578 0.259743 24.000000 7377.454545
1.160588 0.257032 24.000000 8735.445161
1.180599 0.260229 24.000000 7392.576923
1.200609 0.258822 24.000000 8023.111111
1.220619 0.256656 24.000000 7680.025641
1.240629 0.259751 24.000000 8406.084967
1.260639 0.256114 24.002619 8418.541667
1.280649 0.257983 24.002932 8117.518325
1.300659 0.258425 24.000000 8235.025381
1.320670 0.257296 24.000000 8113.718750
1.340680 0.259966 24.000000 7659.994565
1.360690 0.257185 24.000000 7749.876238
1.380700 0.258242 24.000000 8032.345550
1.400710 0.262179 24.000000 9158.529101
1.420720 0.259780 24.000000 7474.823834
1.440730 0.261480 24.000000 8838.979275
1.460741 0.259673 24.000000 8211.642487
1.480751 0.259130 24.000000 6981.515625
1.500761 0.263507 24.000000 7146.400000
1.520771 0.259351 24.000000 7960.268041
1.540781 0.261622 24.000000 8557.447917
1.560791 0.261518 24.003770 8277.968586
1.580801 0.260700 24.001474 7861.968421
1.600812 0.264724 24.010471 8081.937173
1.620822 0.261947 24.000000 8137.209424
1.640832 0.263450 24.000000 8078.597826
1.660842 0.266224 24.000000 8650.026178
1.680852 0.263052 24.000000 9207.015544
1.700862 0.265372 24.000000 8605.638298
1.720872 0.264532 24.000000 8203.206349
1.740883 0.264602 24.000000 7682.313830
1.760893 0.268410 24.002378 8755.367568
1.780903 0.261961 24.002979 8476.292553
1.800913 0.265051 24.000000 7875.164021
1.820923 0.265650 24.000000 7582.046875
1.840933 0.266254 24.000000 8225.475676
1.860943 0.269857 23.998495 8189.908602
1.880954 0.267322 23.996269 8447.341969
1.900964 0.269708 24.000000 8472.204420
1.920974 0.271965 24.000000 7658.690217
1.940984 0.268294 24.000000 8073.760638
1.960994 0.270657 24.000000 8375.901639
1.981004 0.268045 24.000000 7512.898396
2.001014 0.268525 24.005319 7626.420213
2.021025 0.271595 24.000000 7820.554945
2.041035 0.266708 24.001489 7471.601064
2.061045 0.271076 24.003892 8438.848649
2.081055 0.271266 24.000000 7489.000000
2.101065 0.269668 24.000000 8174.880435
2.121075 0.271947 24.000000 7945.836957
2.141085 0.267632 24.000000 8514.000000
2.161096 0.271058 24.000000 7389.478022
2.181106 0.273651 24.000000 8037.256831
2.201116 0.269500 24.000000 8178.358289
2.221126 0.272806 24.000000 8114.070270
2.241136 0.269856 24.000000 8137.582418
2.261146 0.269877 24.000000 7760.436170
2.281156 0.273095 24.000000 7911.475410
2.301167 0.267992 24.000000 8592.445652
2.321177 0.272766 24.000000 8132.706522
2.341187 0.271892 23.989189 8077.313514
2.361197 0.269333 24.000000 7823.600000
2.381207 0.272998 23.996757 7223.205405
2.401217 0.269015 23.992391 8120.750000
2.421227 0.272027 24.000000 8248.180328
2.441238 0.274285 24.000000 7858.657609
2.461248 0.269799 24.000000 8457.526882
2.481258 0.272577 24.000000 8959.950276
2.501268 0.271034 24.000000 8376.032086
2.521278 0.272978 24.000000 8754.284153
2.541288 0.276250 24.000000 9142.855556
2.561298 0.269794 24.000000 7972.404372
2.581309 0.273256 24.000000 7285.728261
2.601319 0.273585 24.000000 7235.880435
2.621329 0.272620 24.002174 7900.222826
2.641339 0.275813 24.003279 8618.371585
2.661349 0.271502 24.000000 8049.648352
2.681359 0.274655 24.020440 8639.164835
2.701369 0.276567 24.001522 8381.331522
2.721380 0.272165 24.000000 8111.502732
2.741390 0.274672 24.000000 8273.229050
2.761400 0.272900 24.005348 8797.732620
2.781410 0.273482 24.000000 8255.333333
2.801420 0.275995 24.000000 7762.905556
2.821430 0.270806 24.000000 8445.767568
2.841440 0.275361 24.000000 8513.972527
2.861451 0.276160 24.000000 8407.511111
2.881461 0.273005 24.000000 8072.283333
2.901471 0.275349 24.000000 7803.397790
2.921481 0.271727 24.000000 8182.412698
2.941491 0.275669 24.000000 8154.324022
2.961501 0.277451 24.005217 7506.125000
2.981511 0.273283 24.006257 7771.139665
3.001522 0.277005 24.005083 7679.546961
3.021532 0.274695 24.000000 7790.113514
3.041542 0.275807 24.000000 8289.351955
3.061552 0.278369 24.000000 8640.926966
3.081562 0.273881 24.000000 7709.366120
3.101572 0.279803 24.000000 8178.687151
3.121583 0.278793 24.000000 8710.466667
3.141593 0.274514 24.000000 7958.961326
3.161603 0.278763 24.000000 8073.877778
3.181613 0.275481 24.000000 8474.779006
3.201623 0.280205 24.000000 8198.455556
3.221633 0.280760 24.001556 7803.394444
3.241643 0.275677 24.004091 7894.107955
3.261654 0.280363 24.000000 8041.620879
3.281664 0.278875 24.000000 8879.463277
3.301674 0.279434 24.000000 8091.312849
3.321684 0.282346 24.000000 7873.033898
3.341694 0.276019 24.000000 8479.445055
3.361704 0.281186 24.005587 7913.167598
3.381714 0.280969 24.000000 8345.627778
3.401725 0.278629 24.000000 7886.605556
3.421735 0.282718 24.000000 8635.632184
3.441745 0.278806 24.000000 7781.553672
3.461755 0.281413 24.000000 8783.662983
3.481765 0.281712 24.000000 8394.027933
3.501775 0.278093 24.006554 8743.683616
3.521785 0.282941 24.004746 8408.073446
3.541796 0.281066 24.000000 8544.625698
3.561806 0.280168 24.000000 8043.792135
3.581816 0.282903 24.000000 8591.367816
3.601826 0.277438 24.000000 7523.684783
3.621836 0.282906 24.000000 8594.602273
3.641846 0.282078 24.000000 8385.210227
3.661856 0.279917 24.000000 8039.640000
3.681867 0.283294 24.000000 8280.000000
3.701877 0.279332 24.000000 8102.516854
3.721887 0.282977 24.000000 8189.949721
3.741897 0.284810 24.005747 8443.545977
3.761907 0.281726 24.004545 7357.471591
3.781917 0.286952 24.001130 9267.220339
3.801927 0.284016 24.000000 8331.460227
3.821938 0.283176 24.005682 7596.477273
3.841948 0.286052 24.000000 8456.101124
3.861958 0.281650 24.000000 8072.156069
3.881968 0.287661 24.000000 8023.370787
3.901978 0.285792 24.000000 8420.858824
3.921988 0.282585 24.000000 7606.140449
3.941998 0.286339 24.000000 8970.052023
3.962009 0.282943 24.000000 8067.310734
3.982019 0.285408 24.000000 8419.229885
4.002029 0.284785 24.000000 8726.316092
4.022039 0.280064 24.005525 8073.872928
4.042049 0.285513 24.000000 8722.700565
4.062059 0.282439 24.004091 8834.346591
4.082069 0.281522 24.001591 8229.647727
4.102080 0.284339 24.001130 7369.485876
4.122090 0.280069 24.004494 7519.224719
4.142100 0.285235 24.000000 8191.051136
4.162110 0.283511 24.000000 7386.451977
4.182120 0.281190 24.000000 8180.657303
4.202130 0.285521 24.011429 7852.217143
4.222140 0.281360 24.000000 8472.790960
4.242151 0.282876 24.000000 8226.033149
4.262161 0.283038 24.000000 7328.770115
4.282171 0.279174 24.000000 8350.567416
4.302181 0.285096 24.000000 7898.100000
4.322191 0.281456 24.000000 8357.267045
4.342201 0.279631 24.000000 8607.841808
4.362211 0.281680 24.000000 8089.921348
4.382222 0.278023 24.000000 9001.220994
4.402232 0.282206 24.000000 8758.573864
4.422242 0.279636 24.003956 8792.510989
4.442252 0.278563 24.009600 8939.834286
4.462262 0.283724 24.012961 8339.564246
4.482272 0.279407 24.001573 7924.730337
4.502282 0.280035 24.000000 7974.284916
4.522293 0.280601 24.002444 7540.138889
4.542303 0.277802 24.003146 7950.011236
4.562313 0.283183 24.000000 8059.772727
4.582323 0.277710 24.000000 8360.486034
4.602333 0.278391 24.000000 7370.956044
4.622343 0.281954 24.000000 8112.142045
4.642353 0.279422 24.000000 8269.760870
4.662364 0.282670 24.000000 7728.102857
4.682374 0.279168 24.000000 8509.463277
4.702384 0.277950 24.000000 7988.811111
4.722394 0.282377 24.000000 7680.612360
4.742404 0.276989 24.000000 8285.524590
4.762414 0.277832 24.000000 8015.234637
4.782424 0.277476 24.006444 8249.372222
4.802435 0.274888 24.004565 8163.423913
4.822445 0.280210 24.000000 8023.897727
4.842455 0.275652 24.000000 8046.148352
4.862465 0.277006 24.000667 8067.983333
4.882475 0.279713 24.010387 8036.580110
4.902485 0.276978 24.000000 7625.201117
4.922495 0.278897 24.010909 8168.994318
4.942506 0.276609 24.005870 8229.586957
4.962516 0.275742 24.000000 8639.088398
4.982526 0.279265 24.000222 7605.500000
5.002536 0.274454 24.014972 9107.318436
5.022546 0.276755 24.001758 9172.027473
5.042556 0.276499 24.005275 8806.681319
5.062567 0.274448 24.005587 7555.446927
5.082577 0.278895 24.001530 8342.508197
5.102587 0.273747 24.016175 8617.262295
5.122597 0.273750 24.004199 7892.237569
5.142607 0.275784 24.000000 7644.475410
5.162617 0.272556 24.000000 8484.770492
5.182627 0.275263 24.004469 8409.810056
5.202638 0.272848 24.001087 6676.293478
5.222648 0.273205 24.000000 7924.805405
5.242658 0.277517 24.000000 7830.241573
5.262668 0.271419 24.005435 8494.054348
5.282678 0.274669 24.005027 8762.147541
5.302688 0.276234 24.006000 9182.466667
5.322698 0.275218 24.000000 8532.141304
5.342709 0.278744 24.000000 7871.530726
5.362719 0.272904 24.010870 8074.500000
5.382729 0.273399 24.000000 8516.823204
5.402739 0.276386 24.000000 8417.232044
5.422749 0.273614 24.000659 8879.192308
5.442759 0.276209 24.011778 7979.438889
5.462769 0.272797 24.015082 9054.519126
5.482780 0.273654 24.010870 9030.179348
5.502790 0.277162 24.004835 8477.285714
5.522800 0.271179 24.000649 8075.243243
5.542810 0.273535 24.000000 7530.814208
5.562820 0.273611 24.005495 8309.335165
5.582830 0.272281 24.000000 6998.372973
5.602840 0.275442 24.005618 8059.696629
5.622851 0.270704 24.005291 7479.291005
5.642861 0.272700 24.000000 7846.912568
5.662871 0.274860 24.000000 7764.491803
5.682881 0.270938 24.005714 8305.648352
5.702891 0.273014 24.014545 8324.919786
5.722901 0.270038 24.001290 8286.865591
5.742911 0.272322 24.003315 7750.116022
5.762922 0.275886 24.002198 8272.280220
5.782932 0.269822 24.005405 7900.897297
5.802942 0.271669 24.005348 8895.096257
5.822952 0.271397 24.003333 8078.888889
5.842962 0.270188 24.016000 7966.989474
5.862972 0.274382 24.002022 7733.977528
5.882982 0.268930 24.000000 9248.790323
5.902993 0.271263 24.000000 7425.064865
5.923003 0.273186 24.005435 7743.288043
5.943013 0.268619 24.000000 8653.143646
5.963023 0.270576 24.000000 7564.074074
5.983033 0.268476 24.000000 8008.815217
6.003043 0.271284 24.000000 8179.750000
6.023053 0.272319 24.005055 8374.478022
6.043064 0.267568 24.005775 8038.117647
6.063074 0.270089 24.000000 8237.390374
6.083084 0.271133 24.000000 8179.908108
6.103094 0.270569 24.000000 8109.734807
6.123104 0.272542 24.005189 7840.010811
6.143114 0.266479 24.000213 8152.079787
6.163124 0.269358 24.000000 7862.497297
6.183135 0.271101 24.011087 7729.804348
6.203145 0.267200 24.005161 8182.924731
6.223155 0.270274 24.010638 8447.797872
6.243165 0.265652 24.007368 8148.463158
6.263175 0.267848 24.003243 8293.821622
