serial number: JANUSZ_4_RI70_21414878
torque: 8.0
start_temp: 30 (39)
finish_temp: 30 (31)
note: j4_3_4_ri_70
0.000000 nan
0.021014 0.304490
0.042028 0.307777
0.063042 0.310151
0.084056 0.303310
0.105070 0.312522
0.126084 0.302308
0.147098 0.306449
0.168112 0.307337
0.189126 0.301983
0.210140 0.311931
0.231154 0.302766
0.252168 0.309793
0.273182 0.308965
0.294196 0.303810
0.315210 0.311739
0.336224 0.301547
0.357238 0.308585
0.378252 0.306506
0.399266 0.303345
0.420280 0.310745
0.441294 0.300930
0.462308 0.309595
0.483322 0.306157
0.504336 0.305273
0.525350 0.312186
0.546364 0.301230
0.567378 0.308856
0.588392 0.303489
0.609406 0.303453
0.630420 0.309555
0.651434 0.300330
0.672448 0.308786
0.693462 0.301251
0.714476 0.303180
0.735490 0.307059
0.756504 0.297964
0.777518 0.307190
0.798532 0.298484
0.819546 0.301129
0.840560 0.303980
0.861574 0.294936
0.882588 0.302652
0.903602 0.293214
0.924616 0.298109
0.945630 0.300312
0.966644 0.293328
0.987658 0.302049
1.008672 0.292218
1.029686 0.297308
1.050700 0.297639
1.071714 0.291859
1.092728 0.300331
1.113742 0.289985
1.134756 0.295626
1.155770 0.294147
1.176784 0.290257
1.197798 0.298809
1.218812 0.288762
1.239826 0.295926
1.260840 0.293054
1.281854 0.290066
1.302868 0.297878
1.323882 0.287577
1.344896 0.295874
1.365910 0.290773
1.386924 0.289351
1.407938 0.296436
1.428952 0.285602
1.449966 0.293784
1.470980 0.287154
1.491994 0.288765
1.513008 0.295005
1.534022 0.285603
1.555036 0.295391
1.576050 0.287270
1.597064 0.289205
1.618078 0.294695
1.639092 0.286138
1.660106 0.296385
1.681120 0.287104
1.702134 0.290266
1.723148 0.293946
1.744162 0.285669
1.765176 0.295779
1.786190 0.286450
1.807204 0.291215
1.828218 0.294187
1.849232 0.287011
1.870246 0.296894
1.891260 0.285901
1.912274 0.291664
1.933288 0.293271
1.954302 0.287678
1.975316 0.297901
1.996330 0.286522
2.017344 0.293116
2.038358 0.293632
2.059372 0.288639
2.080386 0.297612
2.101400 0.286611
2.122414 0.294456
2.143428 0.293088
2.164442 0.289869
2.185456 0.298817
2.206470 0.288091
2.227484 0.296654
2.248498 0.293788
2.269512 0.291929
2.290526 0.300082
2.311540 0.289105
2.332554 0.297834
2.353568 0.292977
2.374582 0.291794
2.395596 0.298802
2.416610 0.287694
2.437624 0.296953
2.458638 0.291468
2.479652 0.292557
2.500666 0.298931
2.521680 0.287886
2.542694 0.296696
2.563708 0.289359
2.584722 0.291947
2.605736 0.297903
2.626750 0.287785
2.647764 0.297088
2.668778 0.289475
2.689792 0.292952
2.710806 0.297449
2.731820 0.287883
2.752834 0.297510
2.773848 0.288994
2.794862 0.293428
2.815876 0.296982
2.836890 0.288159
2.857904 0.297268
2.878918 0.289060
2.899932 0.294545
2.920946 0.297111
2.941960 0.289726
2.962974 0.299069
2.983988 0.289887
3.005002 0.296143
3.026016 0.297067
3.047030 0.290760
3.068044 0.299347
3.089058 0.289898
3.110072 0.296748
3.131086 0.296042
3.152100 0.290907
3.173114 0.299236
3.194128 0.290439
3.215142 0.298533
3.236156 0.295887
3.257170 0.291751
3.278184 0.298664
3.299198 0.288115
3.320212 0.297903
3.341226 0.295171
3.362240 0.292902
3.383254 0.300339
3.404268 0.291254
3.425282 0.300698
3.446296 0.296878
3.467310 0.295540
3.488324 0.302918
3.509338 0.294852
3.530352 0.303916
3.551366 0.298655
3.572380 0.299327
3.593394 0.305408
3.614408 0.297636
3.635422 0.307182
3.656436 0.301340
3.677450 0.302279
3.698464 0.306580
3.719478 0.299911
3.740492 0.310060
3.761506 0.302316
3.782520 0.305049
3.803534 0.307723
3.824548 0.299206
3.845562 0.309202
3.866576 0.301720
3.887590 0.305870
3.908604 0.307897
3.929618 0.301497
3.950632 0.310478
3.971646 0.302050
3.992660 0.307456
4.013674 0.307483
4.034688 0.302284
4.055702 0.311549
4.076716 0.302032
4.097730 0.308163
4.118744 0.307292
4.139758 0.303597
4.160772 0.312268
4.181786 0.302732
4.202800 0.310603
4.223814 0.308320
4.244828 0.305829
4.265842 0.314570
4.286856 0.305176
4.307870 0.312885
4.328884 0.309331
4.349898 0.308597
4.370912 0.315826
4.391926 0.306475
4.412940 0.315413
4.433954 0.309522
4.454968 0.309691
4.475982 0.316578
4.496996 0.307608
4.518010 0.316643
4.539023 0.310697
4.560037 0.312613
4.581051 0.317274
4.602065 0.309099
4.623079 0.319217
4.644093 0.310806
4.665107 0.314327
4.686121 0.318427
4.707135 0.311276
4.728149 0.320836
4.749163 0.312198
4.770177 0.316681
4.791191 0.320485
4.812205 0.314385
4.833219 0.324019
4.854233 0.313595
4.875247 0.319015
4.896261 0.321063
4.917275 0.314367
4.938289 0.323812
4.959303 0.313811
4.980317 0.319972
5.001331 0.319497
5.022345 0.313631
5.043359 0.322551
5.064373 0.313370
5.085387 0.321318
5.106401 0.317929
5.127415 0.313995
5.148429 0.322066
5.169443 0.312399
5.190457 0.321048
5.211471 0.316558
5.232485 0.313645
5.253499 0.321117
5.274513 0.312133
5.295527 0.321238
5.316541 0.315200
5.337555 0.314753
5.358569 0.320156
5.379583 0.310543
5.400597 0.319643
5.421611 0.312605
5.442625 0.314327
5.463639 0.318596
5.484653 0.309827
5.505667 0.319068
5.526681 0.310283
5.547695 0.313076
5.568709 0.315349
5.589723 0.307291
5.610737 0.316876
5.631751 0.307220
5.652765 0.311443
5.673779 0.312233
5.694793 0.305691
5.715807 0.315417
5.736821 0.305625
5.757835 0.312203
5.778849 0.311166
5.799863 0.306744
5.820877 0.315552
5.841891 0.305363
5.862905 0.312517
5.883919 0.309433
5.904933 0.306449
5.925947 0.314516
5.946961 0.304164
5.967975 0.312995
5.988989 0.308716
6.010003 0.307543
6.031017 0.315357
6.052031 0.305614
6.073045 0.314660
6.094059 0.307023
6.115073 0.305707
6.136087 0.310486
6.157101 0.301528
6.178115 0.311028
6.199129 0.304013
6.220143 0.307617
6.241157 0.311616
6.262171 0.303099
6.283185 0.313638
