-0.995887 -25.192203 27.000000
-0.947699 -23.888629 27.000000
-0.895355 -22.974503 27.040000
-0.848898 -22.117473 27.920000
-0.796938 -21.333171 28.000000
-0.744842 -20.481869 28.000000
-0.698228 -19.721482 28.000000
-0.646062 -18.949255 28.000000
-0.599598 -18.156343 28.000000
-0.547542 -17.352280 28.000000
-0.495886 -16.420129 28.000000
-0.449149 -15.661057 28.000000
-0.396846 -14.722021 28.000000
-0.350421 -13.766835 28.000000
-0.298385 -12.819837 28.000000
-0.246378 -11.730561 28.000000
-0.199596 -10.663984 28.000000
-0.148094 -9.506476 28.000000
-0.101453 -8.028995 28.000000
-0.049622 -6.128932 28.000000
0.000000 0.000000 28.000000
0.049093 5.944450 28.000000
0.100875 7.851933 28.000000
0.147854 9.296276 28.000000
0.199837 10.505291 28.000000
0.246527 11.635941 28.000000
0.298470 12.740814 28.000000
0.350251 13.779660 28.000000
0.397294 14.740827 28.000000
0.448671 15.628617 28.000000
0.495559 16.473353 28.000000
0.547846 17.313560 28.000000
0.599820 18.118806 28.000000
0.646637 18.860490 28.000000
0.698292 19.502755 28.000000
0.745261 20.167243 28.000000
0.797247 20.954879 28.000000
0.849104 21.563773 28.000000
0.896178 22.235954 28.000000
0.947270 23.056395 28.000000
0.994337 23.753990 28.000000
