0.994389 23.619150 28.000000
0.947712 22.704031 28.000000
0.895305 21.807684 28.000000
0.848818 21.023716 28.000000
0.796867 20.150327 28.000000
0.744980 19.303914 28.400000
0.698369 18.550040 28.960000
0.646332 17.789328 29.000000
0.599616 17.056684 29.000000
0.547890 16.262444 29.000000
0.495864 15.389080 29.000000
0.448669 14.638366 29.000000
0.396984 13.733198 29.000000
0.350327 13.008022 29.000000
0.298287 11.901845 29.000000
0.246328 11.068526 29.000000
0.199851 9.927156 29.000000
0.147430 8.783007 29.000000
0.101103 7.556281 29.000000
0.049468 5.865457 29.000000
0.000000 0.000000 29.000000
-0.049003 -5.869655 29.000000
-0.100901 -7.566585 29.000000
-0.147577 -8.909274 29.000000
-0.199549 -10.197607 29.000000
-0.246521 -11.396324 29.000000
-0.298296 -12.391334 29.000000
-0.350254 -13.415615 29.000000
-0.396973 -14.238995 29.000000
-0.449032 -15.271797 29.000000
-0.496022 -16.021768 29.000000
-0.547689 -16.877824 29.000000
-0.599497 -17.592733 29.000000
-0.646242 -18.316765 29.000000
-0.698471 -18.907740 29.000000
-0.745082 -19.538789 29.000000
-0.796812 -20.196403 29.000000
-0.849020 -20.839562 29.000000
-0.895674 -21.441350 29.000000
-0.947252 -22.042251 29.000000
-0.994530 -22.579563 29.000000
