-0.994301 -20.716582 32.000000
-0.947412 -19.984644 32.000000
-0.895349 -19.237938 32.000000
-0.849222 -18.502030 32.000000
-0.796904 -17.807350 32.000000
-0.744884 -17.057966 32.000000
-0.698167 -16.352725 32.000000
-0.645996 -15.665335 32.600000
-0.599527 -15.026313 33.000000
-0.547445 -14.309499 33.000000
-0.495821 -13.579317 33.000000
-0.448969 -12.950089 33.000000
-0.397051 -12.260957 33.000000
-0.350631 -11.542576 33.000000
-0.298395 -10.720344 33.000000
-0.246637 -9.773722 33.000000
-0.199730 -9.023381 33.000000
-0.147773 -8.025363 33.000000
-0.101114 -6.982141 33.000000
-0.049403 -5.574709 33.000000
0.000000 0.000000 33.000000
0.049209 5.400312 33.000000
0.101142 6.884051 33.000000
0.148189 7.945466 33.000000
0.199698 8.960207 33.000000
0.246397 9.814868 33.000000
0.298631 10.717248 33.000000
0.350049 11.607566 33.000000
0.397062 12.350825 32.960000
0.448891 13.095744 33.000000
0.495534 13.744117 33.000000
0.547736 14.449743 33.000000
0.599565 15.194209 33.000000
0.646547 15.857995 33.000000
0.698017 16.560177 33.000000
0.745177 17.161845 33.000000
0.797113 17.879003 33.000000
0.849396 18.545681 33.000000
0.896087 19.211944 33.000000
0.947699 19.951684 33.000000
0.994643 20.580800 33.000000
