0.994551 20.365890 33.000000
0.947325 19.651985 33.000000
0.895668 18.858636 33.000000
0.848432 18.142410 33.000000
0.796954 17.396907 33.000000
0.744910 16.719496 33.000000
0.698343 16.057250 33.000000
0.646257 15.362915 33.000000
0.599479 14.747471 33.000000
0.547829 14.069570 33.000000
0.495840 13.362527 33.000000
0.448862 12.801119 33.000000
0.396810 11.976606 33.000000
0.350565 11.307982 33.000000
0.298148 10.580401 33.000000
0.246478 9.674760 33.000000
0.199764 8.790752 33.000000
0.147777 7.740602 33.000000
0.101124 6.762408 33.000000
0.049458 5.405148 33.000000
0.000000 0.000000 33.000000
-0.048581 -5.444000 33.000000
-0.100952 -6.784324 33.000000
-0.147710 -7.771550 33.000000
-0.199629 -8.936449 33.000000
-0.246325 -9.847237 33.000000
-0.298543 -10.650368 33.000000
-0.350197 -11.578396 33.000000
-0.396961 -12.323450 33.000000
-0.448948 -13.213610 33.000000
-0.495628 -13.831169 33.000000
-0.547482 -14.486664 33.000000
-0.599660 -15.185389 33.000000
-0.646294 -15.822915 33.000000
-0.698341 -16.516276 33.000000
-0.744898 -17.159578 33.000000
-0.796997 -17.856184 33.000000
-0.848809 -18.539292 33.000000
-0.895297 -19.230401 33.000000
-0.947404 -19.855809 33.000000
-0.995077 -20.378013 33.000000
