-0.994449 -22.528082 29.000000
-0.947556 -21.782861 29.000000
-0.895445 -21.060673 29.000000
-0.848986 -20.303679 29.000000
-0.796920 -19.608344 29.000000
-0.744926 -18.849591 29.000000
-0.698431 -18.172300 29.000000
-0.645978 -17.468294 29.000000
-0.599480 -16.719410 29.720000
-0.547451 -15.966139 30.000000
-0.495802 -15.163097 30.000000
-0.449012 -14.472090 30.000000
-0.396814 -13.695666 30.000000
-0.350505 -12.836059 30.000000
-0.298262 -12.031817 30.000000
-0.246335 -10.948247 30.000000
-0.199498 -9.941220 30.000000
-0.148034 -8.893869 30.000000
-0.101197 -7.606795 30.000000
-0.049233 -5.940532 30.000000
0.000000 0.000000 30.000000
0.049063 5.728870 30.000000
0.100934 7.436874 30.000000
0.147912 8.725103 30.000000
0.199827 9.881898 30.000000
0.246638 10.976877 30.000000
0.298480 12.066257 30.000000
0.350227 12.911339 30.000000
0.397154 13.764186 30.000000
0.448828 14.802106 30.000000
0.495417 15.548426 30.000000
0.547617 16.389032 30.000000
0.599585 17.159941 30.000000
0.646647 17.841165 30.000000
0.698157 18.486349 30.000000
0.745153 19.127155 30.000000
0.797295 19.882460 30.000000
0.848935 20.556634 30.000000
0.896028 21.249219 30.000000
0.947502 22.036170 30.000000
0.994261 22.756530 30.000000
