-0.994357 -21.816646 30.000000
-0.947635 -21.101139 30.680000
-0.895231 -20.348921 31.000000
-0.848793 -19.546230 31.000000
-0.796952 -18.804357 31.000000
-0.744814 -18.042473 31.000000
-0.698339 -17.395986 31.000000
-0.646053 -16.726700 31.000000
-0.599427 -16.016451 31.000000
-0.547627 -15.290628 31.000000
-0.495842 -14.547700 31.000000
-0.448993 -13.884630 31.000000
-0.396885 -13.072157 31.000000
-0.350457 -12.298406 31.000000
-0.298111 -11.442809 31.000000
-0.246474 -10.486065 31.000000
-0.199551 -9.536066 31.000000
-0.148179 -8.430930 31.000000
-0.101284 -7.226070 31.000000
-0.049286 -5.675522 31.000000
0.000000 0.000000 31.000000
0.049016 5.441340 31.000000
0.100921 7.028544 31.000000
0.147902 8.252572 31.000000
0.199497 9.389653 31.000000
0.246549 10.430433 31.000000
0.298580 11.438806 31.000000
0.350355 12.218972 31.000000
0.397147 13.060879 31.000000
0.448571 14.004472 31.000000
0.495448 14.819519 31.000000
0.547597 15.627278 31.000000
0.599737 16.341456 31.000000
0.646597 16.978294 31.000000
0.698064 17.634112 31.000000
0.745181 18.328392 31.000000
0.796968 19.041452 31.000000
0.848867 19.772374 31.000000
0.895878 20.389638 31.000000
0.947597 21.249538 31.000000
0.994280 21.983444 31.000000
