0.994013 21.874743 31.000000
0.947614 20.959450 31.000000
0.895876 20.121926 31.000000
0.849034 19.327156 31.000000
0.796856 18.515250 31.000000
0.744912 17.761278 31.000000
0.698186 16.990414 31.000000
0.646238 16.316071 31.000000
0.599606 15.649595 31.000000
0.547788 14.927913 31.000000
0.495973 14.194314 31.000000
0.448686 13.504003 31.000000
0.396729 12.670455 31.000000
0.350273 12.018050 31.000000
0.298227 11.030877 31.000000
0.246612 10.260981 31.000000
0.199869 9.294164 31.040000
0.147725 8.241482 31.120000
0.101127 7.057028 31.000000
0.049467 5.531227 31.000000
0.000000 0.000000 31.000000
-0.049006 -5.520631 31.000000
-0.100740 -7.053398 31.000000
-0.147609 -8.308742 31.000000
-0.199778 -9.465409 31.000000
-0.246356 -10.545275 31.000000
-0.298573 -11.324924 31.000000
-0.350415 -12.327423 31.000000
-0.396941 -13.099175 31.000000
-0.449153 -14.033459 31.000000
-0.495734 -14.679762 31.000000
-0.547271 -15.501067 31.000000
-0.599633 -16.259846 31.000000
-0.646314 -16.897648 31.000000
-0.698487 -17.558508 31.000000
-0.745160 -18.135300 31.000000
-0.797036 -18.743071 31.000000
-0.848898 -19.440241 31.000000
-0.895642 -19.971564 31.000000
-0.947415 -20.659525 31.040000
-0.994521 -21.145746 31.680000
