-0.994951 -21.465600 30.000000
-0.947545 -20.373683 30.000000
-0.895689 -19.556488 30.000000
-0.849393 -18.767431 30.000000
-0.796970 -18.104328 30.000000
-0.744782 -17.342968 30.000000
-0.698259 -16.696169 30.000000
-0.645905 -16.012019 30.000000
-0.599556 -15.381431 30.000000
-0.547467 -14.658352 30.000000
-0.495803 -13.968828 30.000000
-0.448939 -13.329754 30.000000
-0.397129 -12.572557 30.000000
-0.350239 -11.902774 30.000000
-0.298541 -11.157116 30.000000
-0.246431 -10.272525 30.000000
-0.199567 -9.568622 30.000000
-0.147813 -8.463662 30.000000
-0.100972 -7.413685 30.000000
-0.049215 -5.977569 30.000000
0.000000 0.000000 30.000000
0.048967 5.809438 30.000000
0.101155 7.485140 30.000000
0.147683 8.788125 30.000000
0.199642 10.026670 30.000000
0.246447 10.963950 30.000000
0.298642 12.041815 30.000000
0.350242 12.743590 30.000000
0.396903 13.675719 30.000000
0.448999 14.509400 30.000000
0.495659 15.090755 30.160000
0.547818 15.848351 30.800000
0.600100 16.448487 30.880000
0.646402 17.055724 30.920000
0.698558 17.602298 31.000000
0.744825 17.937621 31.000000
0.797365 18.652144 31.000000
0.849243 19.267837 31.000000
0.895782 19.847734 31.000000
0.947718 20.506385 31.000000
0.994872 21.074826 31.000000
