0.994559 21.052784 31.000000
0.947455 20.216571 31.000000
0.895349 19.421733 31.000000
0.848770 18.779840 31.000000
0.797076 17.964894 31.000000
0.745000 17.271257 31.000000
0.698282 16.636986 31.000000
0.646473 15.930355 31.000000
0.599570 15.274431 31.000000
0.547812 14.561742 31.000000
0.495843 13.801171 31.000000
0.448783 13.199024 31.000000
0.396966 12.392820 31.000000
0.350405 11.762897 31.000000
0.297973 10.978992 31.000000
0.246456 10.216693 31.000000
0.200077 9.303435 31.000000
0.147995 7.850221 31.000000
0.101313 6.813750 31.000000
0.049152 5.414484 31.000000
0.000000 0.000000 31.000000
-0.048803 -5.448612 31.000000
-0.101014 -6.843681 31.000000
-0.147759 -7.952923 31.000000
-0.199555 -9.100229 31.000000
-0.246417 -10.046391 31.000000
-0.298687 -10.876558 31.000000
-0.350328 -11.712136 31.000000
-0.397035 -12.436062 31.000000
-0.449142 -13.306516 31.000000
-0.495686 -13.966549 31.000000
-0.547564 -14.775438 31.000000
-0.599616 -15.608608 31.000000
-0.646285 -16.298923 31.000000
-0.698425 -16.889745 31.000000
-0.745160 -17.446367 31.000000
-0.797030 -18.102048 31.000000
-0.848997 -18.914379 31.000000
-0.895528 -19.569214 31.000000
-0.947528 -20.132339 31.000000
-0.994648 -20.731305 31.000000
