-0.993959 -20.776787 31.000000
-0.947353 -19.950046 31.000000
-0.895583 -19.071368 31.000000
-0.848990 -18.185203 31.000000
-0.796525 -18.035941 31.040000
-0.744812 -17.354151 31.800000
-0.698309 -16.649475 32.000000
-0.645987 -15.959611 32.000000
-0.599543 -15.308725 32.000000
-0.547395 -14.591105 32.000000
-0.495881 -13.892193 32.000000
-0.448904 -13.246049 32.000000
-0.397025 -12.514765 32.000000
-0.350562 -11.764864 32.000000
-0.298470 -10.970056 32.000000
-0.246568 -10.015535 32.000000
-0.199546 -9.198102 32.000000
-0.147943 -8.154116 32.000000
-0.101116 -7.077815 32.000000
-0.049294 -5.655541 32.000000
0.000000 0.000000 32.000000
0.049228 5.454452 32.000000
0.101026 6.975865 32.000000
0.147913 8.052422 32.000000
0.199854 9.099958 32.000000
0.246436 9.987565 32.000000
0.298543 10.992864 32.000000
0.350039 11.859240 32.000000
0.397019 12.625932 32.000000
0.448933 13.368392 32.000000
0.495366 14.085255 32.000000
0.547679 14.835779 32.000000
0.599567 15.603085 32.000000
0.646286 16.242878 32.000000
0.697991 16.947983 32.000000
0.744824 17.592446 32.000000
0.797025 18.332963 32.000000
0.849107 18.980146 32.000000
0.895895 19.687163 32.000000
0.947361 20.442732 32.000000
0.994745 21.060148 32.000000
