0.994150 20.956396 32.000000
0.947648 20.113706 32.000000
0.895444 19.343168 32.000000
0.848863 18.561965 32.000000
0.796825 17.759052 32.000000
0.744958 17.074065 32.000000
0.698353 16.399731 32.000000
0.646241 15.689842 32.000000
0.599440 15.060341 32.000000
0.547797 14.361412 32.000000
0.495764 13.637971 32.000000
0.448813 13.061546 32.000000
0.396904 12.252296 32.000000
0.350471 11.538931 32.000000
0.298096 10.648362 32.000000
0.246571 9.803133 32.000000
0.199819 8.891983 32.000000
0.147797 7.842648 32.000000
0.101088 6.887529 32.000000
0.049403 5.467654 32.000000
0.000000 0.000000 32.000000
-0.048611 -5.517729 32.000000
-0.100968 -6.910691 32.000000
-0.147829 -7.945728 32.000000
-0.199658 -9.110527 32.000000
-0.246261 -10.043078 32.000000
-0.298677 -10.939202 32.000000
-0.350367 -11.904360 32.000000
-0.396977 -12.591940 32.000000
-0.449096 -13.475742 32.000000
-0.495645 -14.151420 32.000000
-0.547546 -14.844102 32.000000
-0.599606 -15.537005 32.000000
-0.646103 -16.208033 32.000000
-0.698281 -16.906061 32.000000
-0.745021 -17.542705 32.000000
-0.797070 -18.244453 32.000000
-0.848768 -18.924269 32.000000
-0.895534 -19.574284 32.000000
-0.947332 -20.283300 32.000000
-0.994439 -20.782585 32.000000
