serial number: JANUSZ_3_RI80_21414848
torque: 16
start_temp: 34 (35)
finish_temp: 34 (35)
note: asdf
0.000000 0.120691 34.000000 0.000000
0.020010 0.119135 34.000000 0.000000
0.040020 0.116161 34.000000 0.000000
0.060030 0.117083 34.000000 0.000000
0.080041 0.116931 34.000000 0.000000
0.100051 0.117890 34.000140 0.000000
0.120061 0.113011 34.000000 0.000000
0.140071 0.115407 34.000000 0.000000
0.160081 0.120192 34.000000 0.000000
0.180091 0.114506 34.000000 0.000000
0.200101 0.116842 34.000000 0.000000
0.220112 0.115925 34.000000 0.000000
0.240122 0.117134 34.000000 0.000000
0.260132 0.118620 34.000000 0.000000
0.280142 0.118487 34.000000 0.000000
0.300152 0.114127 34.000000 0.000000
0.320162 0.119400 34.000000 0.000000
0.340172 0.117572 34.000000 0.000000
0.360183 0.121096 34.000000 0.000000
0.380193 0.114579 34.000000 0.000000
0.400203 0.118843 34.000000 0.000000
0.420213 0.123050 34.000000 0.000000
0.440223 0.115192 34.000000 0.000000
0.460233 0.118339 34.000000 0.000000
0.480243 0.117466 34.000000 0.000000
0.500254 0.122028 34.000000 0.000000
0.520264 0.121324 34.000000 0.000000
0.540274 0.117604 34.000000 0.000000
0.560284 0.119038 34.000000 0.000000
0.580294 0.117338 34.000000 0.000000
0.600304 0.119201 34.000000 0.000000
0.620314 0.119088 34.000000 0.000000
0.640325 0.118447 34.000000 0.000000
0.660335 0.121073 34.000000 0.000000
0.680345 0.121958 34.000000 0.000000
0.700355 0.117286 34.000000 0.000000
0.720365 0.121330 34.000000 0.000000
0.740375 0.117540 34.000000 0.000000
0.760385 0.121151 34.000000 0.000000
0.780396 0.122683 34.000000 0.000000
0.800406 0.118436 34.000000 0.000000
0.820416 0.119943 34.000000 0.000000
0.840426 0.119208 34.000000 0.000000
0.860436 0.119859 34.000000 0.000000
0.880446 0.121899 34.000000 0.000000
0.900456 0.115698 34.000000 0.000000
0.920467 0.119926 34.000000 0.000000
0.940477 0.118597 34.000000 0.000000
0.960487 0.117200 34.000000 0.000000
0.980497 0.120618 34.000000 0.000000
1.000507 0.115727 34.000000 0.000000
1.020517 0.120083 34.000000 0.000000
1.040528 0.126066 34.000000 0.000000
1.060538 0.117030 34.000000 0.000000
1.080548 0.121344 34.000000 0.000000
1.100558 0.117452 34.000000 0.000000
1.120568 0.122185 34.000000 0.000000
1.140578 0.119733 34.000000 0.000000
1.160588 0.117873 34.000000 0.000000
1.180599 0.121051 34.000000 0.000000
1.200609 0.125219 34.000000 0.000000
1.220619 0.119091 34.000000 0.000000
1.240629 0.119317 34.000000 0.000000
1.260639 0.121642 34.000000 0.000000
1.280649 0.125344 34.000000 0.000000
1.300659 0.123902 34.000000 0.000000
1.320670 0.116593 34.000000 0.000000
1.340680 0.121237 34.000000 0.000000
1.360690 0.121243 34.000000 0.000000
1.380700 0.122818 34.000000 0.000000
1.400710 0.123706 34.000000 0.000000
1.420720 0.118062 34.000000 0.000000
1.440730 0.124904 34.000000 0.000000
1.460741 0.122883 34.000000 0.000000
1.480751 0.121889 34.000000 0.000000
1.500761 0.121904 34.000000 0.000000
1.520771 0.118852 34.000000 0.000000
1.540781 0.120745 34.000000 0.000000
1.560791 0.122089 34.000000 0.000000
1.580801 0.122247 34.000000 0.000000
1.600812 0.120838 34.000000 0.000000
1.620822 0.120601 34.000000 0.000000
1.640832 0.123546 34.000000 0.000000
1.660842 0.122085 34.000000 0.000000
1.680852 0.117444 34.000000 0.000000
1.700862 0.122866 34.000000 0.000000
1.720872 0.122549 34.000000 0.000000
1.740883 0.120577 34.000000 0.000000
1.760893 0.121614 34.000000 0.000000
1.780903 0.120335 34.000000 0.000000
1.800913 0.125429 34.000000 0.000000
1.820923 0.121237 34.000000 0.000000
1.840933 0.115272 34.000000 0.000000
1.860943 0.121177 34.000000 0.000000
1.880954 0.122793 34.000000 0.000000
1.900964 0.123982 34.000000 0.000000
1.920974 0.120583 34.000000 0.000000
1.940984 0.123186 34.000000 0.000000
1.960994 0.123295 34.000000 0.000000
1.981004 0.120049 34.000000 0.000000
2.001014 0.123205 34.000000 0.000000
2.021025 0.124375 34.004615 0.000000
2.041035 0.120347 34.000000 0.000000
2.061045 0.121489 34.000000 0.000000
2.081055 0.121912 34.000000 0.000000
2.101065 0.120190 34.000000 0.000000
2.121075 0.125272 34.000000 0.000000
2.141085 0.120683 34.000000 0.000000
2.161096 0.122804 34.000000 0.000000
2.181106 0.125703 34.000000 0.000000
2.201116 0.121905 34.000000 0.000000
2.221126 0.123819 34.000000 0.000000
2.241136 0.120806 34.000000 0.000000
2.261146 0.124960 34.000000 0.000000
2.281156 0.124683 34.000000 0.000000
2.301167 0.124588 34.000000 0.000000
2.321177 0.123706 34.002096 0.000000
2.341187 0.121484 34.000000 0.000000
2.361197 0.121554 34.000000 0.000000
2.381207 0.125844 34.000000 0.000000
2.401217 0.124973 34.000000 0.000000
2.421227 0.121109 34.000000 0.000000
2.441238 0.123609 34.000000 0.000000
2.461248 0.121789 34.000000 0.000000
2.481258 0.122881 34.000000 0.000000
2.501268 0.123024 34.000000 0.000000
2.521278 0.124580 34.000000 0.000000
2.541288 0.126608 34.000000 0.000000
2.561298 0.121562 34.000000 0.000000
2.581309 0.126490 34.000000 0.000000
2.601319 0.121948 34.000000 0.000000
2.621329 0.123231 34.000000 0.000000
2.641339 0.127549 34.000000 0.000000
2.661349 0.121454 34.000000 0.000000
2.681359 0.123773 34.000000 0.000000
2.701369 0.122927 34.000000 0.000000
2.721380 0.125271 34.000000 0.000000
2.741390 0.125095 34.000000 0.000000
2.761400 0.122560 34.000000 0.000000
2.781410 0.124694 34.000000 0.000000
2.801420 0.126037 34.000000 0.000000
2.821430 0.123051 34.000000 0.000000
2.841440 0.127834 34.000000 0.000000
2.861451 0.128154 34.000000 0.000000
2.881461 0.125578 34.000000 0.000000
2.901471 0.127553 34.000000 0.000000
2.921481 0.121749 34.000000 0.000000
2.941491 0.125594 34.000000 0.000000
2.961501 0.128151 34.000000 0.000000
2.981511 0.123389 34.000000 0.000000
3.001522 0.128854 34.000000 0.000000
3.021532 0.124093 34.000000 0.000000
3.041542 0.125909 34.000000 0.000000
3.061552 0.132486 34.000000 0.000000
3.081562 0.126868 34.000000 0.000000
3.101572 0.126418 34.000000 0.000000
3.121583 0.128221 34.000000 0.000000
3.141593 0.125012 34.000000 0.000000
3.161603 0.127130 34.000000 0.000000
3.181613 0.122032 34.000000 0.000000
3.201623 0.127015 34.000000 0.000000
3.221633 0.130617 34.000000 0.000000
3.241643 0.121311 34.000000 0.000000
3.261654 0.125959 34.000000 0.000000
3.281664 0.123043 34.000000 0.000000
3.301674 0.127885 34.000000 0.000000
3.321684 0.130001 34.000000 0.000000
3.341694 0.122481 34.000000 0.000000
3.361704 0.126831 34.000000 0.000000
3.381714 0.127671 34.000000 0.000000
3.401725 0.127422 34.000000 0.000000
3.421735 0.131320 34.000000 0.000000
3.441745 0.119341 34.000000 0.000000
3.461755 0.128220 34.000000 0.000000
3.481765 0.131985 34.000000 0.000000
3.501775 0.121389 34.000000 0.000000
3.521785 0.129584 34.000000 0.000000
3.541796 0.128000 34.000000 0.000000
3.561806 0.130062 34.000000 0.000000
3.581816 0.132267 34.000000 0.000000
3.601826 0.123728 34.000000 0.000000
3.621836 0.128936 34.000000 0.000000
3.641846 0.130376 34.000000 0.000000
3.661856 0.126775 34.000000 0.000000
3.681867 0.128392 34.000000 0.000000
3.701877 0.124322 34.000000 0.000000
3.721887 0.125969 34.000000 0.000000
3.741897 0.129451 34.000000 0.000000
3.761907 0.121408 34.000000 0.000000
3.781917 0.126567 34.000000 0.000000
3.801927 0.125566 34.000000 0.000000
3.821938 0.127143 34.000000 0.000000
3.841948 0.122388 34.000000 0.000000
3.861958 0.120122 34.000000 0.000000
3.881968 0.125981 34.000000 0.000000
3.901978 0.128216 34.000000 0.000000
3.921988 0.122191 34.000000 0.000000
3.941998 0.127443 34.000000 0.000000
3.962009 0.122521 34.000000 0.000000
3.982019 0.125085 34.000000 0.000000
4.002029 0.127407 34.000000 0.000000
4.022039 0.121406 34.000000 0.000000
4.042049 0.121052 34.000000 0.000000
4.062059 0.127152 34.000000 0.000000
4.082069 0.124451 34.000000 0.000000
4.102080 0.128352 34.000000 0.000000
4.122090 0.121330 34.000000 0.000000
4.142100 0.126800 34.000000 0.000000
4.162110 0.131171 34.000000 0.000000
4.182120 0.122898 34.000000 0.000000
4.202130 0.126245 34.000000 0.000000
4.222140 0.123993 34.000000 0.000000
4.242151 0.125441 34.000000 0.000000
4.262161 0.130293 34.000000 0.000000
4.282171 0.118596 34.000000 0.000000
4.302181 0.126151 34.000000 0.000000
4.322191 0.126431 34.000000 0.000000
4.342201 0.121531 34.000000 0.000000
4.362211 0.124231 34.000000 0.000000
4.382222 0.120757 34.000000 0.000000
4.402232 0.128492 34.000000 0.000000
4.422242 0.123801 34.000000 0.000000
4.442252 0.118287 34.000000 0.000000
4.462262 0.120173 34.000000 0.000000
4.482272 0.122656 34.000000 0.000000
4.502282 0.123255 34.000000 0.000000
4.522293 0.127144 34.000000 0.000000
4.542303 0.119904 34.000000 0.000000
4.562313 0.124501 34.000000 0.000000
4.582323 0.125836 34.000000 0.000000
4.602333 0.122283 34.000000 0.000000
4.622343 0.109894 34.000000 0.000000
4.642353 0.113676 34.000000 0.000000
4.662364 0.121547 34.000000 0.000000
4.682374 0.124319 34.000000 0.000000
4.702384 0.116828 34.000000 0.000000
4.722394 0.123550 34.000000 0.000000
4.742404 0.120297 34.000000 0.000000
4.762414 0.120387 34.000000 0.000000
4.782424 0.123725 34.000000 0.000000
4.802435 0.117959 34.000000 0.000000
4.822445 0.122408 34.000000 0.000000
4.842455 0.121231 34.000000 0.000000
4.862465 0.119313 34.000000 0.000000
4.882475 0.122959 34.000000 0.000000
4.902485 0.115850 34.000000 0.000000
4.922495 0.118993 34.000000 0.000000
4.942506 0.122961 34.000000 0.000000
4.962516 0.116602 34.000000 0.000000
4.982526 0.121995 34.000000 0.000000
5.002536 0.119491 34.000000 0.000000
5.022546 0.119229 34.000000 0.000000
5.042556 0.123821 34.000000 0.000000
5.062567 0.116378 34.000000 0.000000
5.082577 0.123364 34.000000 0.000000
5.102587 0.122052 34.000000 0.000000
5.122597 0.117688 34.000000 0.000000
5.142607 0.121953 34.000000 0.000000
5.162617 0.117911 34.000000 0.000000
5.182627 0.119555 34.000000 0.000000
5.202638 0.120158 34.000000 0.000000
5.222648 0.117665 34.000000 0.000000
5.242658 0.120453 34.000000 0.000000
5.262668 0.122200 34.000369 0.000000
5.282678 0.118526 34.000000 0.000000
5.302688 0.123277 34.000000 0.000000
5.322698 0.118517 34.000000 0.000000
5.342709 0.121932 34.000000 0.000000
5.362719 0.121706 34.000000 0.000000
5.382729 0.117503 34.000000 0.000000
5.402739 0.122952 34.000000 0.000000
5.422749 0.120188 34.000000 0.000000
5.442759 0.119738 34.000000 0.000000
5.462769 0.122546 34.000000 0.000000
5.482780 0.116444 34.000000 0.000000
5.502790 0.122361 34.000000 0.000000
5.522800 0.119246 34.000000 0.000000
5.542810 0.117870 34.000000 0.000000
5.562820 0.121139 34.000000 0.000000
5.582830 0.117669 34.000000 0.000000
5.602840 0.118915 34.000000 0.000000
5.622851 0.118269 34.000000 0.000000
5.642861 0.115737 34.000000 0.000000
5.662871 0.122507 34.000000 0.000000
5.682881 0.118552 34.000000 0.000000
5.702891 0.118944 34.000000 0.000000
5.722901 0.117266 34.000000 0.000000
5.742911 0.117985 34.000000 0.000000
5.762922 0.121298 34.000212 0.000000
5.782932 0.118748 34.000000 0.000000
5.802942 0.117063 34.000000 0.000000
5.822952 0.119000 34.000000 0.000000
5.842962 0.117914 34.000000 0.000000
5.862972 0.118088 34.000000 0.000000
5.882982 0.115769 34.000000 0.000000
5.902993 0.114521 34.000000 0.000000
5.923003 0.119107 34.000000 0.000000
5.943013 0.115433 34.000000 0.000000
5.963023 0.118208 34.000000 0.000000
5.983033 0.115275 34.000000 0.000000
6.003043 0.115326 34.000000 0.000000
6.023053 0.119548 34.000000 0.000000
6.043064 0.115419 34.000000 0.000000
6.063074 0.116493 34.000000 0.000000
6.083084 0.118925 34.000000 0.000000
6.103094 0.116033 34.000000 0.000000
6.123104 0.119499 34.000000 0.000000
6.143114 0.116654 34.000000 0.000000
6.163124 0.113084 34.000000 0.000000
6.183135 0.120064 34.000000 0.000000
6.203145 0.114303 34.000000 0.000000
6.223155 0.116080 34.000000 0.000000
6.243165 0.116492 34.000000 0.000000
6.263175 0.116531 34.000000 0.000000
