serial number: JANUSZ_3_RI80_21414848
torque: 16
start_temp: 27 (28)
finish_temp: 27 (28)
note: asdf
0.000000 0.069333 27.000000 0.000000
0.020010 0.069457 27.000000 0.000000
0.040020 0.066030 27.000000 0.000000
0.060030 0.064735 27.000000 0.000000
0.080041 0.068446 27.000000 0.000000
0.100051 0.066507 27.000000 0.000000
0.120061 0.064901 27.000000 0.000000
0.140071 0.065604 27.000000 0.000000
0.160081 0.064830 27.000000 0.000000
0.180091 0.066720 27.000000 0.000000
0.200101 0.066422 27.000000 0.000000
0.220112 0.063006 27.000000 0.000000
0.240122 0.063345 27.000000 0.000000
0.260132 0.065183 27.000000 0.000000
0.280142 0.066903 27.000000 0.000000
0.300152 0.064002 27.000000 0.000000
0.320162 0.065280 27.000000 0.000000
0.340172 0.069702 27.000000 0.000000
0.360183 0.071349 27.000000 0.000000
0.380193 0.061093 27.000000 0.000000
0.400203 0.066222 27.000000 0.000000
0.420213 0.068546 27.000000 0.000000
0.440223 0.066892 27.000000 0.000000
0.460233 0.068890 27.000000 0.000000
0.480243 0.062358 27.000000 0.000000
0.500254 0.066334 27.000000 0.000000
0.520264 0.069107 27.000000 0.000000
0.540274 0.066627 27.000000 0.000000
0.560284 0.066777 27.000000 0.000000
0.580294 0.063046 27.000000 0.000000
0.600304 0.066928 27.000000 0.000000
0.620314 0.067699 27.000000 0.000000
0.640325 0.062315 27.000000 0.000000
0.660335 0.065413 27.000000 0.000000
0.680345 0.066572 27.000000 0.000000
0.700355 0.066146 27.000000 0.000000
0.720365 0.067899 27.000000 0.000000
0.740375 0.062196 27.000000 0.000000
0.760385 0.067724 27.000000 0.000000
0.780396 0.068642 27.000000 0.000000
0.800406 0.067947 27.000000 0.000000
0.820416 0.065725 27.000000 0.000000
0.840426 0.063064 27.000000 0.000000
0.860436 0.069101 27.000000 0.000000
0.880446 0.071302 27.000000 0.000000
0.900456 0.061158 27.000000 0.000000
0.920467 0.068870 27.000000 0.000000
0.940477 0.064097 27.000000 0.000000
0.960487 0.067519 27.000000 0.000000
0.980497 0.066607 27.000000 0.000000
1.000507 0.061402 27.000000 0.000000
1.020517 0.070168 27.000000 0.000000
1.040528 0.072527 27.000000 0.000000
1.060538 0.067351 27.000000 0.000000
1.080548 0.068406 27.000000 0.000000
1.100558 0.065836 27.000000 0.000000
1.120568 0.071383 27.000000 0.000000
1.140578 0.068602 27.000000 0.000000
1.160588 0.066761 27.000000 0.000000
1.180599 0.068612 27.000000 0.000000
1.200609 0.073571 27.000000 0.000000
1.220619 0.069239 27.000000 0.000000
1.240629 0.069186 27.000000 0.000000
1.260639 0.067489 27.000000 0.000000
1.280649 0.072142 27.000000 0.000000
1.300659 0.068565 27.000000 0.000000
1.320670 0.064240 27.000000 0.000000
1.340680 0.066367 27.000000 0.000000
1.360690 0.067188 27.000000 0.000000
1.380700 0.070694 27.000000 0.000000
1.400710 0.067807 27.000000 0.000000
1.420720 0.060985 27.000000 0.000000
1.440730 0.069808 27.000000 0.000000
1.460741 0.068300 27.000000 0.000000
1.480751 0.070397 27.000000 0.000000
1.500761 0.064920 27.000000 0.000000
1.520771 0.063119 27.000000 0.000000
1.540781 0.067153 27.000000 0.000000
1.560791 0.070104 27.000000 0.000000
1.580801 0.069334 27.000000 0.000000
1.600812 0.067363 27.000000 0.000000
1.620822 0.068346 27.000000 0.000000
1.640832 0.070214 27.000000 0.000000
1.660842 0.066653 27.000000 0.000000
1.680852 0.066260 27.000000 0.000000
1.700862 0.070684 27.000000 0.000000
1.720872 0.066794 27.000000 0.000000
1.740883 0.067632 27.000000 0.000000
1.760893 0.069198 27.000000 0.000000
1.780903 0.068497 27.000000 0.000000
1.800913 0.072546 27.000000 0.000000
1.820923 0.064814 27.000000 0.000000
1.840933 0.064739 27.000000 0.000000
1.860943 0.065948 27.000000 0.000000
1.880954 0.067878 27.000000 0.000000
1.900964 0.069743 27.000000 0.000000
1.920974 0.066706 27.000000 0.000000
1.940984 0.068100 27.000000 0.000000
1.960994 0.069689 27.000000 0.000000
1.981004 0.066968 27.000000 0.000000
2.001014 0.069737 27.000000 0.000000
2.021025 0.069176 27.000000 0.000000
2.041035 0.067163 27.000000 0.000000
2.061045 0.069182 27.000000 0.000000
2.081055 0.068040 27.000000 0.000000
2.101065 0.066997 27.000000 0.000000
2.121075 0.071800 27.000000 0.000000
2.141085 0.067094 27.000000 0.000000
2.161096 0.070232 27.000000 0.000000
2.181106 0.069733 27.000000 0.000000
2.201116 0.066376 27.000000 0.000000
2.221126 0.069755 27.000000 0.000000
2.241136 0.065765 27.000000 0.000000
2.261146 0.069512 27.000000 0.000000
2.281156 0.068404 27.000000 0.000000
2.301167 0.067579 27.000000 0.000000
2.321177 0.069459 27.000000 0.000000
2.341187 0.068147 27.000000 0.000000
2.361197 0.067391 27.000000 0.000000
2.381207 0.070541 27.000000 0.000000
2.401217 0.068380 27.000000 0.000000
2.421227 0.067542 27.000000 0.000000
2.441238 0.067566 27.000000 0.000000
2.461248 0.070181 27.000000 0.000000
2.481258 0.069097 27.000000 0.000000
2.501268 0.067886 27.000000 0.000000
2.521278 0.070106 27.000000 0.000000
2.541288 0.071784 27.000000 0.000000
2.561298 0.067638 27.000000 0.000000
2.581309 0.070537 27.000000 0.000000
2.601319 0.067401 27.000000 0.000000
2.621329 0.067288 27.000000 0.000000
2.641339 0.068029 27.000000 0.000000
2.661349 0.065324 27.000000 0.000000
2.681359 0.068824 27.000000 0.000000
2.701369 0.066755 27.000000 0.000000
2.721380 0.069221 27.000000 0.000000
2.741390 0.068708 27.000000 0.000000
2.761400 0.065792 27.000000 0.000000
2.781410 0.068887 27.000000 0.000000
2.801420 0.067954 27.000000 0.000000
2.821430 0.066043 27.000000 0.000000
2.841440 0.069920 27.000000 0.000000
2.861451 0.068051 27.000000 0.000000
2.881461 0.070890 27.000000 0.000000
2.901471 0.072929 27.000000 0.000000
2.921481 0.065840 27.000000 0.000000
2.941491 0.069372 27.000000 0.000000
2.961501 0.067461 27.000000 0.000000
2.981511 0.069887 27.000000 0.000000
3.001522 0.070490 27.000000 0.000000
3.021532 0.063895 27.000000 0.000000
3.041542 0.068760 27.000000 0.000000
3.061552 0.070004 27.000000 0.000000
3.081562 0.068103 27.000000 0.000000
3.101572 0.066781 27.000000 0.000000
3.121583 0.057105 27.000000 0.000000
3.141593 0.067084 27.000000 0.000000
3.161603 0.070787 27.000000 0.000000
3.181613 0.065161 27.000000 0.000000
3.201623 0.069324 27.000000 0.000000
3.221633 0.069731 27.000000 0.000000
3.241643 0.068608 27.000000 0.000000
3.261654 0.071961 27.000000 0.000000
3.281664 0.065223 27.000000 0.000000
3.301674 0.070701 27.000000 0.000000
3.321684 0.073035 27.000000 0.000000
3.341694 0.065754 27.000000 0.000000
3.361704 0.070613 27.000000 0.000000
3.381714 0.067736 27.000000 0.000000
3.401725 0.071482 27.000000 0.000000
3.421735 0.074242 27.000000 0.000000
3.441745 0.063194 27.000000 0.000000
3.461755 0.070152 27.000000 0.000000
3.481765 0.070159 27.000000 0.000000
3.501775 0.066156 27.000000 0.000000
3.521785 0.070414 27.000000 0.000000
3.541796 0.064506 27.000000 0.000000
3.561806 0.071188 27.000000 0.000000
3.581816 0.072601 27.000000 0.000000
3.601826 0.065927 27.000000 0.000000
3.621836 0.070169 27.000000 0.000000
3.641846 0.067113 27.000000 0.000000
3.661856 0.070489 27.000000 0.000000
3.681867 0.071293 27.000000 0.000000
3.701877 0.063119 27.000000 0.000000
3.721887 0.070279 27.000000 0.000000
3.741897 0.070916 27.000000 0.000000
3.761907 0.066209 27.000000 0.000000
3.781917 0.067862 27.000000 0.000000
3.801927 0.064854 27.000000 0.000000
3.821938 0.069708 27.000000 0.000000
3.841948 0.070721 27.000000 0.000000
3.861958 0.063742 27.000000 0.000000
3.881968 0.069463 27.000000 0.000000
3.901978 0.067308 27.000000 0.000000
3.921988 0.068024 27.000000 0.000000
3.941998 0.069152 27.000000 0.000000
3.962009 0.061117 27.000000 0.000000
3.982019 0.069570 27.000000 0.000000
4.002029 0.072411 27.000000 0.000000
4.022039 0.066081 27.000000 0.000000
4.042049 0.067288 27.000000 0.000000
4.062059 0.067613 27.000000 0.000000
4.082069 0.069912 27.000000 0.000000
4.102080 0.069494 27.000000 0.000000
4.122090 0.060679 27.000000 0.000000
4.142100 0.068602 27.000000 0.000000
4.162110 0.070664 27.000000 0.000000
4.182120 0.067334 27.000000 0.000000
4.202130 0.069162 27.000000 0.000000
4.222140 0.064755 27.000000 0.000000
4.242151 0.069953 27.000000 0.000000
4.262161 0.073772 27.000000 0.000000
4.282171 0.062881 27.000000 0.000000
4.302181 0.069473 27.000000 0.000000
4.322191 0.067308 27.000000 0.000000
4.342201 0.067791 27.000000 0.000000
4.362211 0.069036 27.000000 0.000000
4.382222 0.059651 27.000000 0.000000
4.402232 0.069719 27.000000 0.000000
4.422242 0.067159 27.000000 0.000000
4.442252 0.065063 27.000000 0.000000
4.462262 0.067570 27.000000 0.000000
4.482272 0.064813 27.000000 0.000000
4.502282 0.068555 27.000000 0.000000
4.522293 0.070523 27.000000 0.000000
4.542303 0.064086 27.000000 0.000000
4.562313 0.068465 27.000000 0.000000
4.582323 0.066903 27.000000 0.000000
4.602333 0.066106 27.000000 0.000000
4.622343 0.069316 27.000000 0.000000
4.642353 0.066409 27.000000 0.000000
4.662364 0.069297 27.000000 0.000000
4.682374 0.069717 27.000000 0.000000
4.702384 0.063940 27.000000 0.000000
4.722394 0.069206 27.000000 0.000000
4.742404 0.064549 27.000000 0.000000
4.762414 0.068133 27.000000 0.000000
4.782424 0.066720 27.000000 0.000000
4.802435 0.063911 27.000000 0.000000
4.822445 0.068081 27.000000 0.000000
4.842455 0.069040 27.000000 0.000000
4.862465 0.069690 27.000000 0.000000
4.882475 0.066052 27.000000 0.000000
4.902485 0.062815 27.000000 0.000000
4.922495 0.066336 27.000000 0.000000
4.942506 0.070698 27.000000 0.000000
4.962516 0.066518 27.000000 0.000000
4.982526 0.068949 27.000000 0.000000
5.002536 0.066897 27.000000 0.000000
5.022546 0.067024 27.000000 0.000000
5.042556 0.068689 27.000000 0.000000
5.062567 0.063411 27.000000 0.000000
5.082577 0.070070 27.000000 0.000000
5.102587 0.067404 27.000000 0.000000
5.122597 0.066364 27.000000 0.000000
5.142607 0.067255 27.000000 0.000000
5.162617 0.064811 27.000000 0.000000
5.182627 0.068566 27.000000 0.000000
5.202638 0.067201 27.000000 0.000000
5.222648 0.065851 27.000000 0.000000
5.242658 0.066388 27.000000 0.000000
5.262668 0.070519 27.000000 0.000000
5.282678 0.067997 27.000000 0.000000
5.302688 0.069592 27.000000 0.000000
5.322698 0.064277 27.000000 0.000000
5.342709 0.068750 27.000000 0.000000
5.362719 0.068195 27.000000 0.000000
5.382729 0.066009 27.000000 0.000000
5.402739 0.070163 27.000000 0.000000
5.422749 0.064365 27.000000 0.000000
5.442759 0.065359 27.000000 0.000000
5.462769 0.067323 27.000000 0.000000
5.482780 0.061249 27.000000 0.000000
5.502790 0.069217 27.000000 0.000000
5.522800 0.068205 27.000000 0.000000
5.542810 0.067488 27.000000 0.000000
5.562820 0.063073 27.000000 0.000000
5.582830 0.065865 27.000000 0.000000
5.602840 0.067362 27.000000 0.000000
5.622851 0.067667 27.000000 0.000000
5.642861 0.066001 27.000000 0.000000
5.662871 0.066315 27.000000 0.000000
5.682881 0.063622 27.000000 0.000000
5.702891 0.066280 27.000000 0.000000
5.722901 0.063535 27.000000 0.000000
5.742911 0.066315 27.000000 0.000000
5.762922 0.067270 27.000000 0.000000
5.782932 0.066132 27.000000 0.000000
5.802942 0.067242 27.000000 0.000000
5.822952 0.065790 27.000000 0.000000
5.842962 0.068676 27.000000 0.000000
5.862972 0.064827 27.000000 0.000000
5.882982 0.065323 27.000000 0.000000
5.902993 0.064780 27.000000 0.000000
5.923003 0.066179 27.000000 0.000000
5.943013 0.066775 27.000000 0.000000
5.963023 0.067150 27.000000 0.000000
5.983033 0.062409 27.000000 0.000000
6.003043 0.063536 27.000000 0.000000
6.023053 0.067841 27.000000 0.000000
6.043064 0.065496 27.000000 0.000000
6.063074 0.065413 27.000000 0.000000
6.083084 0.063445 27.000000 0.000000
6.103094 0.066663 27.000000 0.000000
6.123104 0.069237 27.000000 0.000000
6.143114 0.063232 27.000000 0.000000
6.163124 0.061992 27.000000 0.000000
6.183135 0.070148 27.000000 0.000000
6.203145 0.067091 27.000000 0.000000
6.223155 0.066858 27.000000 0.000000
6.243165 0.063220 27.000000 0.000000
6.263175 0.064209 27.000000 0.000000
