serial number: JANUSZ_6_RI70_21209065
torque: 8.0
start_temp: 30 (34)
finish_temp: 30 (33)
note: Joint 3, Janusz 6
0.000000 0.132389
0.021014 0.133234
0.042028 0.121641
0.063042 0.132690
0.084056 0.124466
0.105070 0.123169
0.126084 0.129053
0.147098 0.118569
0.168112 0.130598
0.189126 0.123356
0.210140 0.123686
0.231154 0.109725
0.252168 0.114979
0.273182 0.130853
0.294196 0.122725
0.315210 0.123779
0.336224 0.129482
0.357238 0.119683
0.378252 0.133701
0.399266 0.124209
0.420280 0.125674
0.441294 0.130050
0.462308 0.122383
0.483322 0.136204
0.504336 0.126224
0.525350 0.126112
0.546364 0.130226
0.567378 0.120710
0.588392 0.133698
0.609406 0.123737
0.630420 0.126012
0.651434 0.128233
0.672448 0.120195
0.693462 0.133476
0.714476 0.123119
0.735490 0.128690
0.756504 0.126966
0.777518 0.120891
0.798532 0.131886
0.819546 0.121720
0.840560 0.128121
0.861574 0.126625
0.882588 0.121816
0.903602 0.132560
0.924616 0.120274
0.945630 0.129770
0.966644 0.127170
0.987658 0.121426
1.008672 0.133180
1.029686 0.120794
1.050700 0.128155
1.071714 0.124235
1.092728 0.121030
1.113742 0.130038
1.134756 0.118351
1.155770 0.130238
1.176784 0.124499
1.197798 0.122643
1.218812 0.130017
1.239826 0.118568
1.260840 0.131869
1.281854 0.125450
1.302868 0.124959
1.323882 0.130170
1.344896 0.119288
1.365910 0.134134
1.386924 0.123664
1.407938 0.124894
1.428952 0.130774
1.449966 0.117319
1.470980 0.132157
1.491994 0.123580
1.513008 0.126245
1.534022 0.129136
1.555036 0.119095
1.576050 0.133830
1.597064 0.124227
1.618078 0.128894
1.639092 0.130623
1.660106 0.117898
1.681120 0.132475
1.702134 0.122635
1.723148 0.128648
1.744162 0.130518
1.765176 0.118342
1.786190 0.134164
1.807204 0.123398
1.828218 0.129880
1.849232 0.129086
1.870246 0.120659
1.891260 0.132147
1.912274 0.122089
1.933288 0.130200
1.954302 0.127571
1.975316 0.118329
1.996330 0.131073
2.017344 0.119848
2.038358 0.129073
2.059372 0.126533
2.080386 0.120718
2.101400 0.128605
2.122414 0.117861
2.143428 0.130537
2.164442 0.126917
2.185456 0.122375
2.206470 0.129345
2.227484 0.118140
2.248498 0.131696
2.269512 0.127466
2.290526 0.120956
2.311540 0.130157
2.332554 0.118683
2.353568 0.128847
2.374582 0.127280
2.395596 0.124235
2.416610 0.131364
2.437624 0.120527
2.458638 0.133118
2.479652 0.129631
2.500666 0.126147
2.521680 0.130768
2.542694 0.120854
2.563708 0.131489
2.584722 0.127508
2.605736 0.127740
2.626750 0.131729
2.647764 0.122972
2.668778 0.131040
2.689792 0.128353
2.710806 0.130256
2.731820 0.131408
2.752834 0.125958
2.773848 0.129739
2.794862 0.126427
2.815876 0.131189
2.836890 0.130609
2.857904 0.123802
2.878918 0.130124
2.899932 0.127694
2.920946 0.130070
2.941960 0.127674
2.962974 0.126866
2.983988 0.130244
3.005002 0.124646
3.026016 0.128816
3.047030 0.128360
3.068044 0.129069
3.089058 0.131417
3.110072 0.126463
3.131086 0.130440
3.152100 0.128649
3.173114 0.131182
3.194128 0.131809
3.215142 0.127533
3.236156 0.134593
3.257170 0.128182
3.278184 0.130160
3.299198 0.129316
3.320212 0.125476
3.341226 0.132849
3.362240 0.127289
3.383254 0.130679
3.404268 0.130170
3.425282 0.126308
3.446296 0.129966
3.467310 0.124190
3.488324 0.128869
3.509338 0.127544
3.530352 0.125779
3.551366 0.130391
3.572380 0.127450
3.593394 0.129401
3.614408 0.124558
3.635422 0.122690
3.656436 0.126823
3.677450 0.123351
3.698464 0.130634
3.719478 0.125234
3.740492 0.122669
3.761506 0.126521
3.782520 0.123792
3.803534 0.129675
3.824548 0.124495
3.845562 0.127616
3.866576 0.129797
3.887590 0.125980
3.908604 0.132060
3.929618 0.125780
3.950632 0.128828
3.971646 0.126926
3.992660 0.126145
4.013674 0.133716
4.034688 0.124055
4.055702 0.129758
4.076716 0.129310
4.097730 0.123854
4.118744 0.130714
4.139758 0.123457
4.160772 0.126282
4.181786 0.124448
4.202800 0.123867
4.223814 0.129710
4.244828 0.124394
4.265842 0.130558
4.286856 0.125765
4.307870 0.124087
4.328884 0.128134
4.349898 0.123769
4.370912 0.129058
4.391926 0.124337
4.412940 0.123549
4.433954 0.126730
4.454968 0.123846
4.475982 0.130070
4.496996 0.127511
4.518010 0.128981
4.539023 0.129908
4.560037 0.122970
4.581051 0.133918
4.602065 0.128212
4.623079 0.130860
4.644093 0.129073
4.665107 0.123422
4.686121 0.134309
4.707135 0.127360
4.728149 0.130995
4.749163 0.128280
4.770177 0.124422
4.791191 0.134340
4.812205 0.126836
4.833219 0.132055
4.854233 0.126693
4.875247 0.123048
4.896261 0.131236
4.917275 0.121684
4.938289 0.131264
4.959303 0.127697
4.980317 0.121935
5.001331 0.130261
5.022345 0.120350
5.043359 0.128007
5.064373 0.125460
5.085387 0.124231
5.106401 0.135084
5.127415 0.123235
5.148429 0.132447
5.169443 0.126342
5.190457 0.124123
5.211471 0.133023
5.232485 0.123271
5.253499 0.133173
5.274513 0.126245
5.295527 0.125493
5.316541 0.133733
5.337555 0.122190
5.358569 0.134984
5.379583 0.127006
5.400597 0.125980
5.421611 0.131466
5.442625 0.122704
5.463639 0.134643
5.484653 0.124239
5.505667 0.125815
5.526681 0.128996
5.547695 0.121223
5.568709 0.132624
5.589723 0.124456
5.610737 0.127543
5.631751 0.129360
5.652765 0.123495
5.673779 0.134870
5.694793 0.123421
5.715807 0.126438
5.736821 0.126526
5.757835 0.120196
5.778849 0.134671
5.799863 0.123530
5.820877 0.128661
5.841891 0.129586
5.862905 0.123145
5.883919 0.138634
5.904933 0.126617
5.925947 0.129766
5.946961 0.128226
5.967975 0.122652
5.988989 0.137414
6.010003 0.125152
6.031017 0.130533
6.052031 0.128524
6.073045 0.121752
6.094059 0.136674
6.115073 0.123935
6.136087 0.129145
6.157101 0.127260
6.178115 0.122478
6.199129 0.136219
6.220143 0.121700
6.241157 0.132420
6.262171 0.126639
6.283185 0.121871
