-0.994656 -29.376510 30.000000
-0.946683 -28.823778 30.000000
-0.895172 -28.188562 30.000000
-0.848827 -27.423837 30.000000
-0.797210 -26.448427 30.000000
-0.744976 -25.619246 30.000000
-0.698279 -24.808910 30.000000
-0.646367 -23.831566 30.000000
-0.599311 -22.995279 30.000000
-0.547396 -22.076457 30.000000
-0.495725 -21.145080 30.000000
-0.448887 -20.236724 30.000000
-0.397112 -19.050732 30.000000
-0.350742 -18.022316 30.000000
-0.298544 -16.883159 30.000000
-0.247175 -15.598576 30.000000
-0.200019 -14.258810 30.000000
-0.148171 -12.946090 30.000000
-0.101676 -11.442638 30.000000
-0.049678 -9.662989 30.000000
0.000000 0.000000 30.000000
0.048778 9.586633 30.000000
0.100939 11.265716 30.000000
0.147706 12.329909 30.000000
0.199832 13.613032 30.000000
0.246274 14.780531 30.000000
0.298032 16.020944 30.000000
0.350070 17.158700 30.000000
0.397075 18.100965 30.000000
0.448856 19.283841 30.000000
0.495775 20.326904 30.000000
0.548050 21.229871 30.000000
0.599796 22.080923 30.000000
0.646666 22.870599 30.000000
0.698195 23.764834 30.000000
0.744867 24.365123 30.000000
0.797230 25.151408 30.000000
0.848685 25.855232 30.000000
0.895892 26.637387 30.200000
0.948065 27.060158 30.920000
0.993727 27.704061 31.000000
