0.994437 27.905322 30.920000
0.947207 27.060175 31.000000
0.895123 26.379741 31.000000
0.849036 25.778481 31.000000
0.796823 24.921960 31.000000
0.744306 24.241812 31.000000
0.698442 23.537400 31.000000
0.646645 22.574699 31.000000
0.599866 21.841345 31.000000
0.548013 20.946091 31.000000
0.495905 20.042257 31.000000
0.449077 19.110938 31.000000
0.397128 18.075801 31.000000
0.350304 17.142541 31.000000
0.298382 16.062434 31.000000
0.246690 14.849979 31.000000
0.199973 13.685620 31.000000
0.147990 12.348130 31.000000
0.101831 10.957267 31.000000
0.050013 9.272880 31.000000
0.000000 0.000000 31.000000
-0.048432 -9.191412 31.000000
-0.101093 -10.713064 31.000000
-0.147540 -11.667143 31.000000
-0.199220 -13.046748 31.000000
-0.246286 -14.227979 31.000000
-0.298517 -15.295518 31.000000
-0.350232 -16.455099 31.000000
-0.396926 -17.368064 31.000000
-0.448927 -18.404949 31.000000
-0.495353 -19.246460 31.000000
-0.547219 -20.132990 31.000000
-0.599390 -20.958973 31.000000
-0.645864 -21.651804 31.000000
-0.697965 -22.526131 31.000000
-0.744781 -23.177578 31.000000
-0.797264 -23.840702 31.000000
-0.848908 -24.596243 31.000000
-0.895575 -25.146548 31.000000
-0.946851 -25.801232 31.000000
-0.992961 -26.984501 31.000000
