-0.994862 -26.938600 31.000000
-0.947831 -26.193040 31.000000
-0.895871 -25.402619 31.000000
-0.848285 -24.919665 31.000000
-0.797671 -24.044716 31.120000
-0.745104 -23.193357 31.640000
-0.697466 -22.690060 32.000000
-0.646120 -21.956040 32.000000
-0.599230 -21.160978 32.000000
-0.547855 -20.278834 32.000000
-0.496268 -18.916062 32.000000
-0.449370 -17.718155 32.000000
-0.397162 -16.646879 32.000000
-0.350814 -15.659614 32.000000
-0.298468 -14.625786 32.000000
-0.246808 -13.510015 32.000000
-0.199893 -12.407238 32.000000
-0.147854 -11.208695 32.000000
-0.101387 -9.965137 32.000000
-0.049285 -8.431957 32.000000
0.000000 0.000000 32.000000
0.049319 8.239702 32.000000
0.100395 9.812209 32.000000
0.147431 11.012257 32.000000
0.199517 12.233939 32.000000
0.246240 13.396267 32.000000
0.297990 14.502458 32.000000
0.350063 15.577669 32.000000
0.397004 16.492209 32.000000
0.448798 17.511469 32.000000
0.495486 18.410113 32.000000
0.547660 19.308888 32.000000
0.599709 20.157234 32.000000
0.646305 20.851040 32.000000
0.698203 21.680981 32.000000
0.744660 22.300594 32.000000
0.796913 23.013642 32.000000
0.848718 23.680584 32.000000
0.895569 24.162182 32.000000
0.947262 24.781118 32.000000
0.994412 25.268354 32.000000
