0.994477 25.196479 32.000000
0.947371 24.588397 32.000000
0.895635 23.879416 32.000000
0.848752 23.269651 32.000000
0.796795 22.616325 32.000000
0.745010 21.900429 32.000000
0.698040 21.246799 32.000000
0.646536 20.418367 32.000000
0.599644 19.675247 32.000000
0.547708 18.865637 32.000000
0.495875 18.080007 32.000000
0.449182 17.250590 32.000000
0.397056 16.227199 32.000000
0.350386 15.375286 32.000000
0.298567 14.357739 32.000000
0.246525 13.257106 32.000000
0.199898 12.146903 32.000000
0.148016 10.952011 32.000000
0.101525 9.731867 32.000000
0.049889 8.335185 32.000000
0.000000 0.000000 32.000000
-0.049954 -8.315117 32.000000
-0.100557 -9.639954 32.000000
-0.147636 -10.790153 32.000000
-0.199423 -12.014988 32.000000
-0.246043 -13.207578 32.000000
-0.298415 -14.213122 32.000000
-0.350045 -15.244237 32.000000
-0.396859 -16.165628 32.000000
-0.448917 -17.128464 32.000000
-0.495409 -18.002909 32.000000
-0.547091 -18.868510 32.000000
-0.598950 -19.656162 32.000000
-0.645833 -20.446339 32.000000
-0.697944 -21.241335 32.000000
-0.744881 -21.911118 32.000000
-0.796668 -22.493846 32.000000
-0.848881 -23.283587 32.000000
-0.895644 -23.698074 32.000000
-0.947674 -24.211766 32.760000
-0.993975 -24.753970 32.840000
