-0.994059 -24.728037 32.960000
-0.947643 -24.125264 33.000000
-0.894864 -23.528187 33.000000
-0.848825 -22.938409 33.000000
-0.796760 -22.248680 33.000000
-0.745025 -21.495892 33.000000
-0.698111 -20.874206 33.000000
-0.646039 -20.093149 33.000000
-0.599277 -19.406626 33.000000
-0.547459 -18.562561 33.000000
-0.495755 -17.770540 33.000000
-0.449016 -16.987067 33.000000
-0.397027 -16.012284 33.000000
-0.350699 -15.126001 33.000000
-0.298423 -14.177273 33.000000
-0.246937 -13.098181 33.000000
-0.199684 -12.026027 33.000000
-0.148331 -10.858102 33.000000
-0.101495 -9.656897 33.000000
-0.049970 -8.192534 33.000000
0.000000 0.000000 33.000000
0.049436 8.210084 33.000000
0.100250 9.583217 33.000000
0.147678 10.715619 33.000000
0.199451 11.896310 33.000000
0.246084 12.981663 33.000000
0.297991 14.064769 33.000000
0.350067 15.086064 33.000000
0.396922 15.978839 33.000000
0.448987 16.924137 33.000000
0.495567 17.801886 33.000000
0.547510 18.615138 33.000000
0.599652 19.471681 33.000000
0.646240 20.115961 33.000000
0.698201 20.890421 33.000000
0.744714 21.561792 33.000000
0.796697 22.156284 33.000000
0.848651 22.789089 33.000000
0.895717 23.328301 33.000000
0.947235 23.849337 33.000000
0.994123 24.312327 33.000000
