0.994262 24.111886 33.000000
0.947350 23.613420 33.000000
0.895740 22.885464 33.000000
0.848468 22.356393 33.000000
0.796846 21.682643 33.000000
0.744597 20.991505 33.000000
0.698099 20.368820 33.000000
0.646383 19.620222 33.000000
0.599598 18.960220 33.000000
0.547931 18.147296 33.000000
0.496096 17.374974 33.000000
0.449246 16.587126 33.000000
0.397140 15.683280 33.000000
0.350459 14.811511 33.080000
0.298521 13.903699 33.360000
0.246708 12.838195 33.320000
0.199862 11.839519 33.440000
0.148064 10.676707 33.440000
0.101589 9.523824 33.720000
0.049946 8.159595 33.280000
0.000000 0.000000 33.080000
-0.050062 -8.189689 33.000000
-0.100480 -9.509709 33.000000
-0.147679 -10.674437 33.000000
-0.199422 -11.735881 33.000000
-0.246191 -12.873398 33.000000
-0.298540 -13.861763 33.000000
-0.350088 -14.805850 33.000000
-0.396832 -15.642940 33.000000
-0.448861 -16.572479 33.000000
-0.495221 -17.397961 33.000000
-0.547325 -18.183904 33.000000
-0.599165 -19.020290 33.000000
-0.646035 -19.694114 33.000000
-0.697960 -20.492858 33.000000
-0.744902 -21.121440 33.000000
-0.796707 -21.682027 33.160000
-0.848923 -22.424405 33.560000
-0.895773 -22.914518 33.920000
-0.947846 -23.318673 33.960000
-0.994801 -23.712455 34.000000
