serial number: JANUSZ_2_RI80_21414848
torque: 16
start_temp: 35 (37)
finish_temp: 36 (37)
note: CX80 litowy , po lekkim rozgrzaniu
0.000000 0.366510 35.642553 9068.670213
0.020010 0.364275 35.628571 9182.396825
0.040020 0.366219 35.599594 9331.329949
0.060030 0.365230 35.655707 9435.910995
0.080041 0.364949 35.606911 9558.785340
0.100051 0.365425 35.667629 9677.938144
0.120061 0.363286 35.643125 9772.036458
0.140071 0.365716 35.651813 9892.823834
0.160081 0.365093 35.631064 9977.196809
0.180091 0.364842 35.634974 10062.685864
0.200101 0.364885 35.627772 10163.388601
0.220112 0.364022 35.638980 10231.158163
0.240122 0.364756 35.628511 10318.797872
0.260132 0.364851 35.616907 10390.587629
0.280142 0.363608 35.640833 10452.635417
0.300152 0.365531 35.617234 10537.393617
0.320162 0.365264 35.646632 10591.217617
0.340172 0.364853 35.670816 10659.204082
0.360183 0.365979 35.660952 10728.529101
0.380193 0.364429 35.663795 10779.041026
0.400203 0.366740 35.621702 10850.361702
0.420213 0.366013 35.627835 10897.025773
0.440223 0.365289 35.673155 10947.187166
0.460233 0.365929 35.638367 11008.035714
0.480243 0.366010 35.660314 11046.298429
0.500254 0.366304 35.681270 11099.333333
0.520264 0.366562 35.654301 11140.528497
0.540274 0.365793 35.603770 11176.335079
0.560284 0.367828 35.613958 11227.953125
0.580294 0.366895 35.599787 11254.835106
0.600304 0.365635 35.644375 11295.677083
0.620314 0.366839 35.652718 11334.338462
0.640325 0.365189 35.615217 11361.043478
0.660335 0.367133 35.677347 11403.673469
0.680345 0.366057 35.620851 11428.005319
0.700355 0.366338 35.636082 11458.391753
0.720365 0.366709 35.603125 11496.291667
0.740375 0.367215 35.658413 11517.931217
0.760385 0.367435 35.645625 11555.895833
0.780396 0.367036 35.623542 11581.583333
0.800406 0.366565 35.639786 11608.978610
0.820416 0.368439 35.644656 11646.063492
0.840426 0.367614 35.638980 11665.336735
0.860436 0.366153 35.569684 11699.115789
0.880446 0.367686 35.634497 11727.460317
0.900456 0.367257 35.667937 11749.407407
0.920467 0.368610 35.609474 11785.694737
0.940477 0.368011 35.638750 11803.520833
0.960487 0.367471 35.674255 11833.250000
0.980497 0.368525 35.661702 11860.505319
1.000507 0.368139 35.629032 11876.903226
1.020517 0.368179 35.589375 11908.250000
1.040528 0.368013 35.628063 11923.931937
1.060538 0.367979 35.654737 11945.484211
1.080548 0.370314 35.654947 11973.463158
1.100558 0.368884 35.658848 11983.863874
1.120568 0.367465 35.686283 12008.895288
1.140578 0.369232 35.662434 12028.904762
1.160588 0.368373 35.641875 12045.281250
1.180599 0.369821 35.626878 12071.767196
1.200609 0.368769 35.658526 12083.915789
1.220619 0.368942 35.678737 12109.131579
1.240629 0.370161 35.690538 12130.758065
1.260639 0.369411 35.678298 12144.303191
1.280649 0.369333 35.664742 12174.494845
1.300659 0.368510 35.678947 12188.610526
1.320670 0.369323 35.667660 12209.851064
1.340680 0.370779 35.691042 12237.562500
1.360690 0.370144 35.710426 12249.074468
1.380700 0.368158 35.660524 12275.047120
1.400710 0.370364 35.666952 12293.000000
1.420720 0.369992 35.690582 12310.899471
1.440730 0.370904 35.677433 12334.475936
1.460741 0.369960 35.718519 12344.449735
1.480751 0.370191 35.681257 12369.685864
1.500761 0.371382 35.720419 12385.790576
1.520771 0.370614 35.663158 12397.252632
1.540781 0.370802 35.672826 12423.750000
1.560791 0.370091 35.715158 12433.484211
1.580801 0.371377 35.656580 12450.808290
1.600812 0.372401 35.649677 12472.236559
1.620822 0.371145 35.698298 12483.829787
1.640832 0.369296 35.680000 12508.603175
1.660842 0.371739 35.670576 12520.649215
1.680852 0.371239 35.672941 12541.866310
1.700862 0.371803 35.651702 12568.345745
1.720872 0.370265 35.657326 12577.197861
1.740883 0.371283 35.657684 12606.742105
1.760893 0.372222 35.695873 12627.576720
1.780903 0.371023 35.675789 12641.968421
1.800913 0.370890 35.658710 12675.102151
1.820923 0.370654 35.725684 12687.663158
1.840933 0.372189 35.723770 12711.141361
1.860943 0.372675 35.682781 12739.679144
1.880954 0.371715 35.670703 12752.589189
1.900964 0.370869 35.627789 12782.473684
1.920974 0.373044 35.672632 12802.573684
1.940984 0.373012 35.709677 12823.962366
1.960994 0.373044 35.723850 12855.759358
1.981004 0.371862 35.680426 12870.920213
2.001014 0.372756 35.677474 12901.173684
2.021025 0.373693 35.699243 12927.302703
2.041035 0.372359 35.670638 12946.925532
2.061045 0.372354 35.689412 12983.016043
2.081055 0.372132 35.737778 13000.089947
2.101065 0.373796 35.717263 13032.189474
2.121075 0.372581 35.621235 13062.598765
2.141085 0.371620 35.610500 13081.706250
2.161096 0.371262 35.626829 13120.579268
2.181106 0.372606 35.593086 13140.296296
2.201116 0.372388 35.614615 13173.634615
2.221126 0.372294 35.604390 13209.432927
2.241136 0.371108 35.639750 13229.862500
2.261146 0.372629 35.622000 13272.381250
2.281156 0.372947 35.624049 13302.079755
2.301167 0.371871 35.593212 13337.369697
2.321177 0.372053 35.617580 13382.949045
2.341187 0.371821 35.640745 13410.701863
2.361197 0.373550 35.656098 13459.591463
2.381207 0.372522 35.691720 13501.834395
2.401217 0.371887 35.631166 13537.478528
2.421227 0.371693 35.645250 13594.850000
2.441238 0.372171 35.615309 13630.401235
2.461248 0.372108 35.674847 13684.969325
2.481258 0.372118 35.660247 13742.345679
2.501268 0.371187 35.643975 13782.055901
2.521278 0.372372 35.653913 13853.503106
2.541288 0.372824 35.648395 13906.302469
2.561298 0.371784 35.630318 13967.452229
2.581309 0.372314 35.606667 14046.086420
2.601319 0.372137 35.653006 14100.226994
2.621329 0.373285 35.626335 14187.677019
2.641339 0.372015 35.621615 14265.267081
2.661349 0.371439 35.666415 14333.874214
2.681359 0.372149 35.603522 14432.584906
2.701369 0.372306 35.661796 14505.778443
2.721380 0.372088 35.636730 14603.867925
2.741390 0.371784 35.630062 14703.192547
2.761400 0.371052 35.670864 14779.845679
2.781410 0.371955 35.671166 14897.202454
2.801420 0.372138 35.613168 14991.049689
2.821430 0.370970 35.603975 15092.304348
2.841440 0.371708 35.652593 15217.185185
2.861451 0.371086 35.658385 15309.621118
2.881461 0.372637 35.640736 15441.613497
2.901471 0.371049 35.598261 15566.608696
2.921481 0.371030 35.667160 15674.080247
2.941491 0.372097 35.637764 15823.242236
2.961501 0.371707 35.661750 15938.437500
2.981511 0.371830 35.677037 16076.240741
3.001522 0.371734 35.662061 16228.781818
3.021532 0.371655 35.690000 13192.807692
3.041542 0.371949 35.660988 118.339506
3.061552 0.372292 35.633415 260.054878
3.081562 0.371091 35.644969 386.894410
3.101572 0.372261 35.683727 545.515528
3.121583 0.372031 35.669500 663.256250
3.141593 0.373068 35.677764 804.329193
3.161603 0.371769 35.621463 948.542683
3.181613 0.371516 35.642000 1054.262500
3.201623 0.373187 35.647901 1197.580247
3.221633 0.371427 35.633333 1308.518519
3.241643 0.371958 35.671056 1417.068323
3.261654 0.372100 35.658987 1539.094937
3.281664 0.371800 35.634699 1623.933735
3.301674 0.371950 35.642013 1733.194969
3.321684 0.371728 35.619371 1827.528302
3.341694 0.370912 35.641205 1901.331325
3.361704 0.372013 35.634395 1998.414013
3.381714 0.371403 35.597073 2065.628049
3.401725 0.372138 35.644908 2142.122699
3.421735 0.370895 35.666832 2221.018634
3.441745 0.371095 35.644172 2272.723926
3.461755 0.372657 35.681975 2348.654321
3.481765 0.370827 35.642000 2405.612500
3.501775 0.371767 35.644000 2457.143750
3.521785 0.371970 35.622390 2524.358491
3.541796 0.371768 35.660494 2565.975309
3.561806 0.371606 35.677301 2625.748466
3.581816 0.371446 35.655901 2679.590062
3.601826 0.370632 35.709630 2718.030864
3.621836 0.372254 35.664878 2776.463415
3.641846 0.371195 35.664403 2814.685535
3.661856 0.371773 35.610370 2859.141975
3.681867 0.371593 35.654390 2907.085366
3.701877 0.371489 35.673290 2935.516129
3.721887 0.373119 35.673571 2982.619048
3.741897 0.371048 35.682767 3016.075472
3.761907 0.371983 35.657284 3046.555556
3.781917 0.372482 35.703067 3087.294479
3.801927 0.372088 35.697178 3110.950920
3.821938 0.371995 35.643522 3148.094340
3.841948 0.371119 35.692919 3181.341615
3.861958 0.370688 35.637736 3202.792453
3.881968 0.372471 35.718313 3243.361446
3.901978 0.370141 35.696543 3266.876543
3.921988 0.371021 35.666497 3299.898089
3.941998 0.370298 35.693580 3333.364198
3.962009 0.370619 35.655951 3354.306748
3.982019 0.372205 35.683210 3392.481481
4.002029 0.369790 35.683902 3418.006098
4.022039 0.371384 35.682236 3443.298137
4.042049 0.372283 35.685466 3474.732919
4.062059 0.372197 35.619518 3493.307229
4.082069 0.371802 35.637677 3522.606452
4.102080 0.371312 35.638049 3544.073171
4.122090 0.371619 35.663000 3563.312500
4.142100 0.372744 35.662360 3589.993789
4.162110 0.370387 35.659141 3603.184049
4.182120 0.371069 35.701250 3632.006250
4.202130 0.370228 35.640964 3652.367470
4.222140 0.318542 35.581762 3676.906736
4.242151 0.371456 35.684810 3705.658228
4.262161 0.368930 35.671463 3724.841463
4.282171 0.318107 35.506729 3766.588785
4.302181 0.345591 35.535522 3808.194030
4.322191 0.353613 35.565347 3838.470297
4.342201 0.358525 35.577474 3873.015789
4.362211 0.361239 35.567879 3894.257576
4.382222 0.363406 35.550737 3905.057895
4.402232 0.365807 35.548866 3920.350515
4.422242 0.363856 35.553990 3930.943005
4.442252 0.365440 35.588750 3957.833333
4.462262 0.365443 35.581128 3969.333333
4.482272 0.365723 35.551111 3977.656085
4.502282 0.366579 35.560856 4008.251337
4.522293 0.363352 35.579695 4023.578680
4.542303 0.366232 35.588783 4039.306878
4.562313 0.365445 35.567500 4062.192708
4.582323 0.364783 35.574375 4081.026042
4.602333 0.365160 35.557292 4104.406250
4.622343 0.363804 35.567708 4120.453125
4.642353 0.365713 35.589583 4147.661458
4.662364 0.365944 35.596667 4168.375000
4.682374 0.363330 35.583789 4181.536842
4.702384 0.365086 35.567158 4217.215789
4.722394 0.366169 35.565236 4229.837696
4.742404 0.365532 35.563711 4247.324742
4.762414 0.366744 35.572632 4282.889474
4.782424 0.364285 35.589895 4290.257895
4.802435 0.366921 35.571399 4314.031088
4.822445 0.366646 35.577708 4341.447917
4.842455 0.365566 35.587579 4351.689474
4.862465 0.365687 35.561031 4378.149485
4.882475 0.364099 35.564375 4399.489583
4.902485 0.366329 35.558511 4418.500000
4.922495 0.366500 35.547010 4442.427835
4.942506 0.363909 35.580625 4463.828125
4.962516 0.365339 35.588958 4489.921875
4.982526 0.365533 35.571368 4511.657895
5.002536 0.365064 35.596383 4537.164894
5.022546 0.365944 35.606154 4563.825641
5.042556 0.363977 35.598367 4587.709184
5.062567 0.366232 35.555979 4617.402116
5.082577 0.365840 35.571728 4644.020942
5.102587 0.364743 35.601667 4667.119792
5.122597 0.365621 35.605053 4700.536842
5.142607 0.365016 35.620000 4724.692708
5.162617 0.366646 35.586321 4751.896373
5.182627 0.366603 35.558325 4786.204188
5.202638 0.364611 35.602083 4803.244792
5.222648 0.365394 35.602268 4845.273196
5.242658 0.366759 35.592688 4866.521505
5.262668 0.365914 35.599184 4895.948980
5.282678 0.366262 35.568889 4934.232804
5.302688 0.364656 35.616042 4956.526042
5.322698 0.367452 35.627302 4999.153439
5.342709 0.366733 35.602073 5029.549223
5.362719 0.365109 35.596440 5058.921466
5.382729 0.366692 35.607539 5106.392670
5.402739 0.366113 35.589110 5135.041885
5.422749 0.366926 35.587853 5179.151832
5.442759 0.367056 35.621361 5221.738220
5.462769 0.365082 35.655417 5253.536458
5.482780 0.366218 35.606632 5311.378238
5.502790 0.367652 35.599358 5346.042781
5.522800 0.365744 35.623590 5392.589744
5.542810 0.366748 35.621474 5449.700000
5.562820 0.365471 35.597500 5486.796875
5.582830 0.367305 35.577778 5551.190476
5.602840 0.366725 35.549167 5597.515625
5.622851 0.365156 35.596458 5647.645833
5.642861 0.366986 35.625000 5719.307292
5.662871 0.366636 35.616875 5766.281250
5.682881 0.367407 35.609198 5835.144385
5.702891 0.367640 35.657292 5901.432292
5.722901 0.365730 35.594255 5957.601064
5.742911 0.366911 35.630000 6044.948980
5.762922 0.367671 35.636774 6104.397849
5.782932 0.365511 35.600825 6179.835052
5.802942 0.366399 35.605319 6268.414894
5.822952 0.365834 35.582769 6335.153846
5.842962 0.367017 35.593298 6433.905759
5.862972 0.366716 35.598298 6513.579787
5.882982 0.364853 35.594051 6597.384615
5.902993 0.366738 35.598737 6710.952632
5.923003 0.365747 35.594105 6792.368421
5.943013 0.366149 35.640632 6900.831579
5.963023 0.366638 35.646839 7012.103627
5.983033 0.365363 35.597500 7108.411458
6.003043 0.366396 35.645389 7243.673575
6.023053 0.367262 35.622032 7347.764706
6.043064 0.365432 35.613750 7464.395833
6.063074 0.366773 35.600833 7609.026042
6.083084 0.365814 35.627487 7719.287179
6.103094 0.366546 35.616087 7862.402174
6.123104 0.366101 35.631795 7994.882051
6.143114 0.363949 35.613822 8116.005236
6.163124 0.366077 35.648842 8275.278947
6.183135 0.365519 35.636495 8395.762887
6.203145 0.365580 35.597513 8532.844560
6.223155 0.366148 35.670157 8681.052356
6.243165 0.365515 35.644233 8795.026455
6.263175 0.366190 35.606769 8943.794872
