serial number: JANUSZ_2_RI80_21414848
torque: 16
start_temp: 45 (47)
finish_temp: 45 (47)
note: joint 1, CX80 litowy, rozgrzany, 20min pracy
0.000000 0.525129 44.931494 8337.540230
0.020010 0.524786 44.912832 8459.317919
0.040020 0.525060 44.931696 8612.812865
0.060030 0.524792 44.950643 8737.678363
0.080041 0.524472 44.938698 8860.360947
0.100051 0.524452 44.914483 9012.321839
0.120061 0.524032 44.921628 9124.808140
0.140071 0.524273 44.928605 9258.936047
0.160081 0.524275 44.959765 9385.617647
0.180091 0.522994 44.950289 9490.653179
0.200101 0.524327 44.948402 9625.579882
0.220112 0.523327 44.970178 9722.183432
0.240122 0.524830 44.923164 9825.259887
0.260132 0.523471 44.940000 9938.511765
0.280142 0.523493 44.933182 10018.914773
0.300152 0.524161 44.960000 10119.366279
0.320162 0.523965 44.949474 10199.058480
0.340172 0.524402 44.945882 10269.429412
0.360183 0.524193 44.937175 10361.146893
0.380193 0.524138 44.921677 10421.754491
0.400203 0.523558 44.944740 10494.809249
0.420213 0.523764 44.901503 10567.693642
0.440223 0.522943 44.889941 10622.798817
0.460233 0.523822 44.925581 10699.418605
0.480243 0.523254 44.951111 10753.467836
0.500254 0.524354 44.945829 10811.074286
0.520264 0.523414 44.947143 10877.505952
0.540274 0.523151 44.949006 10921.532164
0.560284 0.524245 44.954514 10981.691429
0.580294 0.523659 44.932326 11027.860465
0.600304 0.523781 44.929412 11069.770588
0.620314 0.524899 44.953563 11125.620690
0.640325 0.524672 44.937278 11157.609467
0.660335 0.523998 44.953295 11201.554913
0.680345 0.525082 44.959540 11243.258621
0.700355 0.523806 44.949006 11274.093567
0.720365 0.525304 44.928706 11318.847059
0.740375 0.524777 44.913488 11347.255814
0.760385 0.524966 44.931264 11379.793103
0.780396 0.524797 44.924578 11420.289157
0.800406 0.525289 44.917727 11440.647727
0.820416 0.525831 44.923721 11481.406977
0.840426 0.524809 44.918571 11505.720238
0.860436 0.524760 44.902890 11535.549133
0.880446 0.525738 44.947746 11571.317919
0.900456 0.525423 44.941988 11594.684211
0.920467 0.524899 44.939294 11627.488235
0.940477 0.525364 44.929941 11656.597633
0.960487 0.524721 44.946667 11680.774011
0.980497 0.526674 44.937041 11717.668639
1.000507 0.525091 44.923133 11737.524096
1.020517 0.525519 44.949274 11766.553073
1.040528 0.525900 44.944235 11798.088235
1.060538 0.525816 44.913846 11816.603550
1.080548 0.526450 44.901395 11850.197674
1.100558 0.526037 44.932865 11868.140351
1.120568 0.526743 44.945029 11892.573099
1.140578 0.527680 44.947442 11920.587209
1.160588 0.527292 44.948639 11933.106509
1.180599 0.526176 44.943488 11961.215116
1.200609 0.526853 44.940235 11979.988235
1.220619 0.526787 44.900355 11994.733728
1.240629 0.527917 44.892000 12022.782353
1.260639 0.526289 44.940000 12036.215116
1.280649 0.527138 44.931792 12057.959538
1.300659 0.527418 44.933953 12079.889535
1.320670 0.526489 44.938824 12096.447059
1.340680 0.527875 44.910419 12122.371257
1.360690 0.526302 44.880936 12135.754386
1.380700 0.527736 44.889249 12160.248555
1.400710 0.528385 44.901734 12184.491329
1.420720 0.528178 44.913333 12196.940476
1.440730 0.527145 44.912814 12226.449102
1.460741 0.527783 44.901754 12243.777778
1.480751 0.527966 44.896941 12260.635294
1.500761 0.528872 44.929467 12289.408284
1.520771 0.526855 44.914884 12301.505814
1.540781 0.527590 44.914152 12322.947368
1.560791 0.528140 44.884260 12342.094675
1.580801 0.528009 44.905202 12357.965318
1.600812 0.528670 44.915349 12380.720930
1.620822 0.527047 44.913533 12389.197605
1.640832 0.529103 44.919306 12411.780347
1.660842 0.529191 44.931018 12432.640719
1.680852 0.409968 44.948178 12447.506073
1.700862 0.487068 44.895248 12465.985149
1.720872 0.527088 44.882118 12479.629412
1.740883 0.495838 44.904118 12496.990196
1.760893 0.505046 44.915812 12517.282723
1.780903 0.509717 44.896355 12530.000000
1.800913 0.512080 44.906178 12558.209424
1.820923 0.516430 44.899388 12572.908163
1.840933 0.518381 44.887385 12591.923077
1.860943 0.519210 44.892775 12622.722513
1.880954 0.519246 44.904043 12632.744681
1.900964 0.522575 44.889167 12659.291667
1.920974 0.522510 44.929792 12685.333333
1.940984 0.523023 44.886737 12697.000000
1.960994 0.522654 44.903795 12729.158974
1.981004 0.524343 44.905263 12746.663158
2.001014 0.525514 44.888542 12767.072917
2.021025 0.525261 44.894815 12798.597884
2.041035 0.523947 44.897917 12812.411458
2.061045 0.524790 44.885745 12841.750000
2.081055 0.525782 44.882902 12865.341969
2.101065 0.525581 44.884783 12885.478261
2.121075 0.525791 44.871134 12919.541237
2.141085 0.525215 44.869053 12935.810526
2.161096 0.528097 44.891765 12966.518717
2.181106 0.526816 44.867292 12994.651042
2.201116 0.527422 44.879365 13015.037037
2.221126 0.527347 44.895661 13051.407407
2.241136 0.528102 44.873263 13070.142105
2.261146 0.529259 44.882737 13103.342105
2.281156 0.529269 44.874947 13134.936842
2.301167 0.528055 44.889149 13156.473404
2.321177 0.529336 44.900632 13193.815789
2.341187 0.530261 44.893548 13222.053763
2.361197 0.529949 44.876211 13250.489474
2.381207 0.529845 44.889215 13294.026178
2.401217 0.528887 44.885591 13316.344086
2.421227 0.531650 44.872500 13363.020833
2.441238 0.530468 44.859893 13400.518717
2.461248 0.529633 44.850330 13433.532967
2.481258 0.530297 44.871066 13484.741117
2.501268 0.529533 44.849626 13517.791444
2.521278 0.530841 44.872727 13567.994652
2.541288 0.529773 44.868211 13618.315789
2.561298 0.529541 44.886702 13655.298429
2.581309 0.529888 44.891183 13716.424731
2.601319 0.530445 44.874555 13762.340314
2.621329 0.529983 44.872727 13817.780749
2.641339 0.530112 44.862383 13886.077720
2.661349 0.529667 44.854624 13933.370968
2.681359 0.531883 44.877684 14010.815789
2.701369 0.530044 44.851551 14078.315508
2.721380 0.530217 44.828387 14142.069892
2.741390 0.530984 44.850052 14231.649215
2.761400 0.531016 44.869247 14296.387097
2.781410 0.532122 44.895707 14387.523560
2.801420 0.531536 44.882781 14478.983957
2.821430 0.530965 44.870213 14550.643617
2.841440 0.531824 44.875532 14658.526596
2.861451 0.532211 44.871323 14743.708995
2.881461 0.531730 44.851309 14841.795812
2.901471 0.531838 44.858261 14954.434783
2.921481 0.531195 44.867725 15038.486772
2.941491 0.532846 44.872000 15160.952632
2.961501 0.531637 44.880865 15272.935135
2.981511 0.531018 44.887958 15376.324607
3.001522 0.532261 44.877234 15512.797872
3.021532 0.531416 44.868973 15620.254054
3.041542 0.532315 44.852193 15751.208556
3.061552 0.531283 44.871534 15892.597884
3.081562 0.531406 44.879579 16005.289474
3.101572 0.531940 44.874286 16160.730159
3.121583 0.531607 44.893474 16294.936842
3.141593 0.530383 44.862434 4117.439153
3.161603 0.531323 44.876129 202.833333
3.181613 0.530622 44.877234 323.186170
3.201623 0.531918 44.874439 473.016043
3.221633 0.530727 44.895568 618.027027
3.241643 0.530670 44.884167 734.869792
3.261654 0.532309 44.865882 887.171123
3.281664 0.530957 44.902340 1007.675532
3.301674 0.532242 44.877708 1131.760417
3.321684 0.531676 44.860107 1266.684492
3.341694 0.531317 44.883830 1363.590426
3.361704 0.531893 44.878289 1486.374332
3.381714 0.532107 44.852000 1594.321053
3.401725 0.531560 44.860324 1682.059459
3.421735 0.532470 44.892063 1789.783069
3.441745 0.531027 44.892083 1868.666667
3.461755 0.532396 44.888649 1956.659459
3.481765 0.531175 44.885532 2044.015957
3.501775 0.530522 44.882116 2105.407407
3.521785 0.532202 44.881297 2188.113514
3.541796 0.529633 44.861347 2252.709845
3.561806 0.531420 44.858723 2313.851064
3.581816 0.530677 44.900749 2385.395722
3.601826 0.530096 44.879788 2431.798942
3.621836 0.531527 44.876578 2495.727273
3.641846 0.530134 44.908750 2553.260417
3.661856 0.530832 44.877647 2597.775401
3.681867 0.531825 44.861702 2659.079787
3.701877 0.530351 44.873191 2701.382979
3.721887 0.531627 44.874866 2750.491979
3.741897 0.530654 44.854316 2802.726316
3.761907 0.530840 44.853923 2835.756906
3.781917 0.532781 44.866256 2887.148718
3.801927 0.530617 44.869362 2925.914894
3.821938 0.532380 44.867302 2961.068783
3.841948 0.531141 44.845532 3005.489362
3.861958 0.531658 44.851892 3030.216216
3.881968 0.532110 44.867917 3071.291667
3.901978 0.530806 44.856304 3104.266304
3.921988 0.530829 44.891813 3129.689119
3.941998 0.531979 44.912688 3168.306452
3.962009 0.530376 44.896809 3193.414894
3.982019 0.532151 44.920428 3225.711230
4.002029 0.530823 44.914011 3260.245989
4.022039 0.530644 44.898936 3281.909574
4.042049 0.532261 44.910851 3320.819149
4.062059 0.529657 44.897419 3347.521505
4.082069 0.531848 44.875191 3375.295082
4.102080 0.530824 44.863795 3409.569231
4.122090 0.531476 44.891579 3430.468421
4.142100 0.532005 44.882404 3462.819672
4.162110 0.530546 44.866452 3488.354839
4.182120 0.531573 44.872539 3508.056995
4.202130 0.532531 44.856739 3536.918478
4.222140 0.530906 44.877053 3554.694737
4.242151 0.531833 44.865668 3579.770053
4.262161 0.531331 44.877884 3600.380952
4.282171 0.531599 44.868298 3616.601064
4.302181 0.532716 44.903830 3646.308511
4.322191 0.529834 44.872340 3659.436170
4.342201 0.531737 44.917460 3686.470899
4.362211 0.530827 44.900942 3717.879581
4.382222 0.531354 44.881514 3742.681081
4.402232 0.531234 44.876383 3789.882979
4.422242 0.530249 44.881277 3829.968085
4.442252 0.531935 44.882513 3856.706806
4.462262 0.532422 44.877419 3891.005376
4.482272 0.531046 44.875789 3901.826316
4.502282 0.531609 44.876150 3915.042781
4.522293 0.531500 44.893476 3928.914439
4.542303 0.531432 44.868571 3945.074074
4.562313 0.532417 44.879149 3967.920213
4.582323 0.530081 44.892340 3972.984043
4.602333 0.531844 44.909733 3994.176471
4.622343 0.531210 44.940213 4020.781915
4.642353 0.531035 44.932775 4031.392670
4.662364 0.531107 44.905759 4053.073298
4.682374 0.529341 44.908478 4075.576087
4.702384 0.531352 44.925833 4095.390625
4.722394 0.531446 44.891183 4114.838710
4.742404 0.530195 44.899058 4134.848168
4.762414 0.529947 44.909677 4162.849462
4.782424 0.530902 44.898737 4176.221053
4.802435 0.530923 44.903226 4200.564516
4.822445 0.530930 44.899471 4228.232804
4.842455 0.529189 44.924948 4237.335052
4.862465 0.530903 44.906096 4270.764706
4.882475 0.530458 44.895401 4290.171123
4.902485 0.529604 44.906316 4299.731579
4.922495 0.529993 44.904086 4334.311828
4.942506 0.529042 44.906524 4349.401070
4.962516 0.530605 44.910833 4365.140625
4.982526 0.530056 44.922340 4394.074468
5.002536 0.528639 44.908021 4410.417112
5.022546 0.528336 44.915233 4433.305699
5.042556 0.529032 44.881925 4457.117647
5.062567 0.528539 44.884946 4478.795699
5.082577 0.528829 44.918107 4504.420118
5.102587 0.526700 44.904795 4526.912281
5.122597 0.528689 44.910345 4555.022989
5.142607 0.528838 44.924819 4579.993976
5.162617 0.527436 44.905176 4602.876471
5.182627 0.528021 44.892865 4634.485380
5.202638 0.526801 44.898960 4658.346821
5.222648 0.529015 44.891257 4686.317365
5.242658 0.528599 44.911111 4716.754386
5.262668 0.526645 44.907059 4736.541176
5.282678 0.526527 44.904852 4773.644970
5.302688 0.528224 44.916343 4796.634286
5.322698 0.526704 44.904277 4824.809249
5.342709 0.527703 44.923832 4860.335329
5.362719 0.525625 44.897907 4881.250000
5.382729 0.527473 44.893964 4920.573964
5.402739 0.527392 44.918613 4949.271676
5.422749 0.525603 44.921163 4976.441860
5.442759 0.527465 44.936977 5020.819767
5.462769 0.525974 44.934911 5043.917160
5.482780 0.527605 44.936140 5086.725146
5.502790 0.526809 44.904000 5123.164706
5.522800 0.525609 44.909133 5155.167630
5.542810 0.526192 44.914118 5207.064706
5.562820 0.527284 44.914620 5237.748538
5.582830 0.526075 44.918621 5282.977011
5.602840 0.526599 44.926467 5333.311377
5.622851 0.525507 44.921628 5367.081395
5.642861 0.526863 44.897310 5426.456140
5.662871 0.526633 44.913793 5469.356322
5.682881 0.524510 44.930361 5515.174699
5.702891 0.526178 44.917907 5579.069767
5.722901 0.525190 44.920914 5622.165714
5.742911 0.527201 44.908810 5686.005952
5.762922 0.526273 44.899294 5743.847059
5.782932 0.525165 44.920231 5796.283237
5.802942 0.526537 44.923699 5875.682081
5.822952 0.526055 44.921387 5930.450867
5.842962 0.526024 44.933976 6000.469880
5.862972 0.526402 44.943448 6078.114943
5.882982 0.525068 44.952899 6139.508876
5.902993 0.526817 44.941163 6229.883721
5.923003 0.526356 44.912515 6301.157895
5.943013 0.524820 44.901053 6378.298246
5.963023 0.526661 44.937143 6479.982857
5.983033 0.525091 44.925549 6554.959538
6.003043 0.526406 44.907152 6655.072727
6.023053 0.526129 44.928736 6751.971264
6.043064 0.525330 44.944327 6841.672515
6.063074 0.525754 44.921860 6964.017442
6.083084 0.526032 44.951765 7058.641176
6.103094 0.525409 44.946587 7167.341317
6.123104 0.526423 44.908182 7297.670455
6.143114 0.524974 44.901667 7402.738095
6.163124 0.526929 44.937471 7539.931034
6.183135 0.526022 44.934737 7663.239766
6.203145 0.524613 44.937515 7780.538462
6.223155 0.526437 44.909195 7935.810345
6.243165 0.525462 44.925549 8054.647399
6.263175 0.526429 44.934132 8192.119760
