serial number: JANUSZ_2_RI80_21414848
torque: 16
start_temp: 30 (31)
finish_temp: 30 (31)
note: z janusza 2, os 1, CERA CX rozrzedzony, po 1min obrotu
0.000000 0.085601 30.000000 9238.810345
0.020010 0.085619 30.000000 9337.803419
0.040020 0.083330 30.000000 9440.775000
0.060030 0.082545 30.000000 9556.165289
0.080041 0.082229 30.000000 9642.303279
0.100051 0.086515 30.000000 9742.217391
0.120061 0.083495 30.000000 9830.050000
0.140071 0.080478 30.000000 9907.722222
0.160081 0.083732 30.000000 10002.601695
0.180091 0.083601 30.000000 10068.783333
0.200101 0.084509 30.000000 10144.102564
0.220112 0.082740 30.000000 10225.942623
0.240122 0.080176 29.992000 10286.920000
0.260132 0.085279 30.000000 10367.820513
0.280142 0.083633 30.000000 10430.950000
0.300152 0.081906 30.000000 10493.861789
0.320162 0.070558 29.989899 10604.277778
0.340172 0.084711 29.982468 10664.225532
0.360183 0.085332 29.980426 10698.212766
0.380193 0.084756 29.988156 10750.234637
0.400203 0.083181 29.995314 10796.606695
0.420213 0.087028 29.991931 10860.158798
0.440223 0.086686 30.000000 10901.973799
0.460233 0.086636 29.993420 10952.242424
0.480243 0.084482 29.993729 11004.711864
0.500254 0.083774 29.991561 11040.729958
0.520264 0.088645 29.991404 11091.416667
0.540274 0.086713 29.991207 11128.706897
0.560284 0.084165 29.995763 11168.046610
0.580294 0.085008 29.991489 11215.629787
0.600304 0.085565 29.965665 11243.446352
0.620314 0.088510 29.984454 11287.951965
0.640325 0.084905 29.998103 11323.633621
0.660335 0.084096 29.995833 11356.766667
0.680345 0.087541 30.000000 11399.421053
0.700355 0.086540 29.991416 11426.557940
0.720365 0.084922 30.000000 11465.866953
0.740375 0.084239 29.984202 11502.882353
0.760385 0.084858 29.990549 11533.413502
0.780396 0.088455 29.991071 11572.392857
0.800406 0.085211 29.995745 11602.404255
0.820416 0.083424 29.995868 11637.524793
0.840426 0.085708 29.996581 11674.012821
0.860436 0.085881 29.999138 11700.137931
0.880446 0.087608 29.990526 11735.714912
0.900456 0.083688 29.992941 11765.915966
0.920467 0.084732 29.995126 11793.777311
0.940477 0.087157 29.997043 11826.778261
0.960487 0.086135 29.985628 11846.480519
0.980497 0.083885 29.983193 11876.596639
1.000507 0.084818 29.982034 11902.161017
1.020517 0.085636 29.988205 11921.649573
1.040528 0.087860 29.980531 11950.650442
1.060538 0.084043 29.987563 11969.277311
1.080548 0.083416 29.984959 11995.818182
1.100558 0.086984 29.995614 12021.328947
1.120568 0.086230 30.000000 12040.793991
1.140578 0.085974 30.000000 12070.184549
1.160588 0.083425 29.987448 12091.728033
1.180599 0.084386 29.978992 12118.462185
1.200609 0.088177 29.991228 12144.359649
1.220619 0.085462 30.000000 12164.356223
1.240629 0.082809 30.000000 12194.692946
1.260639 0.084747 29.991525 12216.415254
1.280649 0.085170 29.991525 12241.033898
1.300659 0.087514 29.993480 12266.929515
1.320670 0.082978 29.989500 12284.995833
1.340680 0.083357 30.000000 12314.099174
1.360690 0.086976 30.000000 12332.678261
1.380700 0.085357 30.000000 12352.217021
1.400710 0.085048 29.991379 12378.443966
1.420720 0.082941 30.000000 12392.012448
1.440730 0.085089 30.000000 12416.054852
1.460741 0.087333 30.000000 12435.844444
1.480751 0.083959 29.991632 12449.230126
1.500761 0.082517 29.987705 12475.495902
1.520771 0.085593 29.995726 12492.410256
1.540781 0.085351 30.000000 12512.452991
1.560791 0.086501 29.991515 12535.519481
1.580801 0.082402 29.988595 12552.921488
1.600812 0.083571 29.994711 12580.475207
1.620822 0.088046 29.995556 12600.040000
1.640832 0.084295 30.000000 12622.379747
1.660842 0.084066 30.000000 12649.359833
1.680852 0.083305 29.995833 12668.966667
1.700862 0.085325 30.000000 12697.838983
1.720872 0.087532 29.986667 12718.942222
1.740883 0.082388 30.000000 12740.930328
1.760893 0.083070 29.992863 12769.883817
1.780903 0.086201 29.994506 12790.210300
1.800913 0.085175 29.995726 12817.311966
1.820923 0.085715 29.991379 12841.793103
1.840933 0.081585 30.000000 12864.036585
1.860943 0.084196 29.991597 12894.579832
1.880954 0.087802 30.000000 12918.170306
1.900964 0.083091 29.991667 12942.925000
1.920974 0.083519 29.981833 12974.179167
1.940984 0.083249 29.993167 12997.737500
1.960994 0.085508 29.991489 13029.378723
1.981004 0.086353 30.000000 13057.039130
2.001014 0.081810 29.995951 13079.388664
2.021025 0.083589 30.000000 13118.845188
2.041035 0.086020 29.978448 13138.762931
2.061045 0.085189 29.995404 13172.497872
2.081055 0.084615 29.996102 13201.940678
2.101065 0.081388 29.995918 13227.028571
2.121075 0.084601 30.000000 13267.161017
2.141085 0.087734 29.992489 13293.410480
2.161096 0.082172 30.007107 13326.260331
2.181106 0.083427 29.999498 13366.456067
2.201116 0.084243 29.983833 13396.770833
2.221126 0.085763 30.000000 13442.060345
2.241136 0.085948 29.991453 13478.264957
2.261146 0.081117 30.000000 13514.595918
2.281156 0.084581 29.991597 13566.155462
2.301167 0.086331 29.991342 13603.740260
2.321177 0.084249 29.983264 13651.945607
2.341187 0.083317 29.999487 13699.162393
2.361197 0.081281 29.992419 13742.322581
2.381207 0.085059 30.000000 13804.030043
2.401217 0.086979 30.000000 13847.874459
2.421227 0.080998 29.983607 13904.381148
2.441238 0.083079 30.000000 13970.338843
2.461248 0.084127 29.995833 14025.429167
2.481258 0.085408 30.000000 14099.658120
2.501268 0.084648 29.995726 14162.521368
2.521278 0.080871 30.000000 14231.226721
2.541288 0.084114 30.000000 14319.376569
2.561298 0.086064 29.996395 14387.060086
2.581309 0.082981 29.995187 14471.871369
2.601319 0.082751 30.000000 14558.195021
2.621329 0.082818 30.000000 14638.909091
2.641339 0.084729 29.996471 14740.928571
2.661349 0.086409 29.990568 14821.506550
2.681359 0.080995 29.996761 14915.530364
2.701369 0.082996 29.999177 15024.296296
2.721380 0.084768 29.995763 15116.360169
2.741390 0.084495 30.000000 15227.383966
2.761400 0.083181 29.991597 15330.949580
2.781410 0.080768 30.000000 15437.205645
2.801420 0.084490 29.987288 15567.813559
2.821430 0.085451 29.994213 15672.276596
2.841440 0.081050 29.985203 15794.630081
2.861451 0.082158 29.995902 15926.110656
2.881461 0.082799 30.000000 16046.694215
2.901471 0.083992 30.000000 16187.753138
2.921481 0.084520 30.000000 16310.589744
2.941491 0.080031 30.000000 1693.272000
2.961501 0.082862 30.000000 208.016598
2.981511 0.084829 30.000000 329.266949
3.001522 0.083011 30.000000 465.839506
3.021532 0.081953 29.995885 601.547325
3.041542 0.081093 29.995951 723.983806
3.061552 0.083983 30.000000 866.260504
3.081562 0.085664 30.000000 978.606838
3.101572 0.080815 30.000000 1096.870968
3.121583 0.082595 30.000000 1226.842975
3.141593 0.083528 30.000000 1329.112500
3.161603 0.083817 29.995798 1443.138655
3.181613 0.084840 30.000000 1542.889831
3.201623 0.079670 29.987952 1634.746988
3.221633 0.083599 29.992167 1741.700000
3.241643 0.085386 29.996567 1819.952790
3.261654 0.081576 29.994634 1902.459350
3.281664 0.082103 30.000000 1988.432653
3.301674 0.080987 29.995968 2057.209677
3.321684 0.084321 30.000000 2137.953390
3.341694 0.085148 30.000000 2199.421277
3.361704 0.079647 30.000000 2260.629482
3.381714 0.082763 30.000000 2332.829876
3.401725 0.083548 30.000000 2385.024896
3.421735 0.083630 29.991667 2445.900000
3.441745 0.082999 30.000000 2500.121849
3.461755 0.079835 30.000000 2548.177866
3.481765 0.083998 30.000000 2610.243697
3.501775 0.085189 30.000000 2652.408511
3.521785 0.080816 29.995935 2699.723577
3.541796 0.082671 30.000000 2750.278008
3.561806 0.082134 30.000000 2789.390244
3.581816 0.084430 29.995763 2839.385593
3.601826 0.084889 30.000000 2874.720339
3.621836 0.078481 30.000000 2908.032086
3.641846 0.083230 30.000000 2955.733333
3.661856 0.084733 29.983333 2985.641667
3.681867 0.083456 29.975000 3022.950000
3.701877 0.083519 30.000000 3056.243697
3.721887 0.079697 30.000000 3084.080000
3.741897 0.084973 30.000000 3123.941667
3.761907 0.085107 29.992348 3147.095652
3.781917 0.080042 29.999048 3179.626984
3.801927 0.083388 30.000000 3210.932203
3.821938 0.081669 29.984000 3239.064000
3.841948 0.085298 30.000000 3272.796610
3.861958 0.084462 30.000000 3298.301724
3.881968 0.078340 30.000000 3326.218750
3.901978 0.084399 30.000000 3359.941667
3.921988 0.084220 30.000000 3382.432203
3.941998 0.082748 30.000000 3411.458333
3.962009 0.082633 30.000000 3436.688525
3.982019 0.080700 30.000000 3458.830645
4.002029 0.085624 30.000000 3488.666667
4.022039 0.084310 30.000000 3505.186441
4.042049 0.080838 30.000000 3529.032258
4.062059 0.083870 29.991597 3553.680672
4.082069 0.082394 29.998033 3572.016393
4.102080 0.084925 29.993504 3600.777778
4.122090 0.083921 30.000000 3622.159664
4.142100 0.079845 30.000000 3651.056452
4.162110 0.086252 30.000000 3687.905172
4.182120 0.084626 30.000000 3714.491525
4.202130 0.081651 30.000000 3753.385246
4.222140 0.083677 29.991597 3777.495798
4.242151 0.082621 30.000000 3806.057377
4.262161 0.086609 30.000000 3829.704348
4.282171 0.084837 30.000000 3841.745763
4.302181 0.079802 29.995906 3864.677165
4.322191 0.084953 29.995897 3882.000000
4.342201 0.084031 30.000000 3897.445378
4.362211 0.084340 30.000000 3917.966387
4.382222 0.082803 30.000000 3932.341667
4.402232 0.080572 30.000000 3954.080645
4.422242 0.085617 29.991525 3971.457627
4.442252 0.085112 30.000000 3988.982906
4.462262 0.082584 30.000000 4014.867769
4.482272 0.083279 30.000000 4029.258333
4.502282 0.083455 30.000000 4052.950000
4.522293 0.086024 30.000000 4078.794872
4.542303 0.083985 30.000000 4092.857143
4.562313 0.080839 30.000000 4120.221311
4.582323 0.085397 30.000000 4141.529412
4.602333 0.085869 30.000000 4160.913793
4.622343 0.083964 30.000000 4188.563025
4.642353 0.082885 30.000000 4205.471074
4.662364 0.083242 30.000000 4229.655462
4.682374 0.086783 30.000000 4252.724138
4.702384 0.085168 30.000000 4272.033898
4.722394 0.082240 30.000000 4296.483333
4.742404 0.084185 30.000000 4314.666667
4.762414 0.085301 30.000000 4340.034188
4.782424 0.086820 30.000000 4361.155172
4.802435 0.083091 30.000000 4380.596639
4.822445 0.081540 30.000000 4408.975806
4.842455 0.086317 30.000000 4427.836207
4.862465 0.085394 30.000000 4454.672414
4.882475 0.083588 30.000000 4480.925000
4.902485 0.083059 29.983333 4502.466667
4.922495 0.084264 30.000000 4533.386555
4.942506 0.086854 30.000000 4557.991379
4.962516 0.084883 30.000000 4584.264957
4.982526 0.081943 30.000000 4617.942623
5.002536 0.083943 30.000000 4640.708333
5.022546 0.085937 30.000000 4673.474138
5.042556 0.085704 30.000000 4703.836207
5.062567 0.082763 30.000000 4727.380165
5.082577 0.082064 30.000000 4766.672131
5.102587 0.086582 30.000000 4788.427350
5.122597 0.086279 30.000000 4824.930435
5.142607 0.082730 30.000000 4857.661157
5.162617 0.083886 30.000000 4884.771186
5.182627 0.084480 30.000000 4924.450000
5.202638 0.087200 30.000000 4953.675439
5.222648 0.084747 30.000000 4986.279661
5.242658 0.081598 29.991803 5028.393443
5.262668 0.085891 30.000000 5056.145299
5.282678 0.086002 30.000000 5101.017094
5.302688 0.084593 30.000000 5138.230769
5.322698 0.083522 30.000000 5173.991667
5.342709 0.083161 30.000000 5223.933884
5.362719 0.087727 29.997544 5257.622807
5.382729 0.085285 29.993846 5306.948718
5.402739 0.083005 30.000000 5354.932773
5.422749 0.084476 30.000000 5394.641667
5.442759 0.084675 30.000000 5452.381356
5.462769 0.086739 30.000000 5494.896552
5.482780 0.082580 30.000000 5548.852459
5.502790 0.082150 30.000000 5608.816667
5.522800 0.085868 29.995556 5651.547009
5.542810 0.085639 29.995897 5717.341880
5.562820 0.084010 30.000000 5771.923729
5.582830 0.082577 30.000000 5829.467213
5.602840 0.083534 30.000000 5900.277311
5.622851 0.087273 30.000000 5951.321739
5.642861 0.084257 30.000000 6024.542373
5.662871 0.082560 30.000000 6097.278689
5.682881 0.083848 30.000000 6159.283333
5.702891 0.084629 30.000000 6242.161017
5.722901 0.086443 30.000000 6307.078261
5.742911 0.081845 30.000000 6385.770492
5.762922 0.083262 30.000000 6474.338843
5.782932 0.086270 30.000000 6541.275862
5.802942 0.084750 30.000000 6635.415254
5.822952 0.084207 30.000000 6719.923729
5.842962 0.082728 30.000000 6804.338843
5.862972 0.084918 30.000000 6905.974576
5.882982 0.086624 30.000000 6987.439655
5.902993 0.082102 30.000000 7090.231405
5.923003 0.082847 30.000000 7197.983471
5.943013 0.083857 30.000000 7288.932773
5.963023 0.085055 30.000000 7404.576271
5.983033 0.084888 30.000000 7505.717949
6.003043 0.081052 30.000000 7614.379032
6.023053 0.085281 30.000000 7737.777778
6.043064 0.085705 30.000000 7837.444444
6.063074 0.084151 30.000000 7957.907563
6.083084 0.082847 30.000000 8079.108333
6.103094 0.082888 30.000000 8186.636364
6.123104 0.086424 30.000000 8314.637931
6.143114 0.085381 30.000000 8424.427350
6.163124 0.081065 30.000000 8537.809917
6.183135 0.083192 30.000000 8667.926230
6.203145 0.084648 30.000000 8771.058824
6.223155 0.085614 30.000000 8892.017094
6.243165 0.083985 30.000000 9010.516949
6.263175 0.081100 30.000000 9114.282258
