serial number: JANUSZ_2_RI80_21414848
torque: 16
start_temp: 30 (30)
finish_temp: 30 (30)
note: z janusza 2, os 1, CX80 litowy NLG0, po 1min obrotu
0.000000 0.190654 29.861538 8463.990385
0.020010 0.194318 29.852098 8623.795122
0.040020 0.193550 29.947707 8738.863415
0.060030 0.191658 29.873962 8871.839623
0.080041 0.193792 29.958654 9020.173077
0.100051 0.191438 29.905962 9130.533654
0.120061 0.193176 29.925073 9273.014634
0.140071 0.194275 29.896039 9389.294686
0.160081 0.190706 29.934476 9498.266667
0.180091 0.194487 29.888350 9635.606796
0.200101 0.192688 29.940096 9727.679426
0.220112 0.192600 29.881340 9840.545455
0.240122 0.194776 29.885294 9944.078431
0.260132 0.190764 29.866730 10024.052133
0.280142 0.194169 29.885490 10130.750000
0.300152 0.192892 29.959810 10202.028571
0.320162 0.191643 29.874231 10278.653846
0.340172 0.193654 29.849756 10367.165854
0.360183 0.191192 29.890144 10425.263158
0.380193 0.193397 29.853333 10505.497585
0.400203 0.192862 29.848269 10570.538462
0.420213 0.190581 29.895885 10628.100478
0.440223 0.194962 29.911220 10707.751220
0.460233 0.193076 29.959034 10755.927536
0.480243 0.192925 29.911346 10819.466346
0.500254 0.194359 29.875192 10880.495192
0.520264 0.191244 29.911048 10925.642857
0.540274 0.194733 29.904118 10990.088235
0.560284 0.193129 29.944780 11029.892683
0.580294 0.191842 29.943541 11074.794258
0.600304 0.193973 29.935502 11128.377990
0.620314 0.192291 29.896812 11161.381643
0.640325 0.194311 29.904928 11209.637681
0.660335 0.193354 29.876488 11243.560976
0.680345 0.192003 29.877295 11278.603865
0.700355 0.196204 29.904689 11323.578947
0.720365 0.193890 29.822970 11350.074257
0.740375 0.192720 29.866346 11385.245192
0.760385 0.194415 29.918077 11421.427885
0.780396 0.192839 29.917670 11444.742718
0.800406 0.195752 29.897059 11486.269608
0.820416 0.192906 29.859713 11508.033493
0.840426 0.192540 29.917500 11539.975962
0.860436 0.194212 29.935072 11575.483092
0.880446 0.193319 29.908406 11596.154589
0.900456 0.194123 29.886763 11633.966184
0.920467 0.193384 29.899806 11656.985437
0.940477 0.192558 29.924808 11684.538462
0.960487 0.194949 29.919216 11720.294118
0.980497 0.193310 29.907440 11737.719807
1.000507 0.193015 29.872571 11772.414286
1.020517 0.195009 29.909557 11796.679803
1.040528 0.193903 29.899324 11820.724638
1.060538 0.195339 29.917854 11852.863415
1.080548 0.193580 29.865561 11868.356098
1.100558 0.193752 29.921359 11896.635922
1.120568 0.195885 29.895845 11920.024155
1.140578 0.194860 29.876293 11935.278049
1.160588 0.194736 29.882178 11964.297030
1.180599 0.194022 29.922500 11977.721154
1.200609 0.194375 29.922899 11998.594203
1.220619 0.196054 29.911731 12024.408654
1.240629 0.195190 29.921206 12035.341709
1.260639 0.193524 29.899497 12061.341709
1.280649 0.195717 29.955512 12078.829268
1.300659 0.195080 29.929333 12096.976190
1.320670 0.196236 29.906866 12125.258706
1.340680 0.194634 29.893268 12135.814634
1.360690 0.194082 29.884190 12161.523810
1.380700 0.196720 29.870000 12184.485000
1.400710 0.195885 29.945743 12198.198020
1.420720 0.195942 29.854369 12226.480583
1.440730 0.195464 29.876488 12241.312195
1.460741 0.195546 29.910291 12263.436893
1.480751 0.197625 29.908374 12286.512315
1.500761 0.196132 29.953433 12298.940299
1.520771 0.195106 29.867246 12325.492754
1.540781 0.197577 29.901000 12338.075000
1.560791 0.196669 29.930385 12356.644231
1.580801 0.197234 29.867389 12382.103448
1.600812 0.196383 29.881584 12388.905941
1.620822 0.195565 29.855842 12410.584158
1.640832 0.198459 29.934118 12428.431373
1.660842 0.197906 29.866404 12441.320197
1.680852 0.197180 29.908374 12463.940887
1.700862 0.197127 29.942687 12473.184080
1.720872 0.197664 29.910784 12497.049020
1.740883 0.198759 29.886061 12517.000000
1.760893 0.197499 29.871346 12527.639423
1.780903 0.195488 29.854800 12557.795000
1.800913 0.198390 29.904828 12571.334975
1.820923 0.197936 29.885771 12591.009950
1.840933 0.197946 29.897537 12620.423645
1.860943 0.196927 29.847961 12631.509709
1.880954 0.196319 29.885149 12659.504950
1.900964 0.199236 29.937200 12680.505000
1.920974 0.197584 29.877241 12697.098522
1.940984 0.196794 29.914175 12727.616505
1.960994 0.197454 29.875050 12741.900990
1.981004 0.198369 29.902944 12767.258883
2.001014 0.198858 29.883744 12793.374384
2.021025 0.198059 29.916020 12809.776119
2.041035 0.197031 29.900887 12840.492611
2.061045 0.199990 29.917200 12859.610000
2.081055 0.198839 29.892871 12884.856436
2.101065 0.198774 29.877612 12916.487562
2.121075 0.197786 29.895220 12933.204878
2.141085 0.197860 29.931658 12965.427136
2.161096 0.199912 29.924400 12991.155000
2.181106 0.198287 29.946866 13012.572139
2.201116 0.198054 29.955122 13050.839024
2.221126 0.198138 29.884179 13066.686567
2.241136 0.199747 29.897200 13102.030000
2.261146 0.199672 29.835446 13131.039604
2.281156 0.198298 29.890891 13152.722772
2.301167 0.197596 29.922211 13193.125628
2.321177 0.199956 29.920990 13214.009901
2.341187 0.199324 29.917015 13250.965174
2.361197 0.199901 29.930000 13290.350000
2.381207 0.196441 29.846797 13312.908497
2.401217 0.197012 29.924238 13361.655629
2.421227 0.198183 29.871788 13394.019868
2.441238 0.196606 29.822517 13432.927152
2.461248 0.196681 29.917895 13484.032895
2.481258 0.197674 29.878701 13511.870130
2.501268 0.198675 29.911467 13568.653333
2.521278 0.198202 29.841611 13613.503356
2.541288 0.197450 29.943590 13653.282051
2.561298 0.198038 29.876316 13715.993421
2.581309 0.198957 29.931812 13755.503356
2.601319 0.198796 29.890201 13818.053691
2.621329 0.199083 29.847582 13882.614379
2.641339 0.197992 29.939467 13929.420000
2.661349 0.199099 29.933333 14009.733333
2.681359 0.199794 29.914065 14070.696774
2.701369 0.198524 29.867483 14142.993197
2.721380 0.199178 29.901961 14229.823529
2.741390 0.198888 29.893333 14290.746667
2.761400 0.200531 29.859603 14388.894040
2.781410 0.200266 29.888800 14472.826667
2.801420 0.199209 29.839195 14550.181208
2.821430 0.200250 29.906846 14657.583893
2.841440 0.199948 29.897105 14734.421053
2.861451 0.200853 29.919732 14841.315436
2.881461 0.199958 29.922384 14949.529801
2.901471 0.199163 29.943576 15034.125828
2.921481 0.200820 29.878919 15161.162162
2.941491 0.200988 29.920805 15262.483221
2.961501 0.200148 29.917124 15375.000000
2.981511 0.200506 29.886575 15510.534247
3.001522 0.199755 29.886275 15611.130719
3.021532 0.201803 29.866757 15754.378378
3.041542 0.200313 29.866053 15887.572368
3.061552 0.199276 29.858919 16003.074324
3.081562 0.201655 29.849333 16160.773333
3.101572 0.199614 29.907114 16284.234899
3.121583 0.200751 29.862313 3943.156463
3.141593 0.200009 29.901600 198.480000
3.161603 0.200256 29.905600 313.973333
3.181613 0.200804 29.907467 474.146667
3.201623 0.200250 29.915467 609.860000
3.221633 0.199417 29.911169 735.071429
3.241643 0.200309 29.869315 888.095890
3.261654 0.199517 29.926887 996.814570
3.281664 0.201371 29.818255 1130.597315
3.301674 0.199606 29.917616 1261.523179
3.321684 0.199581 29.917584 1357.476510
3.341694 0.201348 29.867200 1485.866667
3.361704 0.199262 29.886443 1583.832215
3.381714 0.200607 29.936842 1679.750000
3.401725 0.200088 29.900940 1789.657718
3.421735 0.200486 29.910400 1860.693333
3.441745 0.201080 29.865235 1956.859060
3.461755 0.200108 29.911946 2038.852349
3.481765 0.200217 29.861192 2102.602649
3.501775 0.201590 29.886027 2188.452055
3.521785 0.199964 29.882876 2245.202614
3.541796 0.201589 29.916242 2312.979866
3.561806 0.200205 29.945772 2383.255034
3.581816 0.201079 29.969801 2427.635762
3.601826 0.202781 29.886897 2496.682759
3.621836 0.199523 29.788235 2547.575163
3.641846 0.201501 29.817838 2596.972973
3.661856 0.200929 29.874362 2658.751678
3.681867 0.201240 29.910199 2696.000000
3.701877 0.201300 29.887517 2752.100671
3.721887 0.200646 29.882667 2801.066667
3.741897 0.199899 29.904324 2835.027027
3.761907 0.201470 29.897105 2888.644737
3.781917 0.200012 29.895238 2922.149660
3.801927 0.200836 29.897600 2961.413333
3.821938 0.199660 29.943200 3005.240000
3.841948 0.200308 29.880000 3027.422819
3.861958 0.201985 29.921074 3072.476510
3.881968 0.199412 29.898182 3101.272727
3.901978 0.201308 29.872000 3130.655172
3.921988 0.201298 29.902550 3168.805369
3.941998 0.200724 29.944636 3189.860927
3.962009 0.201307 29.845369 3228.073826
3.982019 0.200153 29.872800 3258.580000
4.002029 0.200022 29.915436 3282.691275
4.022039 0.202369 29.890331 3322.099338
4.042049 0.199596 29.859866 3344.107383
4.062059 0.200416 29.936644 3377.966443
4.082069 0.199551 29.949211 3408.973684
4.102080 0.199499 29.938255 3429.637584
4.122090 0.201778 29.905235 3463.684564
4.142100 0.198245 29.860662 3485.582781
4.162110 0.199808 29.828158 3510.690789
4.182120 0.199776 29.851544 3536.395973
4.202130 0.199483 29.911892 3552.229730
4.222140 0.200148 29.873333 3581.706667
4.242151 0.198701 29.841569 3598.130719
4.262161 0.198912 29.919195 3617.442953
4.282171 0.201066 29.876533 3647.240000
4.302181 0.197140 29.841019 3657.834395
4.322191 0.199493 29.916190 3691.197279
4.342201 0.197963 29.916364 3718.363636
4.362211 0.197923 29.935034 3747.073826
4.382222 0.199441 29.876291 3795.165563
4.402232 0.195676 29.924156 3828.883117
4.422242 0.198344 29.899603 3858.940397
4.442252 0.197938 29.854667 3888.113333
4.462262 0.197364 29.928889 3898.267974
4.482272 0.198147 29.915000 3916.026316
4.502282 0.195336 29.878961 3926.753247
4.522293 0.197451 29.924027 3945.523490
4.542303 0.198514 29.862895 3966.664474
4.562313 0.194206 29.860129 3972.574194
4.582323 0.197541 29.933158 3997.217105
4.602333 0.196452 29.902105 4018.111842
4.622343 0.196588 29.887226 4031.090323
4.642353 0.198607 29.887895 4055.750000
4.662364 0.193969 29.941677 4072.877419
4.682374 0.196966 29.884865 4096.797297
4.702384 0.196187 29.878726 4115.649682
4.722394 0.195187 29.898378 4133.945946
4.742404 0.196958 29.945263 4163.276316
4.762414 0.193806 29.904051 4175.860759
4.782424 0.197641 29.888919 4203.777027
4.802435 0.197739 29.940129 4227.238710
4.822445 0.193607 29.878954 4237.274510
4.842455 0.196783 29.879470 4272.450331
4.862465 0.196218 29.846579 4287.375000
4.882475 0.195626 29.889806 4301.296774
4.902485 0.198547 29.850196 4334.542484
4.922495 0.194064 29.907451 4346.307190
4.942506 0.197173 29.922614 4368.039216
4.962516 0.196269 29.874839 4392.935484
4.982526 0.194528 29.877386 4409.189542
5.002536 0.196021 29.883974 4434.880795
5.022546 0.193493 29.907436 4454.942308
5.042556 0.196140 29.932903 4480.193548
5.062567 0.196132 29.833377 4504.417219
5.082577 0.192558 29.884872 4525.698718
5.102587 0.195873 29.890513 4555.634615
5.122597 0.194802 29.886400 4578.546667
5.142607 0.194474 29.885229 4603.993464
5.162617 0.196295 29.902597 4634.688312
5.182627 0.192766 29.940903 4657.574194
5.202638 0.163033 29.909533 4697.668224
5.222648 0.182192 29.895596 4724.527523
5.242658 0.192560 29.899024 4739.140244
5.262668 0.192803 29.845895 4777.378947
5.282678 0.191254 29.862029 4795.763285
5.302688 0.194409 29.911111 4827.241546
5.322698 0.194258 29.926763 4860.212560
5.342709 0.191906 29.906087 4878.024155
5.362719 0.194347 29.884762 4923.580952
5.382729 0.193675 29.875922 4944.893204
5.402739 0.192759 29.888350 4980.058252
5.422749 0.193859 29.865756 5019.346341
5.442759 0.190771 29.896381 5043.738095
5.462769 0.195036 29.890588 5090.294118
5.482780 0.193460 29.905049 5121.422330
5.502790 0.191270 29.849765 5156.098592
5.522800 0.194169 29.873592 5208.606796
5.542810 0.192842 29.924038 5236.336538
5.562820 0.194263 29.840583 5287.805825
5.582830 0.194022 29.897087 5332.873786
5.602840 0.191375 29.857692 5367.673077
5.622851 0.194403 29.910244 5429.873171
5.642861 0.194211 29.902802 5467.613527
5.662871 0.192124 29.862995 5519.855072
5.682881 0.193523 29.884293 5580.004878
5.702891 0.191720 29.860561 5621.859813
5.722901 0.195070 29.890945 5692.905473
5.742911 0.193743 29.872621 5742.796117
5.762922 0.191849 29.901767 5799.879070
5.782932 0.194093 29.903920 5878.341709
5.802942 0.192985 29.898565 5927.813397
5.822952 0.193544 29.904601 6007.225352
5.842962 0.194130 29.939901 6078.536946
5.862972 0.191816 29.881538 6141.504808
5.882982 0.194189 29.939216 6236.313725
5.902993 0.194178 29.901359 6300.514563
5.923003 0.191895 29.914808 6384.182692
5.943013 0.194126 29.937799 6481.564593
5.963023 0.192132 29.947308 6555.721154
5.983033 0.193710 29.898641 6664.349515
6.003043 0.194150 29.911024 6752.663415
6.023053 0.191124 29.902264 6845.481132
6.043064 0.194655 29.874455 6970.381188
6.063074 0.194187 29.912885 7059.221154
6.083084 0.192760 29.909758 7179.913043
6.103094 0.194591 29.940198 7301.158416
6.123104 0.191897 29.922264 7406.410377
6.143114 0.194135 29.906019 7552.300971
6.163124 0.194431 29.890784 7664.872549
6.183135 0.190958 29.911469 7789.184834
6.203145 0.193713 29.940287 7943.808612
6.223155 0.192372 29.900483 8057.545894
6.243165 0.193471 29.868488 8205.907317
6.263175 0.194215 29.945769 8343.014423
