serial number: JANUSZ_2_RI80_21414848
torque: 16
start_temp: 29 (29)
finish_temp: 29 (29)
note: z janusza 2, os 1, CERA CX rozrzedzony
0.000000 0.082199 28.987541 7954.459016
0.020010 0.077516 28.978438 8080.664062
0.040020 0.080393 28.974080 8182.320000
0.060030 0.084040 28.985333 8315.841667
0.080041 0.081182 28.991803 8421.663934
0.100051 0.078947 28.952756 8532.133858
0.120061 0.077940 29.000000 8671.240310
0.140071 0.080935 29.000000 8767.814516
0.160081 0.085231 28.922414 8888.000000
0.180091 0.077622 28.986563 9008.437500
0.200101 0.077617 28.990154 9107.046154
0.220112 0.080950 28.983871 9240.177419
0.240122 0.081280 28.989677 9334.846774
0.260132 0.080425 28.961935 9435.717742
0.280142 0.076413 28.966718 9557.305344
0.300152 0.080229 28.968960 9637.032000
0.320162 0.084793 28.934237 9741.898305
0.340172 0.079102 28.978880 9829.392000
0.360183 0.078561 28.949921 9901.314961
0.380193 0.078390 28.968504 10003.125984
0.400203 0.082364 28.959016 10065.081967
0.420213 0.083179 28.979832 10139.605042
0.440223 0.077152 28.959695 10225.786260
0.460233 0.080381 28.973226 10281.870968
0.480243 0.084229 28.951667 10367.783333
0.500254 0.081050 28.965203 10428.512195
0.520264 0.080154 28.977419 10488.911290
0.540274 0.078345 28.991628 10572.271318
0.560284 0.082370 28.933333 10618.625000
0.580294 0.085700 28.974237 10686.974576
0.600304 0.077654 28.913386 10746.622047
0.620314 0.079774 28.952000 10792.280000
0.640325 0.081095 28.984000 10860.936000
0.660335 0.083710 28.920336 10899.495798
0.680345 0.081388 28.971148 10948.770492
0.700355 0.076782 28.977099 11004.755725
0.720365 0.081547 28.967480 11038.260163
0.740375 0.084876 28.959664 11092.462185
0.760385 0.080872 28.979672 11127.032787
0.780396 0.079840 28.945920 11164.968000
0.800406 0.078733 28.976693 11216.511811
0.820416 0.084373 28.983193 11241.176471
0.840426 0.086007 28.995517 11287.103448
0.860436 0.076929 28.957519 11322.558140
0.880446 0.080511 28.955806 11354.282258
0.900456 0.081867 28.946992 11399.894309
0.920467 0.084929 28.963390 11424.838983
0.940477 0.081833 28.971803 11463.745902
0.960487 0.077846 28.938125 11502.750000
0.980497 0.083243 28.940667 11530.908333
1.000507 0.085821 28.972881 11573.169492
1.020517 0.080433 28.954797 11600.829268
1.040528 0.079400 28.972480 11635.920000
1.060538 0.079100 28.976563 11673.718750
1.080548 0.084337 28.914915 11698.118644
1.100558 0.084234 28.987563 11735.058824
1.120568 0.077138 28.957846 11765.676923
1.140578 0.082896 28.966387 11792.310924
1.160588 0.083526 28.944000 11827.033333
1.180599 0.084626 28.963390 11844.669492
1.200609 0.081089 28.984194 11876.193548
1.220619 0.078961 28.992126 11902.102362
1.240629 0.083848 28.950000 11920.275000
1.260639 0.085591 28.945517 11951.008621
1.280649 0.079859 28.978560 11967.992000
1.300659 0.081182 28.991935 11995.677419
1.320670 0.080988 28.977561 12021.617886
1.340680 0.085916 28.954828 12039.025862
1.360690 0.082616 28.980656 12070.565574
1.380700 0.077786 28.968125 12091.070312
1.400710 0.082588 28.921639 12118.270492
1.420720 0.084574 28.963051 12144.855932
1.440730 0.083697 28.958319 12162.117647
1.460741 0.080843 28.956452 12195.274194
1.480751 0.081065 28.950244 12216.056911
1.500761 0.086163 28.977094 12240.273504
1.520771 0.085796 28.963826 12267.452174
1.540781 0.080230 28.997460 12283.206349
1.560791 0.081632 28.963226 12315.048387
1.580801 0.084468 28.936410 12333.042735
1.600812 0.085546 28.991453 12350.324786
1.620822 0.082328 28.933333 12379.400000
1.640832 0.080096 28.975238 12391.769841
1.660842 0.086015 28.935862 12416.336207
1.680852 0.086893 28.970087 12436.721739
1.700862 0.083160 28.950000 12448.366667
1.720872 0.080408 28.968000 12476.008000
1.740883 0.082463 28.922951 12491.836066
1.760893 0.084982 28.935043 12512.470085
1.780903 0.084326 28.943866 12535.831933
1.800913 0.080482 28.965161 12551.064516
1.820923 0.082474 28.924590 12581.295082
1.840933 0.085130 28.958974 12599.615385
1.860943 0.084618 28.936610 12620.788136
1.880954 0.082326 28.946116 12650.595041
1.900964 0.080639 28.975806 12667.241935
1.920974 0.085006 28.983390 12698.288136
1.940984 0.086464 28.973565 12719.434783
1.960994 0.082025 28.966504 12738.756098
1.981004 0.081656 28.969431 12771.821138
2.001014 0.083742 28.965378 12789.210084
2.021025 0.086510 28.959304 12816.939130
2.041035 0.084443 28.930084 12842.865546
2.061045 0.080341 28.903226 12862.306452
2.081055 0.084257 28.941667 12896.316667
2.101065 0.087980 28.969912 12917.902655
2.121075 0.084059 28.922353 12941.613445
2.141085 0.083620 28.898824 12976.084034
2.161096 0.083222 28.911074 12996.826446
2.181106 0.085840 28.960690 13030.353448
2.201116 0.087189 28.947719 13057.596491
2.221126 0.081476 28.894839 13077.685484
2.241136 0.083675 28.982333 13121.000000
2.261146 0.085553 28.926207 13137.974138
2.281156 0.086224 28.928276 13171.905172
2.301167 0.084252 28.939333 13202.841667
2.321177 0.081389 28.949836 13225.311475
2.341187 0.085086 28.940678 13269.152542
2.361197 0.088337 28.943158 13292.982456
2.381207 0.084087 28.948136 13325.059322
2.401217 0.083745 28.914333 13368.291667
2.421227 0.084523 28.951525 13395.483051
2.441238 0.081886 28.977742 13446.887097
2.461248 0.064565 28.992751 13492.948220
2.481258 0.072412 28.974982 13539.425455
2.501268 0.079347 28.977838 13570.587838
2.521278 0.073493 28.960147 13602.599265
2.541288 0.077276 28.980938 13650.691406
2.561298 0.073261 28.967737 13698.952555
2.581309 0.073944 28.967704 13739.270370
2.601319 0.080453 28.970484 13805.314516
2.621329 0.078474 28.972046 13847.285714
2.641339 0.075414 28.960920 13902.337165
2.661349 0.077419 28.943566 13972.108527
2.681359 0.077203 28.970000 14022.573077
2.701369 0.082477 28.965455 14099.520661
2.721380 0.077610 28.965426 14162.577519
2.741390 0.076492 28.942137 14228.118321
2.761400 0.081335 28.946452 14321.854839
2.781410 0.079267 28.977211 14385.270916
2.801420 0.081149 28.971639 14470.094262
2.821430 0.078032 28.957054 14559.837209
2.841440 0.077181 28.972868 14635.085271
2.861451 0.083157 28.987705 14741.614754
2.881461 0.079703 28.976000 14820.072000
2.901471 0.077324 28.984496 14912.550388
2.921481 0.079673 28.972271 15026.792829
2.941491 0.079373 28.976126 15111.581028
2.961501 0.082734 28.966141 15225.863071
2.981511 0.077617 28.978677 15330.431907
3.001522 0.077961 28.967907 15432.399225
3.021532 0.082805 28.966116 15569.450413
3.041542 0.080020 28.946560 15669.340000
3.061552 0.080585 28.945000 15791.322581
3.081562 0.078202 28.953594 15928.464844
3.101572 0.079859 28.940000 16041.732000
3.121583 0.084596 28.961207 16186.323276
3.141593 0.079770 28.980000 16308.496000
3.161603 0.077969 28.972868 2590.662791
3.181613 0.081262 28.967773 211.109312
3.201623 0.081760 28.975144 324.757202
3.221633 0.083129 28.983471 461.975207
3.241643 0.078112 28.940952 601.202381
3.261654 0.079495 28.964724 716.937008
3.281664 0.084260 28.982521 866.168067
3.301674 0.080254 28.964194 975.629032
3.321684 0.079401 28.959520 1090.660000
3.341694 0.078716 28.981250 1227.488281
3.361704 0.080270 28.975936 1325.043825
3.381714 0.084203 28.978136 1441.271186
3.401725 0.078301 28.982205 1541.807087
3.421735 0.076861 28.967634 1629.824427
3.441745 0.080480 28.955823 1743.060241
3.461755 0.080948 28.965506 1816.461538
3.481765 0.081031 28.963740 1899.817073
3.501775 0.077435 28.978366 1989.062257
3.521785 0.080085 28.980159 2052.972222
3.541796 0.084560 28.963882 2137.497890
3.561806 0.080257 28.953821 2198.069106
3.581816 0.079540 28.965238 2257.003968
3.601826 0.079825 28.954308 2334.110672
3.621836 0.082525 28.958347 2381.900826
3.641846 0.084450 28.968270 2443.772152
3.661856 0.078477 28.974646 2500.251969
3.681867 0.078996 28.951024 2545.783465
3.701877 0.083085 28.967967 2611.000000
3.721887 0.082594 28.960496 2650.115702
3.741897 0.081279 28.981951 2697.784553
3.761907 0.079475 28.961912 2751.701195
3.781917 0.081742 28.943902 2787.329268
3.801927 0.086145 28.952931 2839.155172
3.821938 0.080109 28.954699 2874.012048
3.841948 0.080288 28.981687 2909.871486
3.861958 0.081302 28.983320 2957.368421
3.881968 0.082822 28.955353 2984.634855
3.901978 0.083299 28.983766 3022.138075
3.921988 0.078372 28.957500 3057.023438
3.941998 0.080808 28.962581 3082.915323
3.962009 0.084687 28.971864 3125.432203
3.982019 0.082518 28.969167 3145.883333
4.002029 0.081439 28.973765 3179.089069
4.022039 0.079813 28.950279 3212.127490
4.042049 0.082509 28.962798 3237.777778
4.062059 0.086568 28.993391 3273.478261
4.082069 0.079976 28.972112 3298.258964
4.102080 0.081049 28.985425 3326.089069
4.122090 0.082690 28.969587 3361.677686
4.142100 0.084841 28.987234 3381.246809
4.162110 0.084202 28.973109 3412.554622
4.182120 0.079363 28.977778 3437.000000
4.202130 0.081906 28.946667 3458.106996
4.222140 0.085984 28.956537 3489.961039
4.242151 0.082338 28.988525 3504.504098
4.262161 0.081868 28.953770 3529.348361
4.282171 0.082127 28.949312 3554.829960
4.302181 0.083733 28.956134 3571.134454
4.322191 0.087545 28.942203 3601.718062
4.342201 0.080384 28.972530 3622.100402
4.362211 0.082900 28.987552 3650.813278
4.382222 0.084721 28.983898 3689.114407
4.402232 0.084431 28.944304 3712.881857
4.422242 0.084174 28.945485 3754.628692
4.442252 0.079425 28.959051 3777.841897
4.462262 0.083106 28.960496 3805.917355
4.482272 0.086857 28.946783 3831.234783
4.502282 0.081969 28.963292 3841.423868
4.522293 0.082558 28.962656 3865.966805
4.542303 0.083640 28.960167 3883.320833
4.562313 0.084656 28.953080 3897.156118
4.582323 0.086555 28.960000 3919.367965
4.602333 0.079475 28.986508 3932.119048
4.622343 0.082772 28.992397 3955.483471
4.642353 0.085957 28.965887 3972.480519
4.662364 0.083895 28.973333 3987.108333
4.682374 0.083765 28.964333 4016.866667
4.702384 0.080617 28.971429 4029.820408
4.722394 0.085443 28.985702 4052.800000
4.742404 0.087413 28.942009 4080.240175
4.762414 0.080326 28.969756 4092.056911
4.782424 0.083222 28.957521 4121.785124
4.802435 0.084367 28.988861 4142.565401
4.822445 0.085213 28.978723 4160.395745
4.842455 0.086216 28.971429 4190.047619
4.862465 0.079204 28.970866 4205.555118
4.882475 0.084882 28.987179 4231.324786
4.902485 0.086036 28.953191 4253.957447
4.922495 0.082972 28.963361 4271.142857
4.942506 0.083445 28.947386 4298.190871
4.962516 0.080045 28.939920 4314.581673
4.982526 0.085847 28.979227 4340.721030
5.002536 0.086695 28.976348 4362.169565
5.022546 0.079781 28.972160 4379.092000
5.042556 0.083032 28.974050 4411.165289
5.062567 0.083666 28.992167 4427.808333
5.082577 0.085638 28.977931 4454.413793
5.102587 0.083984 28.973502 4482.789030
5.122597 0.078569 28.978510 4500.929412
5.142607 0.085837 28.956239 4535.354701
5.162617 0.084904 28.948692 4558.388186
5.182627 0.082153 28.959008 4582.900826
5.202638 0.083205 28.971548 4620.125523
5.222648 0.081817 28.950244 4640.207317
5.242658 0.086851 28.970345 4674.318966
5.262668 0.085422 28.977167 4705.343348
5.282678 0.079574 28.989365 4726.198413
5.302688 0.083169 28.982000 4769.512500
5.322698 0.083863 28.971381 4788.489540
5.342709 0.083743 28.954622 4823.609244
5.362719 0.082377 28.965785 4859.570248
5.382729 0.079283 28.964111 4883.897233
5.402739 0.085258 28.975932 4926.588983
5.422749 0.084509 28.966638 4954.263830
5.442759 0.077958 28.977746 4982.908451
5.462769 0.078409 28.984252 5031.377953
5.482780 0.078053 28.968750 5055.039062
5.502790 0.083556 28.983333 5101.400000
5.522800 0.078748 28.957795 5139.826772
5.542810 0.077105 28.964308 5172.607692
5.562820 0.081487 28.976000 5227.912000
5.582830 0.080749 29.000000 5257.573770
5.602840 0.080693 28.981290 5305.572581
5.622851 0.076376 28.964545 5357.477273
5.642861 0.076587 28.984496 5394.085271
5.662871 0.083956 28.964000 5455.525000
5.682881 0.079226 28.938065 5495.032258
5.702891 0.076787 28.932615 5545.969231
5.722901 0.078563 28.967442 5612.093023
5.742911 0.079629 28.999680 5650.576000
5.762922 0.084170 29.000000 5718.344538
5.782932 0.078225 28.984375 5773.210938
5.802942 0.076594 28.956923 5826.669231
5.822952 0.081851 28.923577 5904.788618
5.842962 0.081701 28.942623 5951.622951
5.862972 0.080111 28.951613 6023.637097
5.882982 0.077436 28.964615 6100.192308
5.902993 0.077664 28.965625 6156.484375
5.923003 0.083597 28.976667 6244.208333
5.943013 0.078171 28.928682 6306.875969
5.963023 0.076689 28.973643 6383.968992
5.983033 0.079692 28.995238 6477.896825
6.003043 0.079961 28.933651 6538.690476
6.023053 0.082545 28.953388 6635.247934
6.043064 0.075932 28.984733 6721.427481
6.063074 0.077444 28.985231 6801.592308
6.083084 0.082310 28.999339 6910.735537
6.103094 0.079737 28.987840 6985.504000
6.123104 0.078321 28.934264 7087.503876
6.143114 0.075926 28.976744 7201.162791
6.163124 0.078548 28.947287 7285.961240
6.183135 0.083252 28.956667 7405.058333
6.203145 0.076743 29.000000 7504.446154
6.223155 0.076561 28.992308 7610.000000
6.243165 0.081374 28.967480 7740.211382
6.263175 0.082097 28.961311 7833.459016
