serial number: JANUSZ_2_RI80_21414848
torque: 16
start_temp: 23 (24)
finish_temp: 23 (24)
note: po ostygnieciu
0.000000 0.128906 23.000000 8633.097458
0.020010 0.126956 23.000000 8749.161017
0.040020 0.128286 23.000000 8883.346320
0.060030 0.127702 23.000000 9025.558824
0.080041 0.124464 23.000000 9137.550000
0.100051 0.130357 23.000000 9283.039130
0.120061 0.127895 23.000000 9394.728814
0.140071 0.127328 23.000000 9505.285106
0.160081 0.128568 23.000000 9640.519149
0.180091 0.126012 23.008511 9733.370213
0.200101 0.129920 23.000000 9845.806034
0.220112 0.128364 23.000000 9945.802575
0.240122 0.125083 23.000000 10026.500000
0.260132 0.129743 23.000000 10133.038961
0.280142 0.127687 23.004237 10203.033898
0.300152 0.127829 23.000000 10280.506438
0.320162 0.127620 23.000000 10366.719828
0.340172 0.125838 23.000000 10426.819328
0.360183 0.131244 23.000000 10509.303030
0.380193 0.128117 23.000000 10570.815451
0.400203 0.126853 23.000000 10629.466102
0.420213 0.128928 23.000000 10708.427350
0.440223 0.127731 23.000000 10757.450644
0.460233 0.130292 23.000000 10822.186147
0.480243 0.128730 23.000000 10880.047009
0.500254 0.125333 23.000000 10926.012605
0.520264 0.130733 23.000000 10990.709957
0.540274 0.128758 23.000000 11030.371795
0.560284 0.128826 23.000000 11076.692641
0.580294 0.128812 23.000000 11127.523404
0.600304 0.126477 23.000000 11162.408511
0.620314 0.131465 23.000000 11211.528384
0.640325 0.128632 23.000000 11243.269231
0.660335 0.126243 23.000000 11279.799163
0.680345 0.129282 22.994978 11324.268398
0.700355 0.128291 22.996410 11350.534188
0.720365 0.129479 23.000000 11387.883117
0.740375 0.128752 23.000000 11420.547414
0.760385 0.126296 23.000000 11446.159664
0.780396 0.131604 23.000000 11487.350877
0.800406 0.129213 23.000000 11509.497872
0.820416 0.127878 23.000000 11540.681223
0.840426 0.129000 23.000000 11576.055319
0.860436 0.127616 23.000000 11596.728814
0.880446 0.131477 23.000000 11636.065789
0.900456 0.129504 23.000000 11656.758621
0.920467 0.127460 23.000000 11686.270386
0.940477 0.130450 23.000000 11720.182609
0.960487 0.129552 23.000000 11739.416309
0.980497 0.129548 23.000000 11774.227468
1.000507 0.129242 23.000000 11796.931034
1.020517 0.127265 23.000000 11823.309322
1.040528 0.132141 23.000000 11853.764444
1.060538 0.130179 23.000000 11870.293103
1.080548 0.128989 23.000000 11898.069565
1.100558 0.130472 23.000000 11920.250000
1.120568 0.128204 23.000000 11937.940426
1.140578 0.131710 23.000000 11965.635556
1.160588 0.129030 23.000000 11978.133047
1.180599 0.128306 23.000000 12001.173729
1.200609 0.132365 23.000000 12024.969163
1.220619 0.129659 23.000000 12036.887931
1.240629 0.130638 23.000000 12064.567686
1.260639 0.130118 23.000000 12080.429825
1.280649 0.127606 22.983797 12099.278481
1.300659 0.132709 22.990442 12127.628319
1.320670 0.130191 23.000000 12138.530435
1.340680 0.128603 23.000000 12163.969957
1.360690 0.131084 23.013043 12186.330435
1.380700 0.129045 23.000000 12202.004292
1.400710 0.132468 23.000000 12229.513274
1.420720 0.130502 23.000000 12243.384279
1.440730 0.129316 23.000000 12267.165939
1.460741 0.133185 23.000000 12287.828194
1.480751 0.131081 22.991228 12302.030702
1.500761 0.131516 23.000000 12328.889868
1.520771 0.131408 23.000000 12340.219828
1.540781 0.130306 23.000000 12360.428571
1.560791 0.134120 23.000000 12385.040359
1.580801 0.130815 23.000000 12392.554585
1.600812 0.129252 23.000000 12413.974026
1.620822 0.132942 23.000000 12430.322115
1.640832 0.129002 23.006452 12445.348387
1.660842 0.131624 23.000000 12466.967532
1.680852 0.128332 23.000000 12475.826923
1.700862 0.128664 23.000000 12501.333333
1.720872 0.131781 23.000000 12520.227273
1.740883 0.129330 22.987013 12532.207792
1.760893 0.129396 23.000000 12561.389610
1.780903 0.129094 23.000000 12575.070968
1.800913 0.128832 23.000000 12596.452229
1.820923 0.131952 23.000000 12623.657895
1.840933 0.128525 23.000000 12635.974026
1.860943 0.128276 23.000000 12664.076923
1.880954 0.131517 23.000000 12683.152318
1.900964 0.129903 23.000000 12702.522581
1.920974 0.130942 22.980263 12731.730263
1.940984 0.129093 23.000000 12745.509677
1.960994 0.130773 23.000000 12773.129870
1.981004 0.131844 23.000000 12797.131579
2.001014 0.129569 23.000000 12815.188312
2.021025 0.129442 23.000000 12846.745098
2.041035 0.129570 23.000000 12864.649682
2.061045 0.130764 23.000000 12891.457516
2.081055 0.131051 23.000000 12922.506579
2.101065 0.130338 23.000000 12938.837662
2.121075 0.130438 23.000000 12973.051948
2.141085 0.132490 23.000000 12996.606667
2.161096 0.131611 23.000000 13019.868421
2.181106 0.131539 23.000000 13058.033113
2.201116 0.130186 23.000000 13072.870130
2.221126 0.132252 23.000000 13110.973856
2.241136 0.133104 23.000000 13136.281879
2.261146 0.131359 23.000000 13160.671141
2.281156 0.131021 23.000000 13200.729032
2.301167 0.130900 23.000000 13221.238411
2.321177 0.133644 22.998400 13260.946667
2.341187 0.132375 22.991316 13297.440789
2.361197 0.130807 22.997143 13324.058442
2.381207 0.131787 23.000000 13371.675497
2.401217 0.133277 22.993333 13402.913333
2.421227 0.132577 23.000000 13443.867550
2.441238 0.132131 23.000000 13492.881579
2.461248 0.131247 23.000000 13523.317881
2.481258 0.133779 23.000000 13579.700000
2.501268 0.132853 23.000000 13621.622517
2.521278 0.131089 23.000000 13665.368421
2.541288 0.131101 23.000000 13727.196078
2.561298 0.133273 23.000000 13766.894040
2.581309 0.133695 23.000000 13832.753333
2.601319 0.131935 23.000000 13894.225166
2.621329 0.131308 23.000000 13944.434211
2.641339 0.132129 23.000000 14024.750000
2.661349 0.134728 23.000000 14083.425676
2.681359 0.132973 23.000000 14158.238411
2.701369 0.131940 23.000000 14244.380000
2.721380 0.132228 23.000000 14305.907285
2.741390 0.134135 23.000000 14403.590604
2.761400 0.133785 23.000000 14484.892617
2.781410 0.132381 23.000000 14567.935897
2.801420 0.132217 23.000000 14675.886667
2.821430 0.133453 23.000000 14750.825503
2.841440 0.133518 23.000000 14859.174497
2.861451 0.133002 23.000000 14964.948052
2.881461 0.132926 23.000000 15053.000000
2.901471 0.133923 23.000000 15178.616438
2.921481 0.134804 23.000000 15277.733333
2.941491 0.133110 23.000000 15394.420000
2.961501 0.133024 23.000000 15528.000000
2.981511 0.133572 23.000000 15629.101351
3.001522 0.134434 23.000000 15772.600000
3.021532 0.132882 23.000000 15899.598639
3.041542 0.131580 23.000000 16020.515924
3.061552 0.133367 23.000000 16178.281879
3.081562 0.134222 23.000000 16296.664384
3.101572 0.133590 23.000000 2335.410596
3.121583 0.132986 23.000000 212.190789
3.141593 0.132424 23.000000 329.906667
3.161603 0.134250 23.000000 487.244898
3.181613 0.135034 23.000000 617.813333
3.201623 0.132601 23.000000 746.039474
3.221633 0.133259 23.000000 897.412162
3.241643 0.133465 23.000000 1005.566667
3.261654 0.134044 23.000000 1140.449664
3.281664 0.133096 23.000000 1266.846667
3.301674 0.131135 23.000000 1365.392157
3.321684 0.134248 23.000000 1493.033784
3.341694 0.133627 23.000000 1586.180000
3.361704 0.133299 23.000000 1684.967105
3.381714 0.132672 23.000000 1792.529801
3.401725 0.132230 23.000000 1863.947020
3.421735 0.134673 23.000000 1959.707483
3.441745 0.133499 23.000000 2038.397351
3.461755 0.131281 23.000000 2104.631579
3.481765 0.132764 23.000000 2190.556291
3.501775 0.133469 23.000000 2245.153333
3.521785 0.134281 23.000000 2314.966667
3.541796 0.132638 23.000000 2383.040000
3.561806 0.131990 23.000000 2428.794702
3.581816 0.135912 23.000000 2498.409396
3.601826 0.133286 23.000000 2546.892617
3.621836 0.133177 23.000000 2597.920000
3.641846 0.132112 23.000000 2659.320261
3.661856 0.132115 23.000000 2696.506579
3.681867 0.136335 23.000000 2753.657534
3.701877 0.132621 23.000000 2799.873333
3.721887 0.131815 23.000000 2835.741722
3.741897 0.133979 23.000000 2888.281879
3.761907 0.132885 23.000000 2920.849673
3.781917 0.134723 23.000000 2962.628378
3.801927 0.131776 23.000000 3004.311258
3.821938 0.131844 23.000000 3028.822368
3.841948 0.136481 23.000000 3072.719178
3.861958 0.132373 23.000000 3099.649007
3.881968 0.133746 23.000000 3130.620000
3.901978 0.131934 23.000000 3168.815789
3.921988 0.132364 23.000000 3189.606667
3.941998 0.136146 23.000000 3228.582192
3.962009 0.131325 23.000000 3257.138158
3.982019 0.131837 23.000000 3283.842105
4.002029 0.134008 23.000000 3322.164474
4.022039 0.132808 23.000000 3343.510067
4.042049 0.133975 23.000000 3378.771812
4.062059 0.130817 23.000000 3408.467105
4.082069 0.132301 23.000000 3430.289474
4.102080 0.134922 23.000000 3464.283784
4.122090 0.131796 23.000000 3484.258278
4.142100 0.132909 23.000000 3510.966667
4.162110 0.131561 23.000000 3535.928571
4.182120 0.133047 23.000000 3552.087248
4.202130 0.135520 23.000000 3582.263514
4.222140 0.130817 23.000000 3598.045455
4.242151 0.132254 23.000000 3619.059211
4.262161 0.133744 23.000000 3647.466667
4.282171 0.132717 23.000000 3658.574324
4.302181 0.134049 23.000000 3690.655629
4.322191 0.131678 23.000000 3718.789474
4.342201 0.133071 23.000000 3747.697987
4.362211 0.135229 23.000000 3794.877551
4.382222 0.130317 23.000000 3825.258065
4.402232 0.131806 23.000000 3859.480263
4.422242 0.130246 23.000000 3885.072368
4.442252 0.133047 23.000000 3897.320000
4.462262 0.133590 23.000000 3917.200000
4.482272 0.128529 23.000000 3926.551282
4.502282 0.132107 23.000000 3945.328947
4.522293 0.131961 23.000000 3965.640000
4.542303 0.132141 23.000000 3973.480263
4.562313 0.131889 23.000000 3997.038961
4.582323 0.128652 23.000000 4014.961290
4.602333 0.132041 23.000000 4031.553333
4.622343 0.131506 23.000000 4055.470588
4.642353 0.129489 23.000000 4069.714286
4.662364 0.131158 22.993464 4097.032680
4.682374 0.129718 23.000000 4115.754839
4.702384 0.131561 23.000000 4133.699346
4.722394 0.131171 23.000000 4163.384106
4.742404 0.129082 23.000000 4176.000000
4.762414 0.132000 23.000000 4202.967105
4.782424 0.131297 23.000000 4226.631579
4.802435 0.131409 23.000000 4238.259740
4.822445 0.130223 23.000000 4270.568627
4.842455 0.129756 23.000000 4286.193548
4.862465 0.132207 23.000000 4303.467105
4.882475 0.131571 23.000000 4331.280000
4.902485 0.129080 23.000000 4343.851613
4.922495 0.131120 23.000000 4368.876623
4.942506 0.130858 23.000000 4389.671053
4.962516 0.131761 23.000000 4407.622517
4.982526 0.130373 23.000000 4434.722581
5.002536 0.128607 23.000000 4452.109677
5.022546 0.132074 23.000000 4480.384106
5.042556 0.130716 23.000000 4503.039216
5.062567 0.130627 23.000000 4523.812903
5.082577 0.129480 23.000000 4555.636364
5.102587 0.130273 23.000000 4576.496732
5.122597 0.132145 23.000000 4604.596026
5.142607 0.131791 23.000000 4633.317881
5.162617 0.128911 23.000000 4655.873418
5.182627 0.130481 23.000000 4688.203947
5.202638 0.131367 23.000000 4715.644737
5.222648 0.131072 23.000000 4737.662338
5.242658 0.131742 23.000000 4775.774834
5.262668 0.129953 23.000000 4795.282895
5.282678 0.132108 23.000000 4829.091503
5.302688 0.132555 23.000000 4859.496689
5.322698 0.129975 23.000000 4878.337748
5.342709 0.131491 23.000000 4923.664516
5.362719 0.132064 23.000000 4943.763158
5.382729 0.131411 23.000000 4982.152318
5.402739 0.132357 23.000000 5018.380000
5.422749 0.129239 23.000000 5044.909677
5.442759 0.131909 23.000000 5092.296053
5.462769 0.132003 23.000000 5122.006579
5.482780 0.129919 23.000000 5158.588235
5.502790 0.131872 23.000000 5208.675497
5.522800 0.130051 23.000000 5237.948387
5.542810 0.133279 23.013423 5291.006711
5.562820 0.131967 23.000000 5333.302632
5.582830 0.129125 23.000000 5370.545455
5.602840 0.131176 23.000000 5431.740260
5.622851 0.132070 22.991579 5469.986842
5.642861 0.131504 22.988609 5524.774834
5.662871 0.116813 23.000000 5585.143646
5.682881 0.112991 23.000000 5625.800766
5.702891 0.125331 23.000000 5698.748954
5.722901 0.127792 23.000000 5746.109170
5.742911 0.123560 23.000000 5804.123967
5.762922 0.126945 23.000000 5880.658228
5.782932 0.126000 23.000000 5932.894068
5.802942 0.127933 23.000000 6012.679325
5.822952 0.127065 23.000000 6081.266949
5.842962 0.123568 23.000000 6146.962656
5.862972 0.128653 23.000000 6241.811159
5.882982 0.127463 23.000000 6306.252101
5.902993 0.126149 23.000000 6393.641350
5.923003 0.127489 23.000000 6486.434043
5.943013 0.123506 23.000000 6563.024590
5.963023 0.128563 23.000000 6673.193133
5.983033 0.127604 23.000000 6759.012766
6.003043 0.123674 23.000000 6853.825726
6.023053 0.127985 23.000000 6977.100840
6.043064 0.125962 23.000000 7069.155462
6.063074 0.128107 23.000000 7191.313305
6.083084 0.127194 23.000000 7309.110638
6.103094 0.123471 23.004098 7416.618852
6.123104 0.128742 23.000000 7563.240343
6.143114 0.126859 23.000000 7674.256303
6.163124 0.126174 23.000000 7801.762712
6.183135 0.127371 23.000000 7951.402542
6.203145 0.125222 23.000000 8066.958159
6.223155 0.129317 22.995690 8218.206897
6.243165 0.128007 23.000000 8349.547009
6.263175 0.124332 23.000000 8472.074689
