serial number: JANUSZ_2_RI80_21414848
torque: 16
start_temp: 30 (30)
finish_temp: 30 (30)
note: z janusza 2, os 1, CX80 litowy NLG0, po 1min obrotu
0.000000 0.214228 29.983037 9115.753927
0.020010 0.215303 30.000000 9255.456522
0.040020 0.215792 29.996757 9378.902703
0.060030 0.213162 29.997849 9483.521505
0.080041 0.216483 29.989305 9622.224599
0.100051 0.214158 29.994624 9716.951613
0.120061 0.214267 29.981519 9819.259494
0.140071 0.214679 29.992286 9935.207143
0.160081 0.212153 29.974857 10012.964286
0.180091 0.215968 29.956879 10116.858156
0.200101 0.213790 29.989855 10193.500000
0.220112 0.212699 29.985915 10265.485915
0.240122 0.214320 29.996596 10358.794326
0.260132 0.213434 29.973239 10417.295775
0.280142 0.213095 29.987143 10494.671429
0.300152 0.214340 29.993429 10564.564286
0.320162 0.213241 29.987887 10620.338028
0.340172 0.215558 29.997971 10700.318841
0.360183 0.213531 29.985612 10749.561151
0.380193 0.213998 29.988936 10809.496454
0.400203 0.214359 29.982571 10875.685714
0.420213 0.213004 29.993007 10919.615385
0.440223 0.214826 30.000000 10982.223022
0.460233 0.213795 30.000000 11025.642857
0.480243 0.175867 29.965027 11094.027322
0.500254 0.214940 29.983714 11123.742857
0.520264 0.213826 29.986014 11156.244755
0.540274 0.195033 29.968377 11204.471204
0.560284 0.206297 29.990417 11240.359375
0.580294 0.210055 29.992292 11273.729167
0.600304 0.213850 29.973622 11318.897297
0.620314 0.213100 29.994316 11346.742105
0.640325 0.213332 29.990703 11379.032432
0.660335 0.214783 29.998503 11419.192513
0.680345 0.214072 29.996150 11439.786096
0.700355 0.214850 29.998503 11481.486631
0.720365 0.213538 29.989305 11504.860963
0.740375 0.213121 29.992169 11535.095238
0.760385 0.215234 29.986452 11572.500000
0.780396 0.214623 29.997838 11592.167568
0.800406 0.212948 29.996875 11628.296875
0.820416 0.215331 29.978495 11655.145161
0.840426 0.214820 29.994565 11679.744565
0.860436 0.216331 29.997377 11717.142077
0.880446 0.214852 29.997263 11734.710526
0.900456 0.213851 29.987676 11767.908108
0.920467 0.216259 29.967692 11794.895604
0.940477 0.214762 29.982222 11815.962963
0.960487 0.215048 29.997405 11849.313514
0.980497 0.215090 29.989362 11865.771277
1.000507 0.214126 29.991016 11892.946524
1.020517 0.216672 29.996721 11918.382514
1.040528 0.215505 29.990802 11931.663102
1.060538 0.214064 29.982581 11960.666667
1.080548 0.216211 29.995892 11976.421622
1.100558 0.215609 29.983871 11994.930108
1.120568 0.217225 30.000000 12022.130435
1.140578 0.214978 29.976649 12032.481081
1.160588 0.214374 29.986809 12057.962766
1.180599 0.217356 29.998913 12077.864130
1.200609 0.215714 30.000000 12093.053763
1.220619 0.215008 29.999560 12121.840659
1.240629 0.215926 29.984632 12134.042105
1.260639 0.215146 29.992432 12157.600000
1.280649 0.217588 29.996739 12183.114130
1.300659 0.216448 29.964783 12195.233696
1.320670 0.215060 29.997189 12222.751351
1.340680 0.217037 30.000000 12239.616216
1.360690 0.216260 30.000000 12259.657609
1.380700 0.217710 30.000000 12284.259459
1.400710 0.216006 29.988021 12295.919786
1.420720 0.214816 29.995847 12322.355191
1.440730 0.218895 29.981899 12337.178771
1.460741 0.217762 29.988950 12352.734807
1.480751 0.217595 29.990383 12379.677596
1.500761 0.217260 29.992688 12387.268817
1.520771 0.216992 29.990889 12407.066667
1.540781 0.218914 29.994565 12427.380435
1.560791 0.216749 29.990000 12437.845745
1.580801 0.216279 29.995111 12460.788889
1.600812 0.218011 29.987380 12471.572193
1.620822 0.218024 29.962623 12493.202186
1.640832 0.219178 29.991957 12515.614130
1.660842 0.217353 29.991522 12524.701087
1.680852 0.216684 30.000000 12553.967391
1.700862 0.219982 29.993149 12570.375691
1.720872 0.218676 29.995847 12586.994536
1.740883 0.218422 30.005714 12617.813187
1.760893 0.218083 29.989032 12629.225806
1.780903 0.219003 30.000000 12654.994475
1.800913 0.220208 30.000000 12679.287293
1.820923 0.218337 30.000000 12693.659459
1.840933 0.218391 29.979459 12723.832432
1.860943 0.218708 29.982418 12739.796703
1.880954 0.219470 29.989011 12763.439560
1.900964 0.219467 29.980652 12791.407609
1.920974 0.218403 29.993812 12806.535912
1.940984 0.218400 29.995870 12836.706522
1.960994 0.221100 29.991381 12858.209945
1.981004 0.219216 30.000000 12880.895604
2.001014 0.219017 29.994162 12913.427027
2.021025 0.217894 29.982198 12930.368132
2.041035 0.219549 29.996243 12960.690608
2.061045 0.219368 30.000000 12989.702703
2.081055 0.219066 30.000000 13009.032967
2.101065 0.218946 29.994536 13046.896175
2.121075 0.218695 29.998681 13064.494505
2.141085 0.219732 29.987933 13096.558659
2.161096 0.219424 29.996791 13129.422460
2.181106 0.217856 29.998182 13147.590909
2.201116 0.218471 29.972818 13189.292818
2.221126 0.220243 29.980984 13212.092896
2.241136 0.220060 30.000000 13245.696133
2.261146 0.219118 29.998462 13287.137363
2.281156 0.218516 30.000000 13308.397790
2.301167 0.220712 30.000000 13357.153005
2.321177 0.220237 29.988132 13391.483516
2.341187 0.219410 29.986519 13426.486188
2.361197 0.219128 29.992308 13478.989011
2.381207 0.219693 29.993661 13507.273224
2.401217 0.221250 29.980565 13561.237288
2.421227 0.220116 29.992391 13610.141304
2.441238 0.219284 29.968913 13646.163043
2.461248 0.219466 29.991333 13709.011111
2.481258 0.221310 29.984972 13751.320442
2.501268 0.220461 30.000000 13809.104972
2.521278 0.219646 30.000000 13876.562162
2.541288 0.219404 30.000000 13921.889503
2.561298 0.221421 29.994505 14001.890110
2.581309 0.220784 30.000000 14066.131868
2.601319 0.220140 29.989613 14132.580110
2.621329 0.220793 29.967778 14221.094444
2.641339 0.221120 29.992667 14282.272222
2.661349 0.222289 29.992088 14376.571429
2.681359 0.220947 29.996923 14465.554945
2.701369 0.220449 29.977268 14538.803279
2.721380 0.220619 29.978547 14648.027933
2.741390 0.221652 29.994413 14727.145251
2.761400 0.221422 29.991556 14826.227778
2.781410 0.220584 29.980331 14937.839779
2.801420 0.220515 29.991429 15019.884615
2.821430 0.221363 29.992527 15146.021978
2.841440 0.220422 29.978324 15253.508380
2.861451 0.220232 29.981739 15357.418478
2.881461 0.221282 29.983956 15496.071429
2.901471 0.221290 29.984309 15599.453039
2.921481 0.222013 29.996022 15736.381215
2.941491 0.221060 29.970387 15874.988950
2.961501 0.221078 29.981111 15983.738889
2.981511 0.221444 29.977017 16142.856354
3.001522 0.221441 29.992402 16270.737430
3.021532 0.221236 30.000000 5931.163934
3.041542 0.220987 29.988352 183.489011
3.061552 0.221050 29.989670 301.109890
3.081562 0.221526 30.000000 457.106742
3.101572 0.221342 29.991429 598.840659
3.121583 0.219901 29.990110 717.516484
3.141593 0.221474 29.987624 871.491713
3.161603 0.221102 29.997753 986.432584
3.181613 0.221698 29.983425 1113.198895
3.201623 0.221237 30.000000 1249.160221
3.221633 0.220934 30.000000 1343.696133
3.241643 0.221376 30.000000 1470.662921
3.261654 0.221430 29.994565 1575.510870
3.281664 0.221217 29.972222 1666.638889
3.301674 0.221910 29.994505 1778.038462
3.321684 0.221366 29.994382 1851.460674
3.341694 0.221446 30.000000 1943.478022
3.361704 0.221956 29.977778 2031.816667
3.381714 0.220811 30.000000 2092.291209
3.401725 0.222759 29.983333 2179.455556
3.421735 0.221380 29.996404 2240.028090
3.441745 0.222027 29.981538 2303.543956
3.461755 0.221601 30.000000 2377.000000
3.481765 0.220849 29.982857 2421.120879
3.501775 0.222258 29.981573 2488.882022
3.521785 0.221356 29.985792 2543.907104
3.541796 0.221709 29.994350 2589.502825
3.561806 0.222883 29.963536 2652.618785
3.581816 0.221288 29.958889 2691.350000
3.601826 0.221527 30.000000 2744.248619
3.621836 0.221053 30.000000 2796.607735
3.641846 0.220234 30.000000 2828.780220
3.661856 0.222952 30.000000 2883.418994
3.681867 0.219943 30.000000 2919.038043
3.701877 0.221753 29.983607 2955.989071
3.721887 0.221198 29.980222 3001.744444
3.741897 0.220492 29.991955 3023.513966
3.761907 0.222004 29.995754 3067.670391
3.781917 0.218924 29.969180 3098.540984
3.801927 0.220170 29.980889 3124.700000
3.821938 0.222625 29.977705 3164.808743
3.841948 0.220307 29.974505 3187.241758
3.861958 0.221455 29.990276 3222.790055
3.881968 0.220669 29.985275 3255.796703
3.901978 0.219832 29.994475 3277.828729
3.921988 0.222443 29.987333 3318.088889
3.941998 0.218880 29.990549 3341.824176
3.962009 0.221250 30.000000 3372.807692
3.982019 0.220739 30.000000 3405.832402
4.002029 0.219877 29.989111 3425.272222
4.022039 0.221695 29.983478 3459.788043
4.042049 0.218269 29.998022 3483.510989
4.062059 0.220620 29.971648 3506.021978
4.082069 0.221857 29.981319 3533.609890
4.102080 0.218613 29.982697 3549.455056
4.122090 0.220467 29.989130 3578.353261
4.142100 0.219338 29.998913 3596.336957
4.162110 0.219716 29.995506 3612.696629
4.182120 0.221934 30.000000 3644.818681
4.202130 0.218088 29.985000 3656.277174
4.222140 0.220572 29.982793 3684.558659
4.242151 0.219576 29.991016 3716.037433
4.262161 0.219193 29.991778 3740.722222
4.282171 0.220300 30.000000 3790.271739
4.302181 0.216463 30.000000 3825.826087
4.322191 0.220263 29.988827 3853.815642
4.342201 0.220413 29.989071 3885.841530
4.362211 0.217438 29.988066 3896.502762
4.382222 0.219052 29.975484 3913.543011
4.402232 0.217788 29.998478 3925.260870
4.422242 0.219377 29.988889 3941.238889
4.442252 0.219991 30.000000 3965.554348
4.462262 0.216197 29.995892 3971.508108
4.482272 0.219522 29.968743 3992.765027
4.502282 0.218135 29.975301 4016.284153
4.522293 0.217691 30.000000 4028.398907
4.542303 0.219659 29.995892 4052.205405
4.562313 0.215168 29.987692 4070.076923
4.582323 0.219313 29.990870 4092.994565
4.602333 0.218303 29.998280 4113.408602
4.622343 0.216168 30.000000 4130.576087
4.642353 0.218309 29.977901 4161.198895
4.662364 0.217740 29.998703 4173.832432
4.682374 0.218543 29.995801 4197.917127
4.702384 0.218935 29.991087 4225.869565
4.722394 0.215547 29.998054 4234.762162
4.742404 0.218718 29.987312 4267.731183
4.762414 0.217426 29.996464 4286.513812
4.782424 0.216309 29.998710 4297.661290
4.802435 0.217999 29.995870 4331.402174
4.822445 0.214754 29.980860 4344.967742
4.842455 0.218402 29.984348 4363.967391
4.862465 0.217402 29.974945 4390.565934
4.882475 0.214895 30.000000 4405.989130
4.902485 0.216341 29.975187 4431.347594
4.922495 0.216311 29.976559 4452.505376
4.942506 0.216253 29.962162 4476.270270
4.962516 0.216777 29.987872 4501.755319
4.982526 0.213728 29.990549 4522.439560
5.002536 0.216792 29.990703 4552.016216
5.022546 0.215882 29.993081 4575.394595
5.042556 0.214110 29.989247 4599.946237
5.062567 0.215352 29.994652 4630.786096
5.082577 0.212949 30.000000 4654.776042
5.102587 0.216381 30.000000 4683.044444
5.122597 0.215432 29.998075 4714.358289
5.142607 0.213635 29.991323 4733.412698
5.162617 0.215773 29.989071 4772.327869
5.182627 0.215782 29.973690 4793.844920
5.202638 0.214897 29.995722 4821.631016
5.222648 0.215954 29.998478 4858.434783
5.242658 0.213680 29.999153 4874.814815
5.262668 0.216410 29.995359 4919.602210
5.282678 0.215974 30.000000 4942.191489
5.302688 0.213696 29.995132 4974.153439
5.322698 0.215560 29.983169 5016.191257
5.342709 0.214165 29.992979 5040.728723
5.362719 0.216500 29.983696 5084.842391
5.382729 0.215779 29.996304 5119.010870
5.402739 0.213626 29.978723 5150.478723
5.422749 0.215504 30.000000 5204.160428
5.442759 0.215853 29.989130 5232.375000
5.462769 0.214675 29.988511 5280.191489
5.482780 0.216303 29.984396 5329.263736
5.502790 0.214047 30.000000 5362.312169
5.522800 0.216184 29.989130 5424.195652
5.542810 0.216794 29.989247 5464.247312
5.562820 0.213644 30.000000 5511.372973
5.582830 0.216455 30.000000 5575.472527
5.602840 0.215410 30.000000 5615.154255
5.622851 0.216526 29.989247 5683.295699
5.642861 0.216658 29.994595 5738.113514
5.662871 0.213351 29.996791 5791.096257
5.682881 0.216570 29.997609 5871.369565
5.702891 0.216764 29.987447 5921.984043
5.722901 0.215216 29.985946 5995.583784
5.742911 0.217324 29.983784 6072.216216
5.762922 0.213894 29.993297 6132.616216
5.782932 0.216383 29.986237 6226.032258
5.802942 0.216842 29.975699 6294.198925
5.822952 0.213712 29.980215 6373.854839
5.842962 0.216703 29.993407 6473.697802
5.862972 0.215188 29.995767 6545.005291
5.882982 0.215783 29.989247 6650.650538
5.902993 0.216605 29.991522 6744.804348
5.923003 0.213469 29.997660 6834.489362
5.943013 0.217113 30.000000 6959.196721
5.963023 0.215902 30.000000 7049.424731
5.983033 0.214503 30.000000 7164.162162
6.003043 0.216609 29.978936 7292.132979
6.023053 0.214268 29.999781 7394.950820
6.043064 0.216323 29.983784 7535.351351
6.063074 0.216797 29.994624 7654.252688
6.083084 0.213300 29.983871 7773.145161
6.103094 0.217524 29.989362 7931.000000
6.123104 0.215255 29.994536 8044.027322
6.143114 0.215924 29.989305 8186.647059
6.163124 0.216976 29.994382 8330.157303
6.183135 0.213692 29.996614 8449.645503
6.203145 0.217037 29.990110 8608.027473
6.223155 0.215471 29.996973 8727.254054
6.243165 0.214118 29.994652 8855.181818
6.263175 0.216736 29.995847 9007.005464
