serial number: JANUSZ_2_RI80_21414848
torque: 16
start_temp: 30 (30)
finish_temp: 30 (31)
note: z janusza 2, os 1, CX80 litowy NLG0, po 1min obrotu
0.000000 0.207885 29.988125 8747.250000
0.020010 0.207208 29.975130 8883.326425
0.040020 0.208308 29.972577 9026.974227
0.060030 0.205849 29.970984 9137.103627
0.080041 0.209184 29.998542 9282.973958
0.100051 0.207668 29.991088 9396.062176
0.120061 0.206577 29.979167 9506.557292
0.140071 0.208879 29.996458 9642.026042
0.160081 0.206880 29.993814 9733.412371
0.180091 0.208396 29.992880 9846.863874
0.200101 0.208308 29.992953 9948.113990
0.220112 0.205375 29.992746 10027.958549
0.240122 0.209342 29.989744 10135.117949
0.260132 0.207619 29.969424 10204.910995
0.280142 0.207278 29.981554 10282.948187
0.300152 0.208697 29.986528 10370.295337
0.320162 0.206759 30.000000 10428.505208
0.340172 0.209655 29.994792 10510.619792
0.360183 0.207881 29.989474 10572.926316
0.380193 0.207005 29.990154 10631.492308
0.400203 0.209632 29.973125 10710.973958
0.420213 0.208542 29.990881 10758.963731
0.440223 0.208188 29.984339 10824.195767
0.460233 0.208879 29.978125 10882.166667
0.480243 0.206649 29.989691 10927.721649
0.500254 0.209678 30.000000 10992.596859
0.520264 0.207918 30.000000 11031.569948
0.540274 0.207881 29.989223 11078.300518
0.560284 0.209084 29.982737 11129.942105
0.580294 0.207903 29.986321 11162.818653
0.600304 0.210005 29.974947 11212.600000
0.620314 0.208670 29.981667 11244.723958
0.640325 0.207935 29.980942 11280.664921
0.660335 0.210087 29.973679 11325.310881
0.680345 0.209509 30.000000 11351.168421
0.700355 0.208590 29.992880 11388.277487
0.720365 0.209872 29.991832 11422.036649
0.740375 0.209043 29.989167 11446.036458
0.760385 0.211229 29.997021 11488.037234
0.780396 0.209139 29.997684 11508.542105
0.800406 0.208167 29.994845 11541.603093
0.820416 0.209464 29.977617 11575.994819
0.840426 0.208502 29.974715 11597.642487
0.860436 0.209233 29.990426 11635.888298
0.880446 0.209176 29.994792 11657.703125
0.900456 0.208898 30.000000 11686.056995
0.920467 0.210747 29.981064 11721.414894
0.940477 0.210009 29.992539 11738.994819
0.960487 0.208547 29.967120 11774.502618
0.980497 0.210299 29.961058 11797.000000
1.000507 0.209304 29.992990 11822.159794
1.020517 0.211139 29.997872 11854.085106
1.040528 0.209495 29.996875 11869.244792
1.060538 0.208429 30.000000 11898.094737
1.080548 0.210829 29.995368 11920.305263
1.100558 0.210419 29.968586 11936.026178
1.120568 0.210738 29.990157 11965.764398
1.140578 0.210862 29.969149 11978.063830
1.160588 0.210297 29.984167 11999.875000
1.180599 0.212643 29.987097 12024.811828
1.200609 0.211187 29.986667 12035.846561
1.220619 0.210475 29.992251 12062.759162
1.240629 0.212499 29.989474 12078.921053
1.260639 0.211265 30.000000 12098.319372
1.280649 0.212541 30.000000 12125.994595
1.300659 0.211333 29.983037 12136.507853
1.320670 0.209600 29.996000 12163.126316
1.340680 0.213153 29.987676 12184.621622
1.360690 0.211410 29.986321 12199.393782
1.380700 0.211360 29.976684 12228.395722
1.400710 0.211284 29.985684 12241.731579
1.420720 0.210698 29.999372 12264.712042
1.440730 0.213152 29.983011 12287.000000
1.460741 0.211657 29.985833 12300.218750
1.480751 0.210549 29.994439 12326.700535
1.500761 0.213336 29.984503 12338.246073
1.520771 0.212271 30.000000 12358.288770
1.540781 0.213799 29.965000 12382.478261
1.560791 0.212990 29.972565 12389.073298
1.580801 0.211659 29.986310 12412.176471
1.600812 0.214827 29.969362 12428.643617
1.620822 0.212758 29.968421 12442.168421
1.640832 0.213359 29.994652 12464.711230
1.660842 0.212936 30.000000 12473.721925
1.680852 0.212772 29.998942 12498.756614
1.700862 0.214357 29.976809 12517.010638
1.720872 0.212502 29.989838 12528.886486
1.740883 0.212158 29.964731 12558.849462
1.760893 0.214107 29.989529 12571.387435
1.780903 0.213130 29.997634 12592.833333
1.800913 0.213894 29.987021 12621.239362
1.820923 0.212699 29.994074 12632.116402
1.840933 0.212051 29.966417 12661.117647
1.860943 0.215065 29.990753 12680.940860
1.880954 0.213183 29.969462 12698.413978
1.900964 0.213649 29.984550 12728.925926
1.920974 0.213643 29.985946 12742.275676
1.940984 0.214193 29.964021 12768.714286
1.960994 0.215665 29.978378 12793.902703
1.981004 0.213684 30.000000 12811.280423
2.001014 0.213784 29.978495 12842.354839
2.021025 0.215317 29.993333 12860.311828
2.041035 0.214481 29.965989 12886.566845
2.061045 0.214763 29.987097 12917.569892
2.081055 0.213150 30.000000 12934.320856
2.101065 0.213568 30.000000 12967.117021
2.121075 0.216084 29.989130 12991.500000
2.141085 0.214331 29.994624 13014.575269
2.161096 0.214712 29.999579 13052.368421
2.181106 0.214641 29.969565 13067.722826
2.201116 0.216048 29.991444 13104.401070
2.221126 0.215752 29.990652 13131.347826
2.241136 0.214007 29.994652 13154.550802
2.261146 0.214472 29.989362 13195.021277
2.281156 0.214979 30.000000 13215.420765
2.301167 0.215585 30.000000 13253.338710
2.321177 0.215016 29.988478 13291.516304
2.341187 0.213963 29.984681 13314.994681
2.361197 0.214397 29.988063 13364.670157
2.381207 0.215603 29.987978 13395.562842
2.401217 0.214700 29.986524 13436.080214
2.421227 0.214916 29.979027 13486.205405
2.441238 0.215285 29.986022 13513.887097
2.461248 0.216673 29.997189 13571.400000
2.481258 0.215471 30.000000 13614.989247
2.501268 0.214906 29.983957 13656.871658
2.521278 0.215891 30.000000 13718.831522
2.541288 0.216404 30.000000 13757.543011
2.561298 0.216989 29.989189 13822.848649
2.581309 0.215508 29.972473 13885.661290
2.601319 0.214649 29.984348 13933.489130
2.621329 0.215617 30.000000 14014.534759
2.641339 0.216450 29.988415 14073.032787
2.661349 0.215301 29.978316 14147.915789
2.681359 0.214818 29.989290 14234.770492
2.701369 0.214727 29.985241 14294.786096
2.721380 0.216657 29.981189 14394.529730
2.741390 0.215107 29.980860 14475.817204
2.761400 0.214433 30.000000 14555.744565
2.781410 0.215609 29.989418 14663.349206
2.801420 0.215262 29.995892 14739.540541
2.821430 0.216425 29.987957 14848.919355
2.841440 0.214780 30.000000 14955.451613
2.861451 0.215126 29.986739 15040.217391
2.881461 0.215513 29.978723 15168.457447
2.901471 0.215645 29.996973 15268.070270
2.921481 0.214630 29.995914 15383.150538
2.941491 0.214679 29.977204 15517.629032
2.961501 0.215377 30.000000 15617.677419
2.981511 0.216137 29.983743 15763.379679
3.001522 0.215085 29.956989 15893.467742
3.021532 0.214383 29.966809 16013.063830
3.041542 0.215248 29.954811 16171.210811
3.061552 0.214956 29.976432 16290.983784
3.081562 0.215317 29.994595 3151.956757
3.101572 0.213949 30.000000 207.572193
3.121583 0.214989 29.992649 322.702703
3.141593 0.214909 29.977326 483.866310
3.161603 0.214716 29.982366 616.806452
3.181613 0.213747 29.998298 742.781915
3.201623 0.214791 29.990270 895.227027
3.221633 0.215019 29.983957 1003.636364
3.241643 0.215661 29.974545 1140.491979
3.261654 0.214774 29.971522 1268.836957
3.281664 0.214269 29.998095 1365.095238
3.301674 0.216250 29.987459 1495.340541
3.321684 0.215334 29.994725 1588.747253
3.341694 0.215638 29.998095 1687.126984
3.361704 0.214454 30.000000 1795.264865
3.381714 0.215553 29.978495 1865.220430
3.401725 0.215832 30.000000 1962.865591
3.421735 0.215526 29.994565 2042.336957
3.441745 0.214294 29.999149 2107.531915
3.461755 0.215966 29.976000 2193.416216
3.481765 0.215636 29.986738 2248.363636
3.501775 0.215830 29.984130 2318.146739
3.521785 0.215749 29.994652 2386.705882
3.541796 0.214869 30.000000 2431.535519
3.561806 0.217574 30.000000 2498.100000
3.581816 0.215173 30.000000 2549.464286
3.601826 0.215762 30.000000 2600.207143
3.621836 0.215556 29.971429 2662.214286
3.641846 0.215935 29.977842 2698.697842
3.661856 0.216460 29.965217 2755.601449
3.681867 0.215273 29.985070 2802.690141
3.701877 0.214817 30.000000 2838.518248
3.721887 0.216677 29.972464 2891.159420
3.741897 0.214980 29.984615 2923.916084
3.761907 0.216411 29.993235 2964.580882
3.781917 0.215255 29.977842 3006.733813
3.801927 0.214576 30.000000 3029.936170
3.821938 0.217723 30.000000 3074.985401
3.841948 0.214963 29.985816 3102.078014
3.861958 0.215891 29.981007 3132.827338
3.881968 0.216047 29.975652 3170.855072
3.901978 0.215728 29.986187 3191.280576
3.921988 0.217093 29.984818 3230.145985
3.941998 0.215296 30.000000 3259.591549
3.962009 0.215230 29.992806 3285.273381
3.982019 0.216393 30.000000 3324.035971
4.002029 0.213953 29.992806 3345.280576
4.022039 0.214539 30.000000 3380.226950
4.042049 0.213228 29.992908 3410.475177
4.062059 0.213155 30.000000 3431.250000
4.082069 0.216424 29.981871 3465.705036
4.102080 0.212719 29.970141 3486.542254
4.122090 0.215215 29.991143 3512.442857
4.142100 0.214697 29.997410 3537.489209
4.162110 0.214100 29.974000 3553.742857
4.182120 0.216261 30.000000 3583.301471
4.202130 0.213709 30.000000 3598.643357
4.222140 0.214760 29.986277 3619.423358
4.242151 0.216509 29.958849 3647.863309
4.262161 0.213312 29.965634 3658.105634
4.282171 0.215169 29.982857 3693.214286
4.302181 0.213544 29.992057 3719.290780
4.322191 0.213964 29.992806 3749.884892
4.342201 0.215795 29.976571 3797.192857
4.362211 0.211951 29.994965 3830.447552
4.382222 0.214147 30.000000 3861.280576
4.402232 0.212652 29.995775 3889.253521
4.422242 0.212727 29.989065 3899.244604
4.442252 0.214397 29.972950 3916.258993
4.462262 0.210538 29.982378 3926.937063
4.482272 0.213646 29.983546 3947.567376
4.502282 0.214035 29.990922 3967.297872
4.522293 0.211607 29.991329 3972.993007
4.542303 0.213400 29.994685 3999.524476
4.562313 0.211684 30.000000 4019.231884
4.582323 0.212408 29.963944 4032.176056
4.602333 0.214255 29.981690 4056.739437
4.622343 0.197355 29.976000 4075.920000
4.642353 0.177450 29.969910 4103.873874
4.662364 0.203771 29.990625 4120.750000
4.682374 0.210089 29.998658 4137.033557
4.702384 0.209687 29.998526 4164.442105
4.722394 0.208028 29.984456 4176.103627
4.742404 0.211848 29.991828 4205.913978
4.762414 0.211765 29.986387 4227.638743
4.782424 0.209629 29.994286 4238.100529
4.802435 0.211121 29.992000 4274.368421
4.822445 0.210234 29.974947 4287.747368
4.842455 0.210551 29.975000 4303.203125
4.862465 0.210361 29.972211 4336.257895
4.882475 0.207137 29.975288 4346.979058
4.902485 0.211016 29.992421 4369.368421
4.922495 0.208604 29.994792 4393.848958
4.942506 0.208594 29.986042 4410.114583
4.962516 0.210078 29.993053 4435.931579
4.982526 0.206662 29.989744 4455.897436
5.002536 0.210402 29.977708 4481.812500
5.022546 0.209301 29.992251 4505.486911
5.042556 0.208061 29.982408 4527.481675
5.062567 0.209832 29.984762 4556.661376
5.082577 0.209625 29.992917 4579.760417
5.102587 0.209565 29.979895 4606.329843
5.122597 0.210622 29.974869 4636.570681
5.142607 0.207836 29.977824 4659.010363
5.162617 0.210386 29.985684 4690.073684
5.182627 0.209883 29.994709 4718.365079
5.202638 0.208622 29.986458 4738.515625
5.222648 0.209924 29.996458 4778.723958
5.242658 0.208092 29.991042 4796.625000
5.262668 0.210407 29.976085 4830.719577
5.282678 0.209850 29.994167 4860.958333
5.302688 0.207988 29.978542 4880.526042
5.322698 0.209515 29.968497 4925.549223
5.342709 0.210203 29.993830 4946.372340
5.362719 0.208841 29.979381 4982.644330
5.382729 0.209769 29.989418 5021.206349
5.402739 0.207723 29.973958 5045.328125
5.422749 0.209999 29.985000 5093.447917
5.442759 0.209445 29.983665 5123.455497
5.462769 0.207715 29.989637 5159.471503
5.482780 0.209436 30.000000 5211.073298
5.502790 0.207812 30.000000 5238.157068
5.522800 0.209318 29.978238 5291.331606
5.542810 0.208726 29.979894 5334.687831
5.562820 0.206862 29.989796 5370.673469
5.582830 0.209531 29.981164 5433.301587
5.602840 0.210481 29.985000 5470.041667
5.622851 0.207392 29.991789 5524.436842
5.642861 0.209458 29.979381 5582.819588
5.662871 0.207010 29.989637 5625.056995
5.682881 0.209451 29.957263 5696.763158
5.702891 0.210286 29.987789 5745.589474
5.722901 0.207317 29.986804 5804.159794
5.742911 0.209241 29.995183 5881.591623
5.762922 0.208663 29.994375 5932.343750
5.782932 0.208415 30.000000 6013.666667
5.802942 0.209555 29.983750 6081.927083
5.822952 0.206480 29.990259 6147.056995
5.842962 0.209296 29.977566 6241.613757
5.862972 0.209603 29.990785 6304.162304
5.882982 0.206284 29.998351 6391.592784
5.902993 0.209634 29.985969 6486.000000
5.923003 0.207399 29.994872 6561.092308
5.943013 0.208644 30.000000 6671.201058
5.963023 0.209157 29.966875 6756.958333
5.983033 0.205606 29.986392 6852.185567
6.003043 0.209334 29.994792 6975.833333
6.023053 0.208874 29.992165 7065.902062
6.043064 0.208053 29.981780 7189.151832
6.063074 0.209483 30.000000 7308.658031
6.083084 0.206239 29.982176 7415.720207
6.103094 0.209834 29.985957 7561.345745
6.123104 0.209493 29.992821 7671.789744
6.143114 0.206758 29.975208 7800.244792
6.163124 0.209530 29.995000 7951.734375
6.183135 0.206671 29.979487 8065.553846
6.203145 0.208441 29.985833 8218.838542
6.223155 0.208883 29.966316 8350.915789
6.243165 0.205257 29.996513 8472.974359
6.263175 0.209377 29.994764 8633.586387
