serial number: JANUSZ_2_RI80_21414848
torque: 16
start_temp: 29 (29)
finish_temp: 29 (29)
note: z janusza 2, os 1, bez smaru, umyty generator
0.000000 0.138020 28.993103 9126.200000
0.020010 0.139925 28.992340 9219.333333
0.040020 0.140886 28.993566 9347.902098
0.060030 0.133236 29.000000 9463.805369
0.080041 0.139000 29.000000 9561.369863
0.100051 0.141445 28.998592 9686.169014
0.120061 0.134804 28.987671 9765.431507
0.140071 0.139526 29.000000 9863.641379
0.160081 0.135755 29.000000 9964.917808
0.180091 0.140596 28.999161 10029.755245
0.200101 0.141562 28.989577 10122.767606
0.220112 0.114826 28.993636 10230.859091
0.240122 0.131637 29.000000 10299.668161
0.260132 0.138835 28.998333 10351.375000
0.280142 0.137031 28.990974 10403.246154
0.300152 0.137347 28.995475 10477.180995
0.320162 0.132037 29.000000 10548.520000
0.340172 0.140138 29.000000 10600.776744
0.360183 0.140929 29.000000 10678.251163
0.380193 0.135362 29.000000 10725.709091
0.400203 0.139711 29.000000 10786.000000
0.420213 0.136708 29.000000 10851.232877
0.440223 0.140663 29.000000 10887.415888
0.460233 0.139820 29.000000 10948.553488
0.480243 0.133337 29.000000 10992.111607
0.500254 0.140611 29.000000 11034.528037
0.520264 0.140508 29.000000 11089.446009
0.540274 0.139078 29.000000 11116.181395
0.560284 0.140164 29.000000 11164.112150
0.580294 0.135760 29.000000 11206.197309
0.600304 0.143568 29.000000 11234.545455
0.620314 0.142830 29.000000 11283.224880
0.640325 0.137239 29.000000 11306.791855
0.660335 0.140651 29.000000 11347.914692
0.680345 0.139272 29.000000 11386.215596
0.700355 0.141601 28.997736 11410.410377
0.720365 0.141471 28.988057 11452.061611
0.740375 0.136023 29.000000 11481.575342
0.760385 0.143870 29.000000 11512.606635
0.780396 0.142731 29.000000 11553.762136
0.800406 0.138724 29.000000 11574.777273
0.820416 0.139209 29.000000 11615.641860
0.840426 0.136816 29.000000 11647.077273
0.860436 0.142068 29.000000 11672.431280
0.880446 0.140604 29.000000 11712.971698
0.900456 0.135725 29.000000 11732.878378
0.920467 0.140701 29.000000 11769.827103
0.940477 0.141377 29.000000 11798.861905
0.960487 0.141139 28.985981 11820.051402
0.980497 0.140819 29.000000 11854.633803
1.000507 0.136110 28.995495 11874.117117
1.020517 0.143838 28.995169 11901.381643
1.040528 0.140146 29.000000 11926.800000
1.060538 0.136376 29.000000 11942.250000
1.080548 0.138316 29.000000 11973.050691
1.100558 0.137372 29.000000 11991.164384
1.120568 0.142152 29.000000 12013.000000
1.140578 0.140740 28.990654 12042.948598
1.160588 0.137541 29.000000 12057.009259
1.180599 0.144714 29.000000 12087.427184
1.200609 0.143839 29.000000 12110.189573
1.220619 0.141182 29.009434 12128.650943
1.240629 0.140880 29.004929 12161.033175
1.260639 0.137652 29.004384 12177.598174
1.280649 0.145522 29.000000 12204.951923
1.300659 0.140360 29.000000 12231.582938
1.320670 0.137384 29.000000 12247.798165
1.340680 0.141800 28.982667 12278.004762
1.360690 0.141475 28.993733 12295.737327
1.380700 0.143878 28.995169 12318.415459
1.400710 0.140281 29.000000 12343.733645
1.420720 0.137693 29.000000 12357.302752
1.440730 0.144961 29.000000 12384.536585
1.460741 0.141620 29.000000 12398.934884
1.480751 0.139638 29.000000 12417.192488
1.500761 0.139839 29.000000 12442.613953
1.520771 0.139487 29.000000 12452.018605
1.540781 0.147840 28.995025 12477.288557
1.560791 0.140905 29.000000 12497.761682
1.580801 0.139659 29.000000 12511.111628
1.600812 0.144076 29.000000 12539.528571
1.620822 0.142072 29.000000 12553.815166
1.640832 0.144462 29.000000 12577.512077
1.660842 0.139587 29.000000 12603.176744
1.680852 0.138861 29.000000 12619.161290
1.700862 0.148031 29.000000 12648.805970
1.720872 0.141749 29.000000 12667.244131
1.740883 0.141858 29.000000 12691.270142
1.760893 0.143134 28.995215 12718.444976
1.780903 0.141190 28.995327 12734.523364
1.800913 0.149260 29.000000 12764.772727
1.820923 0.139258 28.981395 12785.269767
1.840933 0.138975 28.995392 12807.465438
1.860943 0.144940 28.995215 12837.167464
1.880954 0.142030 29.000000 12853.623810
1.900964 0.145344 29.000000 12884.181373
1.920974 0.141331 29.000000 12909.841860
1.940984 0.140828 29.000000 12930.268868
1.960994 0.148044 29.000000 12963.034483
1.981004 0.139594 29.000000 12984.816901
2.001014 0.140974 29.000000 13012.311628
2.021025 0.141703 29.000000 13046.191589
2.041035 0.141396 29.000000 13063.589623
2.061045 0.146385 29.000000 13100.529412
2.081055 0.137761 29.000000 13125.422018
2.101065 0.141063 29.000000 13148.990566
2.121075 0.146762 28.995146 13188.310680
2.141085 0.140617 29.000000 13203.350711
2.161096 0.144534 29.000000 13243.716346
2.181106 0.139618 29.004651 13273.000000
2.201116 0.142593 29.000000 13298.622010
2.221126 0.150057 28.991443 13344.930348
2.241136 0.141224 28.989194 13369.189573
2.261146 0.143281 29.000000 13410.908654
2.281156 0.145287 29.000000 13454.185714
2.301167 0.144969 28.991415 13482.239024
2.321177 0.149082 28.993922 13537.465686
2.341187 0.140926 29.000000 13571.349282
2.361197 0.143997 29.000000 13615.018957
2.381207 0.149158 29.000000 13671.945545
2.401217 0.142565 29.000000 13702.904762
2.421227 0.145688 29.000000 13765.360976
2.441238 0.141657 29.000000 13816.353774
2.461248 0.145028 29.000000 13862.043689
2.481258 0.149219 29.000000 13936.371287
2.501268 0.141135 28.989108 13984.826291
2.521278 0.143713 28.987053 14056.628019
2.541288 0.143541 29.000000 14133.297170
2.561298 0.144048 28.990244 14187.726829
2.581309 0.146735 28.990291 14281.466019
2.601319 0.139751 29.000000 14353.337963
2.621329 0.144885 29.000000 14432.004950
2.641339 0.147962 29.000000 14531.927184
2.661349 0.140881 29.000000 14599.633803
2.681359 0.145383 28.990291 14705.737864
2.701369 0.142339 29.000000 14799.819905
2.721380 0.146540 29.000000 14881.372549
2.741390 0.148851 29.000000 15002.278607
2.761400 0.140679 28.995349 15091.269767
2.781410 0.144246 29.000000 15204.379808
2.801420 0.145714 29.000000 15328.752427
2.821430 0.144704 29.000000 15419.770732
2.841440 0.146669 29.000000 15561.325243
2.861451 0.140444 29.000000 15680.545024
2.881461 0.145667 29.000000 15798.966667
2.901471 0.149485 29.000000 15952.245000
2.921481 0.142808 28.995238 16066.528571
2.941491 0.146377 29.000000 16215.858537
2.961501 0.143527 29.000000 9812.580952
2.981511 0.146618 29.000000 101.588235
3.001522 0.147011 29.000000 269.346341
3.021532 0.139019 28.995681 401.920188
3.041542 0.143559 28.999623 539.721698
3.061552 0.145509 29.000000 700.330097
3.081562 0.142720 29.000000 812.488152
3.101572 0.144590 29.000000 964.381643
3.121583 0.138633 29.000000 1096.013889
3.141593 0.145880 28.997073 1206.375610
3.161603 0.148473 28.998020 1348.574257
3.181613 0.140520 29.000000 1449.181395
3.201623 0.143664 28.995192 1565.129808
3.221633 0.143005 28.996938 1680.234450
3.241643 0.144672 28.977608 1759.875598
3.261654 0.146317 28.996667 1870.750000
3.281664 0.140426 28.999439 1952.920561
3.301674 0.144883 28.995789 2031.717703
3.321684 0.146937 29.000000 2124.887255
3.341694 0.143576 29.000000 2182.980676
3.361704 0.146835 29.000000 2263.159420
3.381714 0.141542 29.000000 2332.085714
3.401725 0.146508 29.000000 2383.705882
3.421735 0.148356 28.995050 2458.430693
3.441745 0.140772 29.000000 2507.626168
3.461755 0.146275 29.000000 2564.882927
3.481765 0.145377 28.999034 2626.178744
3.501775 0.145542 28.996117 2664.378641
3.521785 0.147640 29.000000 2725.915423
3.541796 0.140489 28.998894 2770.023041
3.561806 0.144446 28.996311 2812.917476
3.581816 0.146101 28.995146 2868.194175
3.601826 0.140711 28.999431 2897.796209
3.621836 0.143974 28.993524 2946.719048
3.641846 0.140323 28.997570 2988.149533
3.661856 0.144626 28.997101 3015.178744
3.681867 0.145509 28.998058 3062.723301
3.701877 0.138068 29.000000 3086.812785
3.721887 0.143899 29.000000 3122.597087
3.741897 0.143824 29.000000 3156.336898
3.761907 0.143556 29.000000 3178.532374
3.781917 0.145883 28.995588 3217.419118
3.801927 0.139861 28.990278 3242.701389
3.821938 0.147093 29.000000 3268.470588
3.841948 0.146349 29.000000 3306.065693
3.861958 0.141559 29.000000 3324.453901
3.881968 0.146810 29.000000 3360.688889
3.901978 0.143134 29.000000 3387.709220
3.921988 0.146659 29.000000 3408.817518
3.941998 0.147396 29.000000 3445.874074
3.962009 0.138955 28.993007 3462.608392
3.982019 0.146908 29.000000 3492.812030
4.002029 0.143774 29.000000 3519.172662
4.022039 0.141622 29.000000 3533.100000
4.042049 0.143695 28.992908 3568.843972
4.062059 0.138689 28.993103 3584.406897
4.082069 0.148489 29.000000 3603.909091
4.102080 0.146150 29.000000 3636.093525
4.122090 0.142000 28.992857 3647.507143
4.142100 0.145168 29.000000 3674.884058
4.162110 0.141803 29.000000 3698.687943
4.182120 0.144050 29.000000 3712.644928
4.202130 0.142060 29.000000 3740.839161
4.222140 0.136580 29.000000 3758.821918
4.242151 0.145524 29.000000 3779.481752
4.262161 0.142152 28.995396 3797.964029
4.282171 0.141435 28.993239 3813.767606
4.302181 0.143564 28.997143 3839.857143
4.322191 0.137398 29.000000 3848.027397
4.342201 0.146553 28.992754 3866.782609
4.362211 0.141626 29.000000 3890.507143
4.382222 0.137791 28.986014 3897.734266
4.402232 0.144788 28.997730 3913.907801
4.422242 0.141303 28.995143 3927.114286
4.442252 0.141150 29.000000 3945.843972
4.462262 0.141468 28.992958 3974.330986
4.482272 0.138602 29.000000 3995.055556
4.502282 0.147733 28.985401 4033.890511
4.522293 0.141235 29.000000 4060.302817
4.542303 0.139345 28.985915 4083.816901
4.562313 0.141567 29.000000 4107.111111
4.582323 0.138897 29.000000 4118.624113
4.602333 0.145669 28.992754 4142.775362
4.622343 0.139861 29.000000 4160.097222
4.642353 0.138429 29.000000 4167.888889
4.662364 0.143386 28.992857 4197.507143
4.682374 0.140281 29.000000 4212.542254
4.702384 0.141690 29.000000 4225.859155
4.722394 0.139698 29.000000 4247.583333
4.742404 0.135795 29.000000 4262.743056
4.762414 0.146019 29.000000 4286.863309
4.782424 0.139118 29.000000 4298.183099
4.802435 0.138961 29.000000 4315.616438
4.822445 0.140678 29.000000 4347.078014
4.842455 0.138884 29.000000 4355.165517
4.862465 0.144507 29.000000 4380.050360
4.882475 0.139976 28.992958 4406.830986
4.902485 0.138446 28.993103 4418.262069
4.922495 0.144323 29.000000 4451.791367
4.942506 0.139083 29.000000 4470.194444
4.962516 0.138522 29.000000 4488.664336
4.982526 0.136936 28.993197 4523.353741
5.002536 0.135638 28.993197 4539.843537
5.022546 0.144222 29.000000 4570.237410
5.042556 0.137478 29.000000 4595.648276
5.062567 0.137370 29.000000 4614.496552
5.082577 0.141724 29.000000 4654.753521
5.102587 0.137818 29.000000 4669.698630
5.122597 0.141759 29.000000 4702.364286
5.142607 0.135814 29.000000 4731.156463
5.162617 0.134542 28.993333 4751.580000
5.182627 0.141938 28.996879 4793.524823
5.202638 0.136624 28.996164 4809.876712
5.222648 0.136971 28.997260 4845.513699
5.242658 0.136606 28.989041 4878.506849
5.262668 0.136981 29.000000 4904.176871
5.282678 0.144922 28.992647 4946.323529
5.302688 0.137523 29.000000 4972.598639
5.322698 0.136149 29.000000 5007.636986
5.342709 0.140369 29.000000 5052.659722
5.362719 0.137048 29.000000 5078.958621
5.382729 0.140033 29.000000 5125.732394
5.402739 0.135860 29.000000 5163.040000
5.422749 0.137064 29.000000 5202.586207
5.442759 0.144538 29.000000 5257.847826
5.462769 0.136480 28.993197 5287.775510
5.482780 0.138685 29.000000 5341.076923
5.502790 0.136542 29.000000 5394.074830
5.522800 0.136666 29.000000 5432.466216
5.542810 0.140968 28.996259 5497.093525
5.562820 0.134275 28.996842 5537.901316
5.582830 0.136943 29.000000 5597.351724
5.602840 0.143428 29.000000 5664.129496
5.622851 0.138516 29.000000 5706.083333
5.642861 0.140706 29.000000 5780.347518
5.662871 0.135180 28.993333 5840.020000
5.682881 0.136957 28.996690 5902.593103
5.702891 0.143461 28.994203 5986.181159
5.722901 0.134820 28.988609 6038.576159
5.742911 0.137734 28.991329 6122.594406
5.762922 0.138812 28.994759 6204.434483
5.782932 0.140094 29.000000 6269.048951
5.802942 0.142974 29.000000 6368.442857
5.822952 0.134593 28.993289 6439.677852
5.842962 0.137279 29.000000 6530.744828
5.862972 0.142313 29.000000 6636.055944
5.882982 0.135916 28.993103 6707.834483
5.902993 0.139470 29.000000 6820.680556
5.923003 0.134661 28.995135 6919.972973
5.943013 0.138128 28.998069 7015.951724
5.963023 0.144512 28.985612 7143.294964
5.983033 0.133013 29.000000 7233.866667
6.003043 0.137810 28.994406 7357.559441
6.023053 0.139806 28.998621 7487.379310
6.043064 0.139447 28.990833 7586.493056
6.063074 0.142572 28.995143 7727.278571
6.083084 0.135182 29.000000 7844.628378
6.103094 0.139110 29.000000 7968.611111
6.123104 0.143942 29.000000 8116.338129
6.143114 0.135903 29.000000 8218.775510
6.163124 0.138764 29.000000 8359.000000
6.183135 0.133018 29.000000 8495.651316
6.203145 0.138046 29.000000 8605.401408
6.223155 0.140544 28.986207 8748.096552
6.243165 0.131542 29.000000 8860.602649
6.263175 0.138477 29.000000 8985.356164
