serial number: JANUSZ_2_RI80_21414848
torque: 16
start_temp: 30 (30)
finish_temp: 30 (30)
note: z janusza 2, os 1, CX80 litowy NLG0, po 1min obrotu
0.000000 0.167373 29.744944 9003.387640
0.020010 0.166219 29.741453 9112.262570
0.040020 0.167471 29.745393 9248.477528
0.060030 0.168040 29.840000 9373.932584
0.080041 0.164987 29.773989 9479.748634
0.100051 0.169560 29.842667 9618.555556
0.120061 0.167620 29.823820 9714.280899
0.140071 0.167356 29.740222 9820.161111
0.160081 0.168026 29.751186 9932.310734
0.180091 0.165981 29.812889 10011.233333
0.200101 0.170444 29.785393 10113.825843
0.220112 0.167850 29.817303 10192.067416
0.240122 0.166901 29.725556 10264.066667
0.260132 0.169901 29.818514 10357.051429
0.280142 0.167893 29.840000 10415.262570
0.300152 0.167773 29.781899 10490.770950
0.320162 0.143239 29.835500 10602.833333
0.340172 0.160843 29.774493 10634.236715
0.360183 0.170723 29.760686 10698.720000
0.380193 0.163094 29.771455 10751.643192
0.400203 0.164097 29.831184 10808.522449
0.420213 0.166638 29.837992 10875.050209
0.440223 0.165132 29.828852 10918.815574
0.460233 0.168225 29.833559 10980.741525
0.480243 0.165700 29.820000 11023.866071
0.500254 0.162802 29.848817 11068.096774
0.520264 0.165952 29.839337 11124.044199
0.540274 0.163585 29.815691 11156.624309
0.560284 0.164435 29.809462 11201.817204
0.580294 0.164634 29.810337 11240.651685
0.600304 0.161976 29.808696 11273.847826
0.620314 0.166147 29.846813 11318.835165
0.640325 0.163465 29.809783 11347.108696
0.660335 0.162907 29.853189 11378.875676
0.680345 0.164442 29.898798 11419.622951
0.700355 0.163655 29.753073 11440.290503
0.720365 0.165811 29.833556 11480.788889
0.740375 0.163854 29.818298 11505.462766
0.760385 0.163035 29.880217 11535.114130
0.780396 0.166124 29.835254 11572.943503
0.800406 0.164517 29.793261 11592.347826
0.820416 0.164839 29.890829 11627.381215
0.840426 0.165317 29.854807 11654.823204
0.860436 0.163513 29.818261 11679.271739
0.880446 0.166860 29.873149 11716.883978
0.900456 0.165119 29.840656 11734.715847
0.920467 0.163715 29.841768 11767.143646
0.940477 0.166462 29.879780 11795.005495
0.960487 0.164439 29.856612 11816.666667
0.980497 0.166628 29.828508 11849.348066
1.000507 0.165864 29.839318 11866.102273
1.020517 0.164332 29.837405 11892.610811
1.040528 0.167594 29.828889 11918.722222
1.060538 0.165773 29.778222 11932.561111
1.080548 0.164867 29.788352 11960.521978
1.100558 0.166120 29.859551 11976.640449
1.120568 0.164612 29.835000 11994.896739
1.140578 0.168673 29.772961 12022.122905
1.160588 0.166528 29.820113 12032.926554
1.180599 0.164887 29.874811 12057.502703
1.200609 0.168278 29.790056 12078.254237
1.220619 0.166684 29.840442 12093.149171
1.240629 0.168072 29.819326 12121.949438
1.260639 0.167989 29.818079 12134.327684
1.280649 0.166018 29.848222 12156.800000
1.300659 0.169585 29.864134 12183.094972
1.320670 0.168024 29.866893 12195.203390
1.340680 0.166336 29.749050 12222.067039
1.360690 0.168466 29.833626 12239.791209
1.380700 0.167022 29.834802 12259.570621
1.400710 0.168867 29.825251 12284.139665
1.420720 0.167053 29.856831 12295.912568
1.440730 0.165920 29.788023 12322.141243
1.460741 0.169903 29.828539 12337.365169
1.480751 0.167286 29.806889 12352.366667
1.500761 0.168396 29.858427 12379.426966
1.520771 0.167643 29.836180 12387.544944
1.540781 0.166889 29.894889 12406.800000
1.560791 0.169613 29.834713 12427.333333
1.580801 0.168011 29.874536 12437.803279
1.600812 0.167026 29.761788 12460.687151
1.620822 0.168856 29.826966 12471.702247
1.640832 0.167718 29.731173 12492.681564
1.660842 0.169466 29.812067 12515.558659
1.680852 0.168045 29.853333 12524.525424
1.700862 0.167018 29.848315 12552.926966
1.720872 0.169874 29.804294 12570.327684
1.740883 0.167483 29.772444 12586.711111
1.760893 0.168155 29.808090 12616.977528
1.780903 0.167511 29.776222 12628.738889
1.800913 0.167714 29.846444 12654.300000
1.820923 0.169736 29.860920 12678.942529
1.840933 0.167392 29.847033 12693.362637
1.860943 0.166378 29.889143 12723.051429
1.880954 0.169238 29.828950 12738.933702
1.900964 0.168085 29.778994 12762.731844
1.920974 0.169138 29.837740 12790.824859
1.940984 0.167985 29.822472 12805.578652
1.960994 0.167448 29.856404 12835.207865
1.981004 0.170268 29.828989 12857.348315
2.001014 0.168681 29.776497 12879.762712
2.021025 0.168889 29.871461 12911.808989
2.041035 0.168072 29.782346 12929.173184
2.061045 0.169033 29.842260 12959.005650
2.081055 0.169038 29.775866 12988.625698
2.101065 0.167310 29.760442 13007.972376
2.121075 0.167758 29.848182 13045.448864
2.141085 0.168969 29.860667 13063.888889
2.161096 0.169193 29.821469 13095.367232
2.181106 0.168802 29.801788 13128.653631
2.201116 0.167958 29.762260 13146.903955
2.221126 0.168259 29.822921 13187.213483
2.241136 0.170072 29.799101 13210.702247
2.261146 0.168850 29.845257 13243.605714
2.281156 0.168649 29.835730 13285.101124
2.301167 0.167665 29.870960 13306.644068
2.321177 0.168889 29.890950 13354.296089
2.341187 0.168266 29.797542 13389.558659
2.361197 0.167470 29.842431 13424.475138
2.381207 0.167954 29.806400 13477.177143
2.401217 0.168134 29.876923 13505.620879
2.421227 0.169063 29.854629 13558.725714
2.441238 0.168216 29.827797 13608.259887
2.461248 0.167149 29.867033 13643.087912
2.481258 0.168405 29.819661 13705.881356
2.501268 0.168894 29.811271 13749.314917
2.521278 0.168257 29.782171 13806.171429
2.541288 0.167496 29.802011 13873.089385
2.561298 0.168062 29.862570 13917.743017
2.581309 0.169420 29.799775 13997.466292
2.601319 0.167770 29.808864 14062.323864
2.621329 0.167385 29.790110 14127.208791
2.641339 0.167512 29.847232 14216.000000
2.661349 0.168071 29.822346 14278.586592
2.681359 0.168957 29.822921 14372.005618
2.701369 0.167025 29.837556 14460.255556
2.721380 0.167527 29.813559 14532.135593
2.741390 0.168055 29.806292 14640.533708
2.761400 0.167773 29.717333 14721.511111
2.781410 0.167215 29.858994 14820.039106
2.801420 0.166884 29.817363 14932.587912
2.821430 0.167918 29.793258 15015.556180
2.841440 0.169186 29.771073 15139.971751
2.861451 0.167504 29.802682 15248.290503
2.881461 0.166618 29.870508 15351.288136
2.901471 0.167638 29.855351 15488.713514
2.921481 0.167765 29.797740 15593.186441
2.941491 0.168378 29.767821 15728.391061
2.961501 0.166474 29.819218 15867.167598
2.981511 0.167056 29.827416 15976.640449
3.001522 0.168204 29.801788 16133.754190
3.021532 0.167645 29.859661 16263.073446
3.041542 0.166858 29.769399 6638.950820
3.061552 0.167202 29.793708 174.994382
3.081562 0.168077 29.759326 292.539326
3.101572 0.168443 29.823820 446.140449
3.121583 0.167113 29.827624 590.591160
3.141593 0.166522 29.720894 708.044693
3.161603 0.167817 29.863503 861.548023
3.181613 0.167668 29.825414 979.132597
3.201623 0.167883 29.863556 1106.800000
3.221633 0.165526 29.848715 1243.055866
3.241643 0.166586 29.760659 1338.587912
3.261654 0.167629 29.791461 1466.157303
3.281664 0.167052 29.790391 1570.776536
3.301674 0.166458 29.781319 1660.554945
3.321684 0.167349 29.805778 1773.711111
3.341694 0.167939 29.796384 1848.197740
3.361704 0.167602 29.754637 1939.888268
3.381714 0.167022 29.814365 2028.027624
3.401725 0.166556 29.776667 2089.488889
3.421735 0.169005 29.743636 2176.113636
3.441745 0.167312 29.838000 2237.422222
3.461755 0.167404 29.797288 2299.949153
3.481765 0.166762 29.781858 2373.081967
3.501775 0.168215 29.806444 2418.894444
3.521785 0.169346 29.810227 2486.056818
3.541796 0.167742 29.803128 2541.698324
3.561806 0.167452 29.781734 2586.826590
3.581816 0.169443 29.795138 2649.972376
3.601826 0.168400 29.834318 2690.000000
3.621836 0.169028 29.768715 2741.832402
3.641846 0.167183 29.834350 2794.790960
3.661856 0.166920 29.735385 2827.181319
3.681867 0.170170 29.770575 2881.114943
3.701877 0.167035 29.786230 2917.387978
3.721887 0.167845 29.880000 2953.540230
3.741897 0.167510 29.870601 2999.535519
3.761907 0.168309 29.808539 3022.500000
3.781917 0.169407 29.781469 3065.920904
3.801927 0.166249 29.803799 3097.737430
3.821938 0.166064 29.789231 3123.989011
3.841948 0.168742 29.738876 3163.865169
3.861958 0.167330 29.797079 3186.561798
3.881968 0.168245 29.767006 3220.468927
3.901978 0.165397 29.788172 3254.408602
3.921988 0.166687 29.799774 3276.525424
3.941998 0.169763 29.853636 3316.204545
3.962009 0.165825 29.899783 3340.875000
3.982019 0.167627 29.861591 3370.863636
4.002029 0.167299 29.784444 3404.211111
4.022039 0.167163 29.819556 3424.211111
4.042049 0.169849 29.822373 3458.062147
4.062059 0.166376 29.813115 3481.863388
4.082069 0.168316 29.803616 3503.610169
4.102080 0.169273 29.849663 3530.898876
4.122090 0.166558 29.860994 3546.414365
4.142100 0.169148 29.814011 3575.259887
4.162110 0.165765 29.891397 3593.681564
4.182120 0.168452 29.812655 3609.209040
4.202130 0.169933 29.800904 3642.327684
4.222140 0.165105 29.733043 3655.597826
4.242151 0.168657 29.828315 3687.955056
4.262161 0.167046 29.813111 3722.011111
4.282171 0.168640 29.773636 3755.079545
4.302181 0.169846 29.767630 3802.578035
4.322191 0.164795 29.725435 3830.869565
4.342201 0.168220 29.807416 3854.758427
4.362211 0.168377 29.778983 3883.039548
4.382222 0.166250 29.773846 3893.269231
4.402232 0.168817 29.768539 3910.522472
4.422242 0.164965 29.773846 3922.098901
4.442252 0.168254 29.774773 3937.000000
4.462262 0.169419 29.774382 3963.337079
4.482272 0.165206 29.821436 3970.403315
4.502282 0.169030 29.776364 3990.420455
4.522293 0.166717 29.842186 4015.032787
4.542303 0.167133 29.760894 4027.659218
4.562313 0.170037 29.819441 4051.407821
4.582323 0.164410 29.799556 4069.944444
4.602333 0.168998 29.844222 4092.627778
4.622343 0.167558 29.757556 4113.611111
4.642353 0.165502 29.834475 4130.254144
4.662364 0.167326 29.840904 4160.655367
4.682374 0.165202 29.831556 4173.994444
4.702384 0.167636 29.838667 4197.683333
4.722394 0.167496 29.760899 4225.573034
4.742404 0.163882 29.771087 4234.826087
4.762414 0.168482 29.804494 4267.067416
4.782424 0.165380 29.854607 4286.466292
4.802435 0.166552 29.813258 4297.719101
4.822445 0.167513 29.835028 4330.864407
4.842455 0.162953 29.822732 4344.710383
4.862465 0.168454 29.755191 4363.491803
4.882475 0.166971 29.826667 4390.672222
4.902485 0.165601 29.857978 4406.123596
4.922495 0.167457 29.732459 4431.076503
4.942506 0.165204 29.805111 4452.433333
4.962516 0.167168 29.832967 4475.994505
4.982526 0.166165 29.709274 4501.497207
5.002536 0.163095 29.788696 4522.369565
5.022546 0.167470 29.750497 4551.674033
5.042556 0.164394 29.739227 4575.657459
5.062567 0.165113 29.833812 4599.906077
5.082577 0.166011 29.784530 4630.900552
5.102587 0.162502 29.783784 4654.897297
5.122597 0.167328 29.693333 4682.477778
5.142607 0.164920 29.815604 4714.626374
5.162617 0.164146 29.806409 4733.093923
5.182627 0.166390 29.802404 4771.573770
5.202638 0.165518 29.794000 4793.822222
5.222648 0.166959 29.803799 4820.229050
5.242658 0.166877 29.788066 4858.110497
5.262668 0.164337 29.846000 4874.122222
5.282678 0.168017 29.787182 4918.320442
5.302688 0.166030 29.795000 4941.826087
5.322698 0.164556 29.804719 4973.168539
5.342709 0.166564 29.744309 5015.171271
5.362719 0.164938 29.827174 5040.375000
5.382729 0.167943 29.807273 5083.034091
5.402739 0.166810 29.825922 5117.949721
5.422749 0.164848 29.831694 5149.081967
5.442759 0.167403 29.794475 5202.812155
5.462769 0.166863 29.776983 5231.418994
5.482780 0.165310 29.805027 5277.967213
5.502790 0.167281 29.774011 5327.644068
5.522800 0.164101 29.793478 5360.961957
5.542810 0.167502 29.840663 5422.071823
5.562820 0.167343 29.811591 5462.664773
5.582830 0.163485 29.811828 5508.865591
5.602840 0.167204 29.786517 5573.646067
5.622851 0.165860 29.819672 5613.961749
5.642861 0.166238 29.777528 5680.331461
5.662871 0.167307 29.806000 5735.833333
5.682881 0.164356 29.760865 5788.556757
5.702891 0.167709 29.832090 5868.485876
5.722901 0.167692 29.795778 5919.272222
5.742911 0.164758 29.741436 5991.276243
5.762922 0.166964 29.793370 6068.966851
5.782932 0.163670 29.838054 6130.086486
5.802942 0.167464 29.777654 6221.955307
5.822952 0.166169 29.730787 6291.016854
5.842962 0.163126 29.806486 6368.313514
5.862972 0.167909 29.754917 6470.198895
5.882982 0.166089 29.778122 6542.508287
5.902993 0.165948 29.767640 6645.050562
5.923003 0.167747 29.781006 6741.189944
5.943013 0.164038 29.743351 6829.924324
5.963023 0.168348 29.680682 6954.176136
5.983033 0.168004 29.717556 7044.555556
6.003043 0.164521 29.751556 7157.205556
6.023053 0.168194 29.751732 7286.139665
6.043064 0.165875 29.798895 7389.248619
6.063074 0.167465 29.777333 7529.072222
6.083084 0.167460 29.754444 7649.672222
6.103094 0.163698 29.755778 7767.516667
6.123104 0.169374 29.772961 7924.189944
6.143114 0.167233 29.768268 8037.418994
6.163124 0.166493 29.786593 8178.697802
6.183135 0.168141 29.733333 8325.152542
6.203145 0.164732 29.769297 8445.524324
6.223155 0.169501 29.793600 8602.771429
6.243165 0.167613 29.821778 8722.805556
6.263175 0.164585 29.775870 8850.451087
