serial number: JANUSZ_3_RI70_21414871
torque: 8
start_temp: 30 (31)
finish_temp: 30 (31)
note: zdjęty z robota, soft 19.07 oryg. PIDy , oś 5, po złożeniu TK, bez klimy, limt 3.5A
0.000000 0.110634 30.000000 0.000000
0.020010 0.110278 30.000000 0.000000
0.040020 0.107799 30.000000 0.000000
0.060030 0.107918 30.000000 0.000000
0.080041 0.109678 30.000000 0.000000
0.100051 0.109659 30.000000 0.000000
0.120061 0.108021 30.000000 0.000000
0.140071 0.107885 30.000000 0.000000
0.160081 0.109942 30.000000 0.000000
0.180091 0.111463 30.000000 0.000000
0.200101 0.108274 30.000000 0.000000
0.220112 0.107384 30.000000 0.000000
0.240122 0.108210 30.000000 0.000000
0.260132 0.111045 30.000000 0.000000
0.280142 0.110297 30.000000 0.000000
0.300152 0.107595 30.000000 0.000000
0.320162 0.109447 30.000000 0.000000
0.340172 0.111159 30.000000 0.000000
0.360183 0.110435 30.000000 0.000000
0.380193 0.109675 30.000000 0.000000
0.400203 0.108686 30.000000 0.000000
0.420213 0.112271 30.000000 0.000000
0.440223 0.113116 30.000000 0.000000
0.460233 0.108795 30.000000 0.000000
0.480243 0.109741 30.000000 0.000000
0.500254 0.109473 30.000000 0.000000
0.520264 0.112429 30.000000 0.000000
0.540274 0.110430 30.000000 0.000000
0.560284 0.109106 30.000000 0.000000
0.580294 0.111092 30.000000 0.000000
0.600304 0.111115 30.000000 0.000000
0.620314 0.109749 30.000000 0.000000
0.640325 0.109638 30.000000 0.000000
0.660335 0.110237 30.000000 0.000000
0.680345 0.113895 30.000000 0.000000
0.700355 0.112024 30.000000 0.000000
0.720365 0.108889 30.000000 0.000000
0.740375 0.111107 30.000000 0.000000
0.760385 0.110141 30.000000 0.000000
0.780396 0.112111 30.000000 0.000000
0.800406 0.110672 30.000000 0.000000
0.820416 0.109763 30.000000 0.000000
0.840426 0.114194 30.000000 0.000000
0.860436 0.112109 30.000000 0.000000
0.880446 0.110258 30.000000 0.000000
0.900456 0.111453 30.000000 0.000000
0.920467 0.109830 30.000000 0.000000
0.940477 0.113868 30.000000 0.000000
0.960487 0.110866 30.000000 0.000000
0.980497 0.109462 30.000000 0.000000
1.000507 0.113593 30.000000 0.000000
1.020517 0.111444 30.000000 0.000000
1.040528 0.112506 30.000000 0.000000
1.060538 0.110929 30.000000 0.000000
1.080548 0.109535 30.000000 0.000000
1.100558 0.114735 30.000000 0.000000
1.120568 0.112271 30.000000 0.000000
1.140578 0.109509 30.000000 0.000000
1.160588 0.111112 30.000000 0.000000
1.180599 0.111047 30.000000 0.000000
1.200609 0.114389 30.000000 0.000000
1.220619 0.112106 30.000000 0.000000
1.240629 0.110590 30.000000 0.000000
1.260639 0.115050 30.000000 0.000000
1.280649 0.112988 30.000000 0.000000
1.300659 0.112782 30.000000 0.000000
1.320670 0.113316 30.000000 0.000000
1.340680 0.110789 30.000000 0.000000
1.360690 0.116843 30.000000 0.000000
1.380700 0.114390 30.000000 0.000000
1.400710 0.111222 30.000000 0.000000
1.420720 0.114291 30.000000 0.000000
1.440730 0.111323 30.000000 0.000000
1.460741 0.115377 30.000000 0.000000
1.480751 0.113187 30.000000 0.000000
1.500761 0.110375 30.000000 0.000000
1.520771 0.115454 30.000000 0.000000
1.540781 0.112460 30.000000 0.000000
1.560791 0.112472 30.000000 0.000000
1.580801 0.112889 30.000000 0.000000
1.600812 0.110314 30.000000 0.000000
1.620822 0.115101 30.000000 0.000000
1.640832 0.113020 30.000000 0.000000
1.660842 0.109822 30.000000 0.000000
1.680852 0.113843 30.000000 0.000000
1.700862 0.110534 30.000000 0.000000
1.720872 0.114334 30.000000 0.000000
1.740883 0.112731 30.000000 0.000000
1.760893 0.110237 30.000000 0.000000
1.780903 0.116207 30.000000 0.000000
1.800913 0.111218 30.000000 0.000000
1.820923 0.111358 30.000000 0.000000
1.840933 0.112796 30.000000 0.000000
1.860943 0.110371 30.000000 0.000000
1.880954 0.115395 30.000000 0.000000
1.900964 0.111488 30.000000 0.000000
1.920974 0.109330 30.000000 0.000000
1.940984 0.114134 30.000000 0.000000
1.960994 0.109807 30.000000 0.000000
1.981004 0.112997 30.000000 0.000000
2.001014 0.110900 30.000000 0.000000
2.021025 0.109423 30.000000 0.000000
2.041035 0.115381 30.000000 0.000000
2.061045 0.109782 30.000000 0.000000
2.081055 0.109174 30.000000 0.000000
2.101065 0.111334 30.000000 0.000000
2.121075 0.109066 30.000000 0.000000
2.141085 0.114990 30.000000 0.000000
2.161096 0.110018 30.000000 0.000000
2.181106 0.107556 30.000000 0.000000
2.201116 0.113371 30.000000 0.000000
2.221126 0.108224 30.000000 0.000000
2.241136 0.112679 30.000000 0.000000
2.261146 0.109798 30.000000 0.000000
2.281156 0.107363 30.000000 0.000000
2.301167 0.115098 30.000000 0.000000
2.321177 0.108503 30.000000 0.000000
2.341187 0.109041 30.000000 0.000000
2.361197 0.110260 30.000000 0.000000
2.381207 0.107074 30.000000 0.000000
2.401217 0.113532 30.000000 0.000000
2.421227 0.108459 30.000000 0.000000
2.441238 0.106190 30.000000 0.000000
2.461248 0.112166 30.000000 0.000000
2.481258 0.106348 30.000000 0.000000
2.501268 0.110552 30.000000 0.000000
2.521278 0.107887 30.000000 0.000000
2.541288 0.105808 30.000000 0.000000
2.561298 0.113413 30.000000 0.000000
2.581309 0.106726 30.000000 0.000000
2.601319 0.107614 30.000000 0.000000
2.621329 0.109420 30.000000 0.000000
2.641339 0.106218 30.000000 0.000000
2.661349 0.112432 30.000000 0.000000
2.681359 0.107352 30.000000 0.000000
2.701369 0.105919 30.000000 0.000000
2.721380 0.111096 30.000000 0.000000
2.741390 0.104818 30.000000 0.000000
2.761400 0.109523 30.000000 0.000000
2.781410 0.107672 30.000000 0.000000
2.801420 0.105259 30.000000 0.000000
2.821430 0.112787 30.000000 0.000000
2.841440 0.105572 30.000000 0.000000
2.861451 0.107242 30.000000 0.000000
2.881461 0.109234 30.000000 0.000000
2.901471 0.105761 30.000000 0.000000
2.921481 0.111830 30.000000 0.000000
2.941491 0.106661 30.000000 0.000000
2.961501 0.105073 30.000000 0.000000
2.981511 0.111305 30.000000 0.000000
3.001522 0.105810 30.000000 0.000000
3.021532 0.108642 30.000000 0.000000
3.041542 0.107555 30.000000 0.000000
3.061552 0.105425 30.000000 0.000000
3.081562 0.112568 30.000000 0.000000
3.101572 0.106448 30.000000 0.000000
3.121583 0.106477 30.000000 0.000000
3.141593 0.108852 30.000000 0.000000
3.161603 0.104883 30.000000 0.000000
3.181613 0.110814 30.000000 0.000000
3.201623 0.105643 30.000000 0.000000
3.221633 0.104748 30.000000 0.000000
3.241643 0.111359 30.000000 0.000000
3.261654 0.105831 30.000000 0.000000
3.281664 0.108650 30.000000 0.000000
3.301674 0.107245 30.000000 0.000000
3.321684 0.105730 30.000000 0.000000
3.341694 0.112628 30.000000 0.000000
3.361704 0.106532 30.000000 0.000000
3.381714 0.106000 30.000000 0.000000
3.401725 0.108245 30.000000 0.000000
3.421735 0.105776 30.000000 0.000000
3.441745 0.110093 30.000000 0.000000
3.461755 0.107068 30.000000 0.000000
3.481765 0.105158 30.000000 0.000000
3.501775 0.110897 30.000000 0.000000
3.521785 0.106588 30.000000 0.000000
3.541796 0.108544 30.000000 0.000000
3.561806 0.107407 30.000000 0.000000
3.581816 0.106296 30.000000 0.000000
3.601826 0.111167 30.000000 0.000000
3.621836 0.106750 30.000000 0.000000
3.641846 0.106280 30.000000 0.000000
3.661856 0.109281 30.000000 0.000000
3.681867 0.106238 30.000000 0.000000
3.701877 0.110171 30.000000 0.000000
3.721887 0.107232 30.000000 0.000000
3.741897 0.106571 30.000000 0.000000
3.761907 0.110939 30.000000 0.000000
3.781917 0.106267 30.000000 0.000000
3.801927 0.108077 30.000000 0.000000
3.821938 0.108600 30.000000 0.000000
3.841948 0.107438 30.000000 0.000000
3.861958 0.110883 30.000000 0.000000
3.881968 0.107179 30.000000 0.000000
3.901978 0.107024 30.000000 0.000000
3.921988 0.110610 30.000000 0.000000
3.941998 0.106864 30.000000 0.000000
3.962009 0.108764 30.000000 0.000000
3.982019 0.107740 30.000000 0.000000
4.002029 0.109013 30.000000 0.000000
4.022039 0.112266 30.000000 0.000000
4.042049 0.107805 30.000000 0.000000
4.062059 0.107539 30.000000 0.000000
4.082069 0.109613 30.000000 0.000000
4.102080 0.109411 30.000000 0.000000
4.122090 0.111656 30.000000 0.000000
4.142100 0.108067 30.000000 0.000000
4.162110 0.108390 30.000000 0.000000
4.182120 0.111606 30.000000 0.000000
4.202130 0.108154 30.000000 0.000000
4.222140 0.109244 30.000000 0.000000
4.242151 0.108314 30.000000 0.000000
4.262161 0.111049 30.000000 0.000000
4.282171 0.112388 30.000000 0.000000
4.302181 0.108355 30.000000 0.000000
4.322191 0.109382 30.000000 0.000000
4.342201 0.109839 30.000000 0.000000
4.362211 0.110157 30.000000 0.000000
4.382222 0.110438 30.000000 0.000000
4.402232 0.108884 30.000000 0.000000
4.422242 0.109814 30.000000 0.000000
4.442252 0.111589 30.000000 0.000000
4.462262 0.108768 30.000000 0.000000
4.482272 0.110170 30.000000 0.000000
4.502282 0.109509 30.000000 0.000000
4.522293 0.110617 30.000000 0.000000
4.542303 0.111418 30.000000 0.000000
4.562313 0.108016 30.000000 0.000000
4.582323 0.110217 30.000000 0.000000
4.602333 0.110740 30.000000 0.000000
4.622343 0.108700 30.000000 0.000000
4.642353 0.110497 30.000000 0.000000
4.662364 0.109456 30.000000 0.000000
4.682374 0.112136 30.000000 0.000000
4.702384 0.112060 30.000000 0.000000
4.722394 0.107948 30.000000 0.000000
4.742404 0.110382 30.000000 0.000000
4.762414 0.109886 30.000000 0.000000
4.782424 0.111134 30.000000 0.000000
4.802435 0.109672 30.000000 0.000000
4.822445 0.108279 30.000000 0.000000
4.842455 0.111058 30.000000 0.000000
4.862465 0.111121 30.000000 0.000000
4.882475 0.108512 30.000000 0.000000
4.902485 0.109789 30.000000 0.000000
4.922495 0.109829 30.000000 0.000000
4.942506 0.111687 30.000000 0.000000
4.962516 0.111342 30.000000 0.000000
4.982526 0.107761 30.000000 0.000000
5.002536 0.110793 30.000000 0.000000
5.022546 0.110676 30.000000 0.000000
5.042556 0.110852 30.000000 0.000000
5.062567 0.110541 30.000000 0.000000
5.082577 0.109276 30.000000 0.000000
5.102587 0.113449 30.000000 0.000000
5.122597 0.111986 30.000000 0.000000
5.142607 0.108967 30.000000 0.000000
5.162617 0.110532 30.000000 0.000000
5.182627 0.110285 30.000000 0.000000
5.202638 0.112217 30.000000 0.000000
5.222648 0.111128 30.000000 0.000000
5.242658 0.109130 30.000000 0.000000
5.262668 0.112750 30.000000 0.000000
5.282678 0.110888 30.000000 0.000000
5.302688 0.110651 30.000000 0.000000
5.322698 0.110398 30.000000 0.000000
5.342709 0.110316 30.000000 0.000000
5.362719 0.113455 30.000000 0.000000
5.382729 0.111470 30.000000 0.000000
5.402739 0.108762 30.000000 0.000000
5.422749 0.110774 30.000000 0.000000
5.442759 0.110737 30.000000 0.000000
5.462769 0.111356 30.000000 0.000000
5.482780 0.110669 30.000000 0.000000
5.502790 0.109640 30.000000 0.000000
5.522800 0.113787 30.000000 0.000000
5.542810 0.110571 30.000000 0.000000
5.562820 0.108335 30.000000 0.000000
5.582830 0.109541 30.000000 0.000000
5.602840 0.110666 30.000000 0.000000
5.622851 0.112742 30.000000 0.000000
5.642861 0.109822 30.000000 0.000000
5.662871 0.107882 30.000000 0.000000
5.682881 0.111439 30.000000 0.000000
5.702891 0.110531 30.000000 0.000000
5.722901 0.110135 30.000000 0.000000
5.742911 0.108763 30.000000 0.000000
5.762922 0.108655 30.000000 0.000000
5.782932 0.112365 30.000000 0.000000
5.802942 0.109093 30.000000 0.000000
5.822952 0.108136 30.000000 0.000000
5.842962 0.108147 30.000000 0.000000
5.862972 0.110455 30.000000 0.000000
5.882982 0.111084 30.000000 0.000000
5.902993 0.108226 30.000000 0.000000
5.923003 0.106992 30.000000 0.000000
5.943013 0.111050 30.000000 0.000000
5.963023 0.109714 30.000000 0.000000
5.983033 0.107736 30.000000 0.000000
6.003043 0.107500 30.000000 0.000000
6.023053 0.108769 30.000000 0.000000
6.043064 0.111848 30.000000 0.000000
6.063074 0.108617 30.000000 0.000000
6.083084 0.107226 30.000000 0.000000
6.103094 0.108256 30.000000 0.000000
6.123104 0.109435 30.000000 0.000000
6.143114 0.109370 30.000000 0.000000
6.163124 0.108238 30.000000 0.000000
6.183135 0.107920 30.000000 0.000000
6.203145 0.110108 30.000000 0.000000
6.223155 0.108130 30.000000 0.000000
6.243165 0.107644 30.000000 0.000000
6.263175 0.107584 30.000000 0.000000
