serial number: JANUSZ_3_RI70_21414871
torque: 8
start_temp: 36 (37)
finish_temp: 36 (36)
note: asdf
0.000000 0.170386 36.000000 0.000000
0.020010 0.159430 36.000000 0.000000
0.040020 0.162792 36.000000 0.000000
0.060030 0.168359 36.000000 0.000000
0.080041 0.159263 36.000000 0.000000
0.100051 0.165216 36.000000 0.000000
0.120061 0.158537 36.000000 0.000000
0.140071 0.161716 36.000000 0.000000
0.160081 0.169968 36.000000 0.000000
0.180091 0.159454 36.000000 0.000000
0.200101 0.165648 36.000000 0.000000
0.220112 0.163557 36.000000 0.000000
0.240122 0.161715 36.001946 0.000000
0.260132 0.169296 36.003636 0.000000
0.280142 0.157191 36.000000 0.000000
0.300152 0.161900 36.000000 0.000000
0.320162 0.168202 36.000000 0.000000
0.340172 0.159308 36.000000 0.000000
0.360183 0.166420 36.000000 0.000000
0.380193 0.158307 36.000000 0.000000
0.400203 0.159955 36.005376 0.000000
0.420213 0.167153 36.000000 0.000000
0.440223 0.156074 36.000000 0.000000
0.460233 0.163406 36.000000 0.000000
0.480243 0.163082 36.000000 0.000000
0.500254 0.160311 36.000000 0.000000
0.520264 0.166509 36.000000 0.000000
0.540274 0.155897 36.000000 0.000000
0.560284 0.160974 36.000000 0.000000
0.580294 0.164999 36.000000 0.000000
0.600304 0.155315 36.000000 0.000000
0.620314 0.164203 36.000000 0.000000
0.640325 0.157269 36.000000 0.000000
0.660335 0.160865 36.000000 0.000000
0.680345 0.167434 36.000000 0.000000
0.700355 0.156278 36.000000 0.000000
0.720365 0.161546 36.000000 0.000000
0.740375 0.162529 36.000000 0.000000
0.760385 0.158698 36.000000 0.000000
0.780396 0.167369 36.000000 0.000000
0.800406 0.156655 36.000000 0.000000
0.820416 0.163939 36.000000 0.000000
0.840426 0.166069 36.000000 0.000000
0.860436 0.157980 36.000000 0.000000
0.880446 0.166822 36.000000 0.000000
0.900456 0.160796 36.000000 0.000000
0.920467 0.162679 36.000000 0.000000
0.940477 0.167563 36.000000 0.000000
0.960487 0.158964 36.005319 0.000000
0.980497 0.168011 36.000000 0.000000
1.000507 0.165132 36.000000 0.000000
1.020517 0.161040 36.000000 0.000000
1.040528 0.170990 36.000000 0.000000
1.060538 0.158623 36.000000 0.000000
1.080548 0.166433 36.000000 0.000000
1.100558 0.168145 36.000000 0.000000
1.120568 0.158120 36.000000 0.000000
1.140578 0.170085 36.000000 0.000000
1.160588 0.163048 36.000000 0.000000
1.180599 0.164692 36.000000 0.000000
1.200609 0.170622 36.000000 0.000000
1.220619 0.158969 36.000000 0.000000
1.240629 0.167344 36.005495 0.000000
1.260639 0.163605 36.000000 0.000000
1.280649 0.157955 36.000000 0.000000
1.300659 0.168508 36.000000 0.000000
1.320670 0.155960 36.000000 0.000000
1.340680 0.165748 36.000000 0.000000
1.360690 0.167030 36.000000 0.000000
1.380700 0.155596 36.000000 0.000000
1.400710 0.167234 36.005650 0.000000
1.420720 0.160738 36.000000 0.000000
1.440730 0.160735 36.000000 0.000000
1.460741 0.167635 36.000000 0.000000
1.480751 0.156008 36.000000 0.000000
1.500761 0.167528 36.000000 0.000000
1.520771 0.163450 36.005376 0.000000
1.540781 0.156649 36.000000 0.000000
1.560791 0.167072 36.000000 0.000000
1.580801 0.156156 36.000000 0.000000
1.600812 0.164503 36.000000 0.000000
1.620822 0.165387 36.000000 0.000000
1.640832 0.154622 36.000000 0.000000
1.660842 0.169223 36.000000 0.000000
1.680852 0.159679 36.000000 0.000000
1.700862 0.158936 36.000000 0.000000
1.720872 0.166137 36.000000 0.000000
1.740883 0.153672 36.000000 0.000000
1.760893 0.166959 36.000000 0.000000
1.780903 0.160513 36.000000 0.000000
1.800913 0.156520 36.000000 0.000000
1.820923 0.165638 36.000000 0.000000
1.840933 0.155593 36.000000 0.000000
1.860943 0.163309 36.000000 0.000000
1.880954 0.162981 36.000000 0.000000
1.900964 0.153629 36.000000 0.000000
1.920974 0.166782 36.000000 0.000000
1.940984 0.158664 36.000000 0.000000
1.960994 0.159404 36.000000 0.000000
1.981004 0.167564 36.000000 0.000000
2.001014 0.155934 36.000000 0.000000
2.021025 0.167644 36.000000 0.000000
2.041035 0.160174 36.000000 0.000000
2.061045 0.155762 36.000000 0.000000
2.081055 0.169153 36.000000 0.000000
2.101065 0.155963 36.000000 0.000000
2.121075 0.162943 36.000000 0.000000
2.141085 0.161899 36.000000 0.000000
2.161096 0.155396 36.000000 0.000000
2.181106 0.169441 36.000000 0.000000
2.201116 0.156768 36.000000 0.000000
2.221126 0.158921 36.015707 0.000000
2.241136 0.164403 36.000000 0.000000
2.261146 0.155274 36.000000 0.000000
2.281156 0.168336 36.000000 0.000000
2.301167 0.161200 36.000000 0.000000
2.321177 0.155679 36.000000 0.000000
2.341187 0.165940 36.000000 0.000000
2.361197 0.155759 36.000000 0.000000
2.381207 0.161615 36.000000 0.000000
2.401217 0.160100 36.000000 0.000000
2.421227 0.154971 36.000000 0.000000
2.441238 0.168340 36.000000 0.000000
2.461248 0.156550 36.000000 0.000000
2.481258 0.157674 36.000000 0.000000
2.501268 0.165603 36.000000 0.000000
2.521278 0.156181 36.000000 0.000000
2.541288 0.167420 36.000000 0.000000
2.561298 0.158110 36.000000 0.000000
2.581309 0.155102 36.000000 0.000000
2.601319 0.169079 36.000000 0.000000
2.621329 0.154626 36.000000 0.000000
2.641339 0.160694 36.000000 0.000000
2.661349 0.159793 36.004233 0.000000
2.681359 0.153759 36.001036 0.000000
2.701369 0.168921 36.000000 0.000000
2.721380 0.155158 36.000000 0.000000
2.741390 0.156277 36.000000 0.000000
2.761400 0.163150 36.000000 0.000000
2.781410 0.152664 36.000000 0.000000
2.801420 0.164030 36.000000 0.000000
2.821430 0.154432 36.000000 0.000000
2.841440 0.153560 36.000000 0.000000
2.861451 0.165874 36.000000 0.000000
2.881461 0.154127 36.000000 0.000000
2.901471 0.159222 36.000000 0.000000
2.921481 0.162094 36.000000 0.000000
2.941491 0.157946 36.000000 0.000000
2.961501 0.169475 36.000000 0.000000
2.981511 0.157776 36.000000 0.000000
3.001522 0.158145 36.000000 0.000000
3.021532 0.166683 36.000000 0.000000
3.041542 0.156642 36.000000 0.000000
3.061552 0.165709 36.000000 0.000000
3.081562 0.157231 36.000000 0.000000
3.101572 0.156305 36.000000 0.000000
3.121583 0.168497 36.000000 0.000000
3.141593 0.126679 36.000000 0.000000
3.161603 0.155945 36.000000 0.000000
3.181613 0.161471 36.000000 0.000000
3.201623 0.163347 36.000000 0.000000
3.221633 0.167855 36.000000 0.000000
3.241643 0.159703 36.000000 0.000000
3.261654 0.163806 36.000000 0.000000
3.281664 0.166793 36.001530 0.000000
3.301674 0.162907 36.009451 0.000000
3.321684 0.167873 36.000000 0.000000
3.341694 0.160087 36.000000 0.000000
3.361704 0.162767 36.000000 0.000000
3.381714 0.169558 36.000000 0.000000
3.401725 0.161549 36.000000 0.000000
3.421735 0.163619 36.000000 0.000000
3.441745 0.164832 36.000000 0.000000
3.461755 0.162149 36.000000 0.000000
3.481765 0.168684 36.000000 0.000000
3.501775 0.160100 36.000000 0.000000
3.521785 0.162460 36.000000 0.000000
3.541796 0.169253 36.000000 0.000000
3.561806 0.162998 36.000000 0.000000
3.581816 0.166276 36.000000 0.000000
3.601826 0.159627 36.005376 0.000000
3.621836 0.162788 36.000000 0.000000
3.641846 0.168244 36.000000 0.000000
3.661856 0.160788 36.000000 0.000000
3.681867 0.165033 36.000000 0.000000
3.701877 0.166342 36.000000 0.000000
3.721887 0.165412 36.000000 0.000000
3.741897 0.168246 36.000000 0.000000
3.761907 0.159118 36.000000 0.000000
3.781917 0.162695 36.010538 0.000000
3.801927 0.166762 36.000222 0.000000
3.821938 0.161104 36.000000 0.000000
3.841948 0.166371 36.000000 0.000000
3.861958 0.161083 36.010753 0.000000
3.881968 0.163906 36.000000 0.000000
3.901978 0.167701 36.000000 0.000000
3.921988 0.159458 36.000000 0.000000
3.941998 0.166967 36.000000 0.000000
3.962009 0.165334 36.000000 0.000000
3.982019 0.162545 36.000000 0.000000
4.002029 0.166333 36.000000 0.000000
4.022039 0.158686 36.000000 0.000000
4.042049 0.165850 36.000000 0.000000
4.062059 0.168612 36.016000 0.000000
4.082069 0.161753 36.000656 0.000000
4.102080 0.166143 36.000000 0.000000
4.122090 0.163346 36.000000 0.000000
4.142100 0.166592 36.000000 0.000000
4.162110 0.168171 36.000000 0.000000
4.182120 0.161636 36.000000 0.000000
4.202130 0.169385 36.000000 0.000000
4.222140 0.166870 36.000220 0.000000
4.242151 0.164481 36.005246 0.000000
4.262161 0.168828 36.000000 0.000000
4.282171 0.163139 36.010870 0.000000
4.302181 0.169067 36.000000 0.000000
4.322191 0.167715 36.000000 0.000000
4.342201 0.162890 36.000000 0.000000
4.362211 0.168952 36.000000 0.000000
4.382222 0.166068 36.000000 0.000000
4.402232 0.167093 36.000000 0.000000
4.422242 0.168627 36.000000 0.000000
4.442252 0.162814 36.000000 0.000000
4.462262 0.168634 36.000000 0.000000
4.482272 0.167511 36.000000 0.000000
4.502282 0.165512 36.000000 0.000000
4.522293 0.169389 36.000000 0.000000
4.542303 0.162466 36.000000 0.000000
4.562313 0.168490 36.000000 0.000000
4.582323 0.169816 36.000000 0.000000
4.602333 0.163652 36.000000 0.000000
4.622343 0.170728 36.000000 0.000000
4.642353 0.168361 36.000000 0.000000
4.662364 0.169056 36.000000 0.000000
4.682374 0.169703 36.000000 0.000000
4.702384 0.164385 36.000000 0.000000
4.722394 0.172195 36.000000 0.000000
4.742404 0.169040 36.000000 0.000000
4.762414 0.165443 36.000000 0.000000
4.782424 0.171557 36.000000 0.000000
4.802435 0.166915 36.000000 0.000000
4.822445 0.171937 36.000000 0.000000
4.842455 0.170925 36.000000 0.000000
4.862465 0.165937 36.000000 0.000000
4.882475 0.173281 36.000000 0.000000
4.902485 0.169003 36.000000 0.000000
4.922495 0.168935 36.000000 0.000000
4.942506 0.171071 36.000000 0.000000
4.962516 0.166931 36.000000 0.000000
4.982526 0.174952 36.000000 0.000000
5.002536 0.168373 36.000000 0.000000
5.022546 0.166507 36.000000 0.000000
5.042556 0.173192 36.000000 0.000000
5.062567 0.167959 36.005587 0.000000
5.082577 0.174186 36.000000 0.000000
5.102587 0.171002 36.011494 0.000000
5.122597 0.167907 36.005556 0.000000
5.142607 0.173537 36.000000 0.000000
5.162617 0.169567 36.000000 0.000000
5.182627 0.170548 36.004162 0.000000
5.202638 0.173807 36.001647 0.000000
5.222648 0.170322 36.000000 0.000000
5.242658 0.176517 36.000000 0.000000
5.262668 0.168287 36.000000 0.000000
5.282678 0.166896 36.000000 0.000000
5.302688 0.174444 36.000000 0.000000
5.322698 0.168331 36.000000 0.000000
5.342709 0.173125 36.005780 0.000000
5.362719 0.168605 36.000000 0.000000
5.382729 0.166356 36.000000 0.000000
5.402739 0.174757 36.000000 0.000000
5.422749 0.166194 36.000000 0.000000
5.442759 0.168812 36.000000 0.000000
5.462769 0.169511 36.002045 0.000000
5.482780 0.167088 36.003596 0.000000
5.502790 0.175141 36.002312 0.000000
5.522800 0.165884 36.003333 0.000000
5.542810 0.165516 36.000000 0.000000
5.562820 0.171647 36.000000 0.000000
5.582830 0.167801 36.000000 0.000000
5.602840 0.173704 36.000000 0.000000
5.622851 0.169370 36.000000 0.000000
5.642861 0.166717 36.004809 0.000000
5.662871 0.171911 36.000686 0.000000
5.682881 0.164578 36.000000 0.000000
5.702891 0.168306 36.005587 0.000000
5.722901 0.170027 36.000000 0.000000
5.742911 0.165521 36.000000 0.000000
5.762922 0.172277 36.000000 0.000000
5.782932 0.163821 36.000000 0.000000
5.802942 0.165561 36.000000 0.000000
5.822952 0.171871 36.000000 0.000000
5.842962 0.164033 36.000000 0.000000
5.862972 0.168981 36.000000 0.000000
5.882982 0.163041 36.000000 0.000000
5.902993 0.164683 36.000000 0.000000
5.923003 0.170592 36.000000 0.000000
5.943013 0.163132 36.005000 0.000000
5.963023 0.167367 36.006034 0.000000
5.983033 0.166257 36.000000 0.000000
6.003043 0.164344 36.000000 0.000000
6.023053 0.171927 36.000000 0.000000
6.043064 0.161690 36.000000 0.000000
6.063074 0.164438 36.005405 0.000000
6.083084 0.170250 36.005714 0.000000
6.103094 0.162614 36.000000 0.000000
6.123104 0.168879 36.000000 0.000000
6.143114 0.164604 36.000000 0.000000
6.163124 0.165197 36.000000 0.000000
6.183135 0.172328 36.000000 0.000000
6.203145 0.161082 36.000000 0.000000
6.223155 0.165137 36.000000 0.000000
6.243165 0.165623 36.000000 0.000000
6.263175 0.161341 36.000000 0.000000
