serial number: JANUSZ_3_RI70_21414871
torque: 8
start_temp: 30 (31)
finish_temp: 30 (31)
note: zdjęty z robota, soft oryginalny , oś 5
0.000000 0.155126 30.000000 0.000000
0.020010 0.149491 30.000000 0.000000
0.040020 0.149335 30.000000 0.000000
0.060030 0.156321 30.000000 0.000000
0.080041 0.146526 30.000000 0.000000
0.100051 0.153850 30.000000 0.000000
0.120061 0.151613 30.000000 0.000000
0.140071 0.147619 30.000000 0.000000
0.160081 0.156655 30.000000 0.000000
0.180091 0.147720 30.000000 0.000000
0.200101 0.150472 30.000000 0.000000
0.220112 0.154125 30.000000 0.000000
0.240122 0.146091 30.000000 0.000000
0.260132 0.153829 30.000000 0.000000
0.280142 0.147561 30.000000 0.000000
0.300152 0.147660 30.000000 0.000000
0.320162 0.155428 30.000000 0.000000
0.340172 0.144785 30.000000 0.000000
0.360183 0.151882 30.000000 0.000000
0.380193 0.150737 30.000000 0.000000
0.400203 0.147125 30.000000 0.000000
0.420213 0.155728 30.000000 0.000000
0.440223 0.145850 30.000000 0.000000
0.460233 0.148317 30.000000 0.000000
0.480243 0.153291 30.000000 0.000000
0.500254 0.145329 30.000000 0.000000
0.520264 0.152952 30.000000 0.000000
0.540274 0.146998 30.000000 0.000000
0.560284 0.146518 30.000000 0.000000
0.580294 0.154576 30.000000 0.000000
0.600304 0.143683 30.000000 0.000000
0.620314 0.149755 30.000000 0.000000
0.640325 0.148793 30.000000 0.000000
0.660335 0.144484 30.000000 0.000000
0.680345 0.152180 30.000000 0.000000
0.700355 0.142583 30.000000 0.000000
0.720365 0.147215 30.000000 0.000000
0.740375 0.152049 30.000000 0.000000
0.760385 0.142466 30.000000 0.000000
0.780396 0.149109 30.000000 0.000000
0.800406 0.144782 30.000000 0.000000
0.820416 0.145328 30.000000 0.000000
0.840426 0.153554 30.000000 0.000000
0.860436 0.142312 30.000000 0.000000
0.880446 0.148919 30.000000 0.000000
0.900456 0.148220 30.000000 0.000000
0.920467 0.143686 30.000000 0.000000
0.940477 0.150643 30.000000 0.000000
0.960487 0.140088 30.000000 0.000000
0.980497 0.146154 30.000000 0.000000
1.000507 0.151203 30.000000 0.000000
1.020517 0.142371 30.000000 0.000000
1.040528 0.149247 30.000000 0.000000
1.060538 0.143330 30.000000 0.000000
1.080548 0.145259 30.000000 0.000000
1.100558 0.152501 30.000000 0.000000
1.120568 0.141862 30.000000 0.000000
1.140578 0.149403 30.000000 0.000000
1.160588 0.149514 30.000000 0.000000
1.180599 0.145615 30.000000 0.000000
1.200609 0.153334 30.000000 0.000000
1.220619 0.141862 30.000000 0.000000
1.240629 0.148873 30.000000 0.000000
1.260639 0.154115 30.000000 0.000000
1.280649 0.144668 30.000000 0.000000
1.300659 0.152001 30.000000 0.000000
1.320670 0.146185 30.000000 0.000000
1.340680 0.147847 30.000000 0.000000
1.360690 0.155832 30.000000 0.000000
1.380700 0.144302 30.000000 0.000000
1.400710 0.151965 30.000000 0.000000
1.420720 0.151852 30.000000 0.000000
1.440730 0.147573 30.000000 0.000000
1.460741 0.155274 30.000000 0.000000
1.480751 0.143764 30.000000 0.000000
1.500761 0.151290 30.000000 0.000000
1.520771 0.154933 30.000000 0.000000
1.540781 0.145897 30.000000 0.000000
1.560791 0.153259 30.000000 0.000000
1.580801 0.147383 30.000000 0.000000
1.600812 0.149332 30.000000 0.000000
1.620822 0.156790 30.000000 0.000000
1.640832 0.145246 30.000000 0.000000
1.660842 0.154015 30.000000 0.000000
1.680852 0.153206 30.000000 0.000000
1.700862 0.148642 30.000000 0.000000
1.720872 0.157493 30.000000 0.000000
1.740883 0.146413 30.000000 0.000000
1.760893 0.153573 30.000000 0.000000
1.780903 0.157334 30.000000 0.000000
1.800913 0.149233 30.000000 0.000000
1.820923 0.155760 30.000000 0.000000
1.840933 0.148630 30.000000 0.000000
1.860943 0.151278 30.000000 0.000000
1.880954 0.158764 30.000000 0.000000
1.900964 0.146541 30.000000 0.000000
1.920974 0.154377 30.000000 0.000000
1.940984 0.151847 30.000000 0.000000
1.960994 0.148147 30.000000 0.000000
1.981004 0.156678 30.000000 0.000000
2.001014 0.144835 30.000000 0.000000
2.021025 0.154804 30.000000 0.000000
2.041035 0.155549 30.000000 0.000000
2.061045 0.149149 30.000000 0.000000
2.081055 0.155546 30.000000 0.000000
2.101065 0.147474 30.000000 0.000000
2.121075 0.152178 30.000000 0.000000
2.141085 0.157233 30.000000 0.000000
2.161096 0.146600 30.000000 0.000000
2.181106 0.154184 30.000000 0.000000
2.201116 0.151865 30.000000 0.000000
2.221126 0.149084 30.000000 0.000000
2.241136 0.156454 30.000000 0.000000
2.261146 0.144484 30.000000 0.000000
2.281156 0.154384 30.000000 0.000000
2.301167 0.153947 30.000000 0.000000
2.321177 0.148465 30.000000 0.000000
2.341187 0.156052 30.000000 0.000000
2.361197 0.147174 30.000000 0.000000
2.381207 0.152919 30.000000 0.000000
2.401217 0.156390 30.000000 0.000000
2.421227 0.146116 30.000000 0.000000
2.441238 0.153698 30.000000 0.000000
2.461248 0.150240 30.000000 0.000000
2.481258 0.149463 30.000000 0.000000
2.501268 0.155599 30.000000 0.000000
2.521278 0.144269 30.000000 0.000000
2.541288 0.153125 30.000000 0.000000
2.561298 0.152403 30.000000 0.000000
2.581309 0.148083 30.000000 0.000000
2.601319 0.154775 30.000000 0.000000
2.621329 0.145852 30.000000 0.000000
2.641339 0.152003 30.000000 0.000000
2.661349 0.153105 30.000000 0.000000
2.681359 0.146207 30.000000 0.000000
2.701369 0.153932 30.000000 0.000000
2.721380 0.148110 30.000000 0.000000
2.741390 0.148804 30.000000 0.000000
2.761400 0.153197 30.000000 0.000000
2.781410 0.144832 30.000000 0.000000
2.801420 0.154108 30.000000 0.000000
2.821430 0.150695 30.000000 0.000000
2.841440 0.147165 30.000000 0.000000
2.861451 0.152520 30.000000 0.000000
2.881461 0.144947 30.000000 0.000000
2.901471 0.151915 30.000000 0.000000
2.921481 0.150406 30.000000 0.000000
2.941491 0.145352 30.000000 0.000000
2.961501 0.153020 30.000000 0.000000
2.981511 0.145808 30.000000 0.000000
3.001522 0.147756 30.000000 0.000000
3.021532 0.151014 30.000000 0.000000
3.041542 0.144940 30.000000 0.000000
3.061552 0.153906 30.000000 0.000000
3.081562 0.147082 30.000000 0.000000
3.101572 0.147480 30.000000 0.000000
3.121583 0.152108 30.000000 0.000000
3.141593 0.144334 30.000000 0.000000
3.161603 0.152508 30.000000 0.000000
3.181613 0.147401 30.000000 0.000000
3.201623 0.146057 30.000000 0.000000
3.221633 0.152340 30.000000 0.000000
3.241643 0.144716 30.000000 0.000000
3.261654 0.148858 30.000000 0.000000
3.281664 0.148800 30.000000 0.000000
3.301674 0.144180 30.000000 0.000000
3.321684 0.151902 30.000000 0.000000
3.341694 0.143484 30.000000 0.000000
3.361704 0.147388 30.000000 0.000000
3.381714 0.150839 30.000000 0.000000
3.401725 0.143147 30.000000 0.000000
3.421735 0.152548 30.000000 0.000000
3.441745 0.144114 30.000000 0.000000
3.461755 0.145535 30.000000 0.000000
3.481765 0.153309 30.000000 0.000000
3.501775 0.143475 30.000000 0.000000
3.521785 0.148908 30.000000 0.000000
3.541796 0.146919 30.000000 0.000000
3.561806 0.143090 30.000000 0.000000
3.581816 0.152930 30.000000 0.000000
3.601826 0.143044 30.000000 0.000000
3.621836 0.147125 30.000000 0.000000
3.641846 0.151143 30.000000 0.000000
3.661856 0.143566 30.000000 0.000000
3.681867 0.152915 30.000000 0.000000
3.701877 0.144823 30.000000 0.000000
3.721887 0.146066 30.000000 0.000000
3.741897 0.154517 30.000000 0.000000
3.761907 0.142417 30.000000 0.000000
3.781917 0.149464 30.000000 0.000000
3.801927 0.147955 30.000000 0.000000
3.821938 0.144885 30.000000 0.000000
3.841948 0.154217 30.000000 0.000000
3.861958 0.141714 30.000000 0.000000
3.881968 0.147736 30.000000 0.000000
3.901978 0.151972 30.000000 0.000000
3.921988 0.142568 30.000000 0.000000
3.941998 0.151112 30.000000 0.000000
3.962009 0.142426 30.000000 0.000000
3.982019 0.144481 30.000000 0.000000
4.002029 0.154296 30.000000 0.000000
4.022039 0.140476 30.000000 0.000000
4.042049 0.148326 30.000000 0.000000
4.062059 0.146939 30.000000 0.000000
4.082069 0.143695 30.000000 0.000000
4.102080 0.152712 30.000000 0.000000
4.122090 0.140917 30.000000 0.000000
4.142100 0.147045 30.000000 0.000000
4.162110 0.153807 30.000000 0.000000
4.182120 0.142963 30.000000 0.000000
4.202130 0.149599 30.000000 0.000000
4.222140 0.143957 30.000000 0.000000
4.242151 0.144549 30.000000 0.000000
4.262161 0.155649 30.000000 0.000000
4.282171 0.141905 30.000000 0.000000
4.302181 0.147919 30.000000 0.000000
4.322191 0.149939 30.000000 0.000000
4.342201 0.144260 30.000000 0.000000
4.362211 0.152323 30.000000 0.000000
4.382222 0.141881 30.000000 0.000000
4.402232 0.147859 30.000000 0.000000
4.422242 0.154414 30.000000 0.000000
4.442252 0.142396 30.000000 0.000000
4.462262 0.149397 30.000000 0.000000
4.482272 0.144010 30.000000 0.000000
4.502282 0.144834 30.000000 0.000000
4.522293 0.155034 30.000000 0.000000
4.542303 0.141095 30.000000 0.000000
4.562313 0.147981 30.000000 0.000000
4.582323 0.151144 30.000000 0.000000
4.602333 0.144746 30.000000 0.000000
4.622343 0.151767 30.000000 0.000000
4.642353 0.143247 30.000000 0.000000
4.662364 0.147725 30.000000 0.000000
4.682374 0.156041 30.000000 0.000000
4.702384 0.143255 30.000000 0.000000
4.722394 0.149204 30.000000 0.000000
4.742404 0.148077 30.000000 0.000000
4.762414 0.144692 30.000000 0.000000
4.782424 0.152914 30.000000 0.000000
4.802435 0.140377 30.000000 0.000000
4.822445 0.149622 30.000000 0.000000
4.842455 0.153837 30.000000 0.000000
4.862465 0.145073 30.000000 0.000000
4.882475 0.149991 30.000000 0.000000
4.902485 0.143521 30.000000 0.000000
4.922495 0.147720 30.000000 0.000000
4.942506 0.154307 30.000000 0.000000
4.962516 0.141710 30.000000 0.000000
4.982526 0.150398 30.000000 0.000000
5.002536 0.147758 30.000000 0.000000
5.022546 0.146146 30.000000 0.000000
5.042556 0.153077 30.000000 0.000000
5.062567 0.141672 30.000000 0.000000
5.082577 0.150456 30.000000 0.000000
5.102587 0.154848 30.000000 0.000000
5.122597 0.145371 30.000000 0.000000
5.142607 0.150629 30.000000 0.000000
5.162617 0.145737 30.000000 0.000000
5.182627 0.149057 30.000000 0.000000
5.202638 0.153370 30.000000 0.000000
5.222648 0.142926 30.000000 0.000000
5.242658 0.152318 30.000000 0.000000
5.262668 0.150448 30.000000 0.000000
5.282678 0.148261 30.000000 0.000000
5.302688 0.153414 30.000000 0.000000
5.322698 0.143295 30.000000 0.000000
5.342709 0.151234 30.000000 0.000000
5.362719 0.153394 30.000000 0.000000
5.382729 0.146530 30.000000 0.000000
5.402739 0.152702 30.000000 0.000000
5.422749 0.147359 30.000000 0.000000
5.442759 0.150820 30.000000 0.000000
5.462769 0.153819 30.000000 0.000000
5.482780 0.144864 30.000000 0.000000
5.502790 0.153101 30.000000 0.000000
5.522800 0.150843 30.000000 0.000000
5.542810 0.148523 30.000000 0.000000
5.562820 0.152947 30.000000 0.000000
5.582830 0.145474 30.000000 0.000000
5.602840 0.153294 30.000000 0.000000
5.622851 0.153096 30.000000 0.000000
5.642861 0.148122 30.000000 0.000000
5.662871 0.154869 30.000000 0.000000
5.682881 0.148607 30.000000 0.000000
5.702891 0.150779 30.000000 0.000000
5.722901 0.153725 30.000000 0.000000
5.742911 0.146722 30.000000 0.000000
5.762922 0.154734 30.000000 0.000000
5.782932 0.151053 30.000000 0.000000
5.802942 0.149528 30.000000 0.000000
5.822952 0.153025 30.000000 0.000000
5.842962 0.145792 30.000000 0.000000
5.862972 0.154326 30.000000 0.000000
5.882982 0.152611 30.000000 0.000000
5.902993 0.148460 30.000000 0.000000
5.923003 0.156329 30.000000 0.000000
5.943013 0.148142 30.000000 0.000000
5.963023 0.151858 30.000000 0.000000
5.983033 0.154571 30.000000 0.000000
6.003043 0.147652 30.000000 0.000000
6.023053 0.156132 30.000000 0.000000
6.043064 0.151619 30.000000 0.000000
6.063074 0.149699 30.000000 0.000000
6.083084 0.155378 30.000000 0.000000
6.103094 0.147164 30.000000 0.000000
6.123104 0.154013 30.000000 0.000000
6.143114 0.152310 30.000000 0.000000
6.163124 0.148325 30.000000 0.000000
6.183135 0.155482 30.000000 0.000000
6.203145 0.147271 30.000000 0.000000
6.223155 0.150858 30.000000 0.000000
6.243165 0.153833 30.000000 0.000000
6.263175 0.146030 30.000000 0.000000
