serial number: JANUSZ_3_RI70_21414871
torque: 8
start_temp: 43 (47)
finish_temp: 44 (44)
note: asdf
0.000000 0.217290 43.000000 0.000000
0.020010 0.203231 43.000000 0.000000
0.040020 0.222739 43.000000 0.000000
0.060030 0.207270 43.000000 0.000000
0.080041 0.212791 43.000000 0.000000
0.100051 0.221677 43.000000 0.000000
0.120061 0.202073 43.000000 0.000000
0.140071 0.222113 43.005495 0.000000
0.160081 0.211266 43.000000 0.000000
0.180091 0.205262 43.000000 0.000000
0.200101 0.221591 43.000000 0.000000
0.220112 0.199507 43.000000 0.000000
0.240122 0.217435 43.000000 0.000000
0.260132 0.213991 43.000000 0.000000
0.280142 0.199406 43.000000 0.000000
0.300152 0.222864 43.000000 0.000000
0.320162 0.204641 43.000000 0.000000
0.340172 0.213560 43.000000 0.000000
0.360183 0.221154 43.000000 0.000000
0.380193 0.202760 43.000000 0.000000
0.400203 0.224179 43.000000 0.000000
0.420213 0.211133 43.000000 0.000000
0.440223 0.209219 43.000000 0.000000
0.460233 0.221646 43.000000 0.000000
0.480243 0.201708 43.008200 0.000000
0.500254 0.219680 43.002000 0.000000
0.520264 0.216120 43.009198 0.000000
0.540274 0.202054 43.001443 0.000000
0.560284 0.223812 43.000000 0.000000
0.580294 0.206725 43.000000 0.000000
0.600304 0.214445 43.000000 0.000000
0.620314 0.218980 43.000000 0.000000
0.640325 0.203125 43.000000 0.000000
0.660335 0.223967 43.000000 0.000000
0.680345 0.209937 43.000000 0.000000
0.700355 0.207182 43.000000 0.000000
0.720365 0.224074 43.000000 0.000000
0.740375 0.202689 43.000000 0.000000
0.760385 0.221073 43.000000 0.000000
0.780396 0.217037 43.000000 0.000000
0.800406 0.203235 43.000000 0.000000
0.820416 0.225798 43.000000 0.000000
0.840426 0.206117 43.000000 0.000000
0.860436 0.215041 43.000000 0.000000
0.880446 0.220162 43.000000 0.000000
0.900456 0.203438 43.000000 0.000000
0.920467 0.225888 43.000000 0.000000
0.940477 0.212510 43.000000 0.000000
0.960487 0.210534 43.000000 0.000000
0.980497 0.222525 43.000000 0.000000
1.000507 0.201714 43.000000 0.000000
1.020517 0.220718 43.000000 0.000000
1.040528 0.214069 43.000000 0.000000
1.060538 0.203838 43.004646 0.000000
1.080548 0.224968 43.000455 0.000000
1.100558 0.204877 43.000000 0.000000
1.120568 0.214327 43.002151 0.000000
1.140578 0.217672 43.003243 0.000000
1.160588 0.201944 43.000000 0.000000
1.180599 0.223169 43.000000 0.000000
1.200609 0.205580 43.000000 0.000000
1.220619 0.206211 43.000000 0.000000
1.240629 0.220306 43.005464 0.000000
1.260639 0.200891 43.000000 0.000000
1.280649 0.221391 43.000000 0.000000
1.300659 0.210375 43.000000 0.000000
1.320670 0.203488 43.000000 0.000000
1.340680 0.223704 43.000000 0.000000
1.360690 0.202488 43.000000 0.000000
1.380700 0.210927 43.005435 0.000000
1.400710 0.214227 43.000000 0.000000
1.420720 0.198202 43.000000 0.000000
1.440730 0.219314 43.000000 0.000000
1.460741 0.200843 43.000000 0.000000
1.480751 0.205909 43.000000 0.000000
1.500761 0.218535 43.000000 0.000000
1.520771 0.198983 43.000000 0.000000
1.540781 0.218613 43.000000 0.000000
1.560791 0.206797 43.000000 0.000000
1.580801 0.198875 43.000000 0.000000
1.600812 0.222414 43.000000 0.000000
1.620822 0.197228 43.000000 0.000000
1.640832 0.211788 43.000000 0.000000
1.660842 0.212056 43.000000 0.000000
1.680852 0.196802 43.000000 0.000000
1.700862 0.221285 43.000000 0.000000
1.720872 0.197452 43.000000 0.000000
1.740883 0.204181 43.000000 0.000000
1.760893 0.213435 43.000000 0.000000
1.780903 0.194450 43.000000 0.000000
1.800913 0.214057 43.000000 0.000000
1.820923 0.199861 43.003582 0.000000
1.840933 0.196808 43.001373 0.000000
1.860943 0.217662 43.000000 0.000000
1.880954 0.192375 43.000000 0.000000
1.900964 0.208575 43.000000 0.000000
1.920974 0.202999 43.006294 0.000000
1.940984 0.193498 43.003654 0.000000
1.960994 0.215485 43.000000 0.000000
1.981004 0.191242 43.000000 0.000000
2.001014 0.201227 43.000000 0.000000
2.021025 0.207757 43.000000 0.000000
2.041035 0.186411 43.000000 0.000000
2.061045 0.210223 43.000000 0.000000
2.081055 0.192967 43.000000 0.000000
2.101065 0.195850 43.002126 0.000000
2.121075 0.212638 43.008342 0.000000
2.141085 0.187118 43.000000 0.000000
2.161096 0.206638 43.000000 0.000000
2.181106 0.198722 43.000000 0.000000
2.201116 0.190962 43.000000 0.000000
2.221126 0.215063 43.005376 0.000000
2.241136 0.184785 43.000000 0.000000
2.261146 0.198110 43.000000 0.000000
2.281156 0.205512 43.000000 0.000000
2.301167 0.185284 43.000000 0.000000
2.321177 0.209224 43.010256 0.000000
2.341187 0.189050 43.003602 0.000000
2.361197 0.191739 43.001148 0.000000
2.381207 0.210611 43.000000 0.000000
2.401217 0.178309 43.002311 0.000000
2.421227 0.203004 43.002437 0.000000
2.441238 0.193182 43.000000 0.000000
2.461248 0.184906 43.003944 0.000000
2.481258 0.212311 43.000842 0.000000
2.501268 0.183649 43.000000 0.000000
2.521278 0.197624 43.000000 0.000000
2.541288 0.198093 43.000000 0.000000
2.561298 0.180329 43.004525 0.000000
2.581309 0.207718 43.000000 0.000000
2.601319 0.185496 43.000000 0.000000
2.621329 0.196450 43.000615 0.000000
2.641339 0.240618 43.000000 0.000000
2.661349 0.222962 43.006222 0.000000
2.681359 0.234763 43.001250 0.000000
2.701369 0.231292 43.000000 0.000000
2.721380 0.226583 43.000000 0.000000
2.741390 0.240325 43.000000 0.000000
2.761400 0.226498 43.000000 0.000000
2.781410 0.228759 43.007634 0.000000
2.801420 0.234788 43.010312 0.000000
2.821430 0.220776 43.009343 0.000000
2.841440 0.234711 43.011024 0.000000
2.861451 0.224382 43.000000 0.000000
2.881461 0.227541 43.007634 0.000000
2.901471 0.238364 43.000000 0.000000
2.921481 0.220687 43.000000 0.000000
2.941491 0.232528 43.000000 0.000000
2.961501 0.232305 43.000000 0.000000
2.981511 0.225064 43.000000 0.000000
3.001522 0.240688 43.000000 0.000000
3.021532 0.224709 43.000000 0.000000
3.041542 0.233740 43.000000 0.000000
3.061552 0.239049 43.000000 0.000000
3.081562 0.223886 43.000000 0.000000
3.101572 0.239762 43.000000 0.000000
3.121583 0.230296 43.000000 0.000000
3.141593 0.177982 43.000000 0.000000
3.161603 0.231411 43.000000 0.000000
3.181613 0.225209 43.000000 0.000000
3.201623 0.237369 43.000000 0.000000
3.221633 0.237942 43.000000 0.000000
3.241643 0.231989 43.000000 0.000000
3.261654 0.244860 43.000000 0.000000
3.281664 0.232902 43.005780 0.000000
3.301674 0.240003 43.000000 0.000000
3.321684 0.242423 43.000000 0.000000
3.341694 0.229761 43.006744 0.000000
3.361704 0.243893 43.005122 0.000000
3.381714 0.236074 43.000000 0.000000
3.401725 0.237338 43.000000 0.000000
3.421735 0.246979 43.000000 0.000000
3.441745 0.229073 43.000000 0.000000
3.461755 0.242162 43.000000 0.000000
3.481765 0.238832 43.000000 0.000000
3.501775 0.231343 43.000000 0.000000
3.521785 0.243859 43.000000 0.000000
3.541796 0.228753 43.000000 0.000000
3.561806 0.237580 43.000000 0.000000
3.581816 0.241186 43.000000 0.000000
3.601826 0.225361 43.000000 0.000000
3.621836 0.241234 43.005988 0.000000
3.641846 0.232104 43.000000 0.000000
3.661856 0.232824 43.000000 0.000000
3.681867 0.240556 43.002143 0.000000
3.701877 0.224084 43.009213 0.000000
3.721887 0.240122 43.000000 0.000000
3.741897 0.234960 43.000000 0.000000
3.761907 0.227089 43.000000 0.000000
3.781917 0.240770 43.000000 0.000000
3.801927 0.225226 43.000000 0.000000
3.821938 0.234583 43.000000 0.000000
3.841948 0.236997 43.000000 0.000000
3.861958 0.224111 43.000000 0.000000
3.881968 0.240242 43.012048 0.000000
3.901978 0.227176 43.000000 0.000000
3.921988 0.229839 43.000000 0.000000
3.941998 0.238573 43.002573 0.000000
3.962009 0.221191 43.003111 0.000000
3.982019 0.236897 43.000000 0.000000
4.002029 0.231948 43.000000 0.000000
4.022039 0.224556 43.000000 0.000000
4.042049 0.238924 43.000000 0.000000
4.062059 0.222898 43.000000 0.000000
4.082069 0.235477 43.000000 0.000000
4.102080 0.236504 43.000000 0.000000
4.122090 0.220803 43.000000 0.000000
4.142100 0.240535 43.011834 0.000000
4.162110 0.225933 43.000000 0.000000
4.182120 0.227930 43.000000 0.000000
4.202130 0.236671 43.000000 0.000000
4.222140 0.220490 43.000440 0.000000
4.242151 0.235350 43.005412 0.000000
4.262161 0.227746 43.000000 0.000000
4.282171 0.222603 43.012818 0.000000
4.302181 0.240474 43.004048 0.000000
4.322191 0.223654 43.011236 0.000000
4.342201 0.231145 43.000000 0.000000
4.362211 0.230040 43.000000 0.000000
4.382222 0.217838 43.000000 0.000000
4.402232 0.237449 43.005882 0.000000
4.422242 0.223464 43.000000 0.000000
4.442252 0.224037 43.000000 0.000000
4.462262 0.234015 43.000000 0.000000
4.482272 0.218465 43.000000 0.000000
4.502282 0.234930 43.000000 0.000000
4.522293 0.227210 43.000000 0.000000
4.542303 0.220709 43.000000 0.000000
4.562313 0.234539 43.000000 0.000000
4.582323 0.220779 43.000000 0.000000
4.602333 0.231087 43.000000 0.000000
4.622343 0.229603 43.005747 0.000000
4.642353 0.218934 43.000000 0.000000
4.662364 0.237014 43.000000 0.000000
4.682374 0.222571 43.000000 0.000000
4.702384 0.226167 43.011429 0.000000
4.722394 0.232160 43.000000 0.000000
4.742404 0.218923 43.000000 0.000000
4.762414 0.236244 43.011696 0.000000
4.782424 0.222091 43.000000 0.000000
4.802435 0.218716 43.000000 0.000000
4.822445 0.233923 43.000000 0.000000
4.842455 0.216365 43.000000 0.000000
4.862465 0.228656 43.000000 0.000000
4.882475 0.224320 43.000000 0.000000
4.902485 0.214082 43.006845 0.000000
4.922495 0.236037 43.004286 0.000000
4.942506 0.218126 43.000000 0.000000
4.962516 0.223446 43.000000 0.000000
4.982526 0.227956 43.000000 0.000000
5.002536 0.213752 43.000000 0.000000
5.022546 0.234054 43.000000 0.000000
5.042556 0.219667 43.000000 0.000000
5.062567 0.217322 43.000000 0.000000
5.082577 0.232766 43.000000 0.000000
5.102587 0.214048 43.000000 0.000000
5.122597 0.225215 43.000000 0.000000
5.142607 0.220485 43.000000 0.000000
5.162617 0.214018 43.005291 0.000000
5.182627 0.232871 43.005882 0.000000
5.202638 0.215446 43.000000 0.000000
5.222648 0.221053 43.000000 0.000000
5.242658 0.225074 43.000000 0.000000
5.262668 0.212003 43.003226 0.000000
5.282678 0.230659 43.002299 0.000000
5.302688 0.213920 43.003850 0.000000
5.322698 0.217255 43.001514 0.000000
5.342709 0.228947 43.000000 0.000000
5.362719 0.212606 43.000000 0.000000
5.382729 0.223113 43.000000 0.000000
5.402739 0.218703 43.000000 0.000000
5.422749 0.212504 43.000000 0.000000
5.442759 0.230472 43.000000 0.000000
5.462769 0.210201 43.000000 0.000000
5.482780 0.219843 43.000000 0.000000
5.502790 0.222250 43.006813 0.000000
5.522800 0.210953 43.004021 0.000000
5.542810 0.227095 43.000000 0.000000
5.562820 0.212925 43.000000 0.000000
5.582830 0.212932 43.000000 0.000000
5.602840 0.226961 43.000000 0.000000
5.622851 0.204097 43.000000 0.000000
5.642861 0.218817 43.000000 0.000000
5.662871 0.213826 43.000000 0.000000
5.682881 0.208798 43.000000 0.000000
5.702891 0.227541 43.003509 0.000000
5.722901 0.204912 43.012121 0.000000
5.742911 0.215087 43.000000 0.000000
5.762922 0.218909 43.000000 0.000000
5.782932 0.206921 43.000000 0.000000
5.802942 0.224214 43.000000 0.000000
5.822952 0.207676 43.000000 0.000000
5.842962 0.211773 43.000000 0.000000
5.862972 0.222720 43.005140 0.000000
5.882982 0.203745 43.000400 0.000000
5.902993 0.220884 43.000000 0.000000
5.923003 0.209866 43.000000 0.000000
5.943013 0.207732 43.000000 0.000000
5.963023 0.225078 43.000000 0.000000
5.983033 0.205064 43.000000 0.000000
6.003043 0.215265 43.000000 0.000000
6.023053 0.218226 43.000000 0.000000
6.043064 0.204019 43.000000 0.000000
6.063074 0.222554 43.005618 0.000000
6.083084 0.208399 43.000000 0.000000
6.103094 0.211787 43.000000 0.000000
6.123104 0.221149 43.000000 0.000000
6.143114 0.200704 43.000000 0.000000
6.163124 0.220570 43.001547 0.000000
6.183135 0.212502 43.009101 0.000000
6.203145 0.207590 43.000000 0.000000
6.223155 0.223001 43.006851 0.000000
6.243165 0.201686 43.003838 0.000000
6.263175 0.215846 43.000000 0.000000
