serial number: JANUSZ_3_RI70_21414871
torque: 8
start_temp: 34 (35)
finish_temp: 34 (35)
note: asdf
0.000000 0.149149 34.000000 0.000000
0.020010 0.147562 34.000000 0.000000
0.040020 0.149248 34.000000 0.000000
0.060030 0.147042 34.000000 0.000000
0.080041 0.148172 34.000000 0.000000
0.100051 0.150194 34.000000 0.000000
0.120061 0.148878 34.000000 0.000000
0.140071 0.151070 34.000000 0.000000
0.160081 0.150703 34.000000 0.000000
0.180091 0.148803 34.000000 0.000000
0.200101 0.149909 34.000000 0.000000
0.220112 0.149589 34.000000 0.000000
0.240122 0.151088 34.000000 0.000000
0.260132 0.148993 34.000000 0.000000
0.280142 0.148810 34.000000 0.000000
0.300152 0.150417 34.000000 0.000000
0.320162 0.151503 34.000000 0.000000
0.340172 0.151658 34.000000 0.000000
0.360183 0.152496 34.000000 0.000000
0.380193 0.149923 34.000000 0.000000
0.400203 0.153195 34.005128 0.000000
0.420213 0.153451 34.000000 0.000000
0.440223 0.150896 34.000000 0.000000
0.460233 0.150006 34.000000 0.000000
0.480243 0.150267 34.000000 0.000000
0.500254 0.152772 34.000000 0.000000
0.520264 0.150779 34.004848 0.000000
0.540274 0.149809 34.000199 0.000000
0.560284 0.152019 34.000000 0.000000
0.580294 0.152048 34.000000 0.000000
0.600304 0.150811 34.000000 0.000000
0.620314 0.148725 34.000000 0.000000
0.640325 0.150055 34.000000 0.000000
0.660335 0.152233 34.000000 0.000000
0.680345 0.150544 34.000000 0.000000
0.700355 0.149646 34.000000 0.000000
0.720365 0.151120 34.000000 0.000000
0.740375 0.152414 34.000000 0.000000
0.760385 0.153301 34.000000 0.000000
0.780396 0.150105 34.000000 0.000000
0.800406 0.148201 34.000000 0.000000
0.820416 0.150748 34.000000 0.000000
0.840426 0.149734 34.000000 0.000000
0.860436 0.151585 34.000000 0.000000
0.880446 0.149823 34.000000 0.000000
0.900456 0.149474 34.000000 0.000000
0.920467 0.151906 34.000000 0.000000
0.940477 0.148781 34.000000 0.000000
0.960487 0.147144 34.000000 0.000000
0.980497 0.146956 34.000000 0.000000
1.000507 0.151118 34.000000 0.000000
1.020517 0.152601 34.000000 0.000000
1.040528 0.148457 34.000000 0.000000
1.060538 0.148672 34.000000 0.000000
1.080548 0.150223 34.000000 0.000000
1.100558 0.149932 34.000000 0.000000
1.120568 0.149938 34.000000 0.000000
1.140578 0.146356 34.000000 0.000000
1.160588 0.148377 34.000000 0.000000
1.180599 0.150291 34.000000 0.000000
1.200609 0.147295 34.000000 0.000000
1.220619 0.147223 34.000000 0.000000
1.240629 0.146182 34.000000 0.000000
1.260639 0.148473 34.000000 0.000000
1.280649 0.149091 34.000000 0.000000
1.300659 0.144634 34.000000 0.000000
1.320670 0.148324 34.000000 0.000000
1.340680 0.152234 34.000000 0.000000
1.360690 0.148667 34.000000 0.000000
1.380700 0.148770 34.000000 0.000000
1.400710 0.145922 34.000000 0.000000
1.420720 0.148399 34.000000 0.000000
1.440730 0.149930 34.000000 0.000000
1.460741 0.145672 34.000000 0.000000
1.480751 0.145127 34.000000 0.000000
1.500761 0.146034 34.000000 0.000000
1.520771 0.146561 34.000000 0.000000
1.540781 0.146398 34.000000 0.000000
1.560791 0.141995 34.000000 0.000000
1.580801 0.147667 34.000000 0.000000
1.600812 0.148910 34.000000 0.000000
1.620822 0.145328 34.000000 0.000000
1.640832 0.146824 34.000000 0.000000
1.660842 0.144795 34.000000 0.000000
1.680852 0.148345 34.000000 0.000000
1.700862 0.149981 34.000000 0.000000
1.720872 0.143045 34.000000 0.000000
1.740883 0.144104 34.000000 0.000000
1.760893 0.146994 34.000000 0.000000
1.780903 0.146306 34.000000 0.000000
1.800913 0.147740 34.000000 0.000000
1.820923 0.143364 34.000000 0.000000
1.840933 0.147089 34.000000 0.000000
1.860943 0.149522 34.000000 0.000000
1.880954 0.143617 34.000000 0.000000
1.900964 0.145114 34.000000 0.000000
1.920974 0.144439 34.000000 0.000000
1.940984 0.147088 34.000000 0.000000
1.960994 0.149102 34.000000 0.000000
1.981004 0.143457 34.000000 0.000000
2.001014 0.144463 34.000000 0.000000
2.021025 0.146612 34.000000 0.000000
2.041035 0.144485 34.000000 0.000000
2.061045 0.146008 34.000000 0.000000
2.081055 0.143345 34.000000 0.000000
2.101065 0.147105 34.000000 0.000000
2.121075 0.148202 34.000000 0.000000
2.141085 0.144760 34.000000 0.000000
2.161096 0.145828 34.000000 0.000000
2.181106 0.145733 34.000000 0.000000
2.201116 0.149013 34.000000 0.000000
2.221126 0.147839 34.000000 0.000000
2.241136 0.144014 34.000000 0.000000
2.261146 0.146643 34.000000 0.000000
2.281156 0.146984 34.000000 0.000000
2.301167 0.145625 34.000000 0.000000
2.321177 0.146059 34.000000 0.000000
2.341187 0.140442 34.000000 0.000000
2.361197 0.146727 34.000000 0.000000
2.381207 0.147990 34.000000 0.000000
2.401217 0.143362 34.000000 0.000000
2.421227 0.146010 34.000000 0.000000
2.441238 0.145298 34.000000 0.000000
2.461248 0.146034 34.000000 0.000000
2.481258 0.146274 34.000000 0.000000
2.501268 0.142816 34.000000 0.000000
2.521278 0.147536 34.000000 0.000000
2.541288 0.148760 34.000000 0.000000
2.561298 0.144772 34.000000 0.000000
2.581309 0.146213 34.000000 0.000000
2.601319 0.143868 34.000000 0.000000
2.621329 0.148899 34.000000 0.000000
2.641339 0.148616 34.000000 0.000000
2.661349 0.144261 34.000000 0.000000
2.681359 0.148354 34.000000 0.000000
2.701369 0.148884 34.000000 0.000000
2.721380 0.148531 34.000000 0.000000
2.741390 0.150978 34.000000 0.000000
2.761400 0.144727 34.000000 0.000000
2.781410 0.149018 34.000000 0.000000
2.801420 0.148681 34.000000 0.000000
2.821430 0.146859 34.000000 0.000000
2.841440 0.149403 34.000000 0.000000
2.861451 0.147408 34.000000 0.000000
2.881461 0.150681 34.000000 0.000000
2.901471 0.149943 34.000000 0.000000
2.921481 0.145122 34.000000 0.000000
2.941491 0.148099 34.000000 0.000000
2.961501 0.147974 34.000000 0.000000
2.981511 0.149773 34.000000 0.000000
3.001522 0.150040 34.000000 0.000000
3.021532 0.143139 34.000000 0.000000
3.041542 0.150493 34.000000 0.000000
3.061552 0.147374 34.000000 0.000000
3.081562 0.144545 34.000000 0.000000
3.101572 0.147069 34.000000 0.000000
3.121583 0.144668 34.000000 0.000000
3.141593 0.122905 34.000000 0.000000
3.161603 0.142993 34.000000 0.000000
3.181613 0.144340 34.000000 0.000000
3.201623 0.149059 34.000000 0.000000
3.221633 0.146658 34.000000 0.000000
3.241643 0.145747 34.000000 0.000000
3.261654 0.146249 34.000000 0.000000
3.281664 0.142612 34.000000 0.000000
3.301674 0.150081 34.000000 0.000000
3.321684 0.147849 34.000000 0.000000
3.341694 0.145821 34.000000 0.000000
3.361704 0.148125 34.000000 0.000000
3.381714 0.145653 34.000000 0.000000
3.401725 0.147972 34.000000 0.000000
3.421735 0.147303 34.000000 0.000000
3.441745 0.144225 34.000000 0.000000
3.461755 0.150512 34.000000 0.000000
3.481765 0.147499 34.000000 0.000000
3.501775 0.146553 34.000000 0.000000
3.521785 0.147748 34.000000 0.000000
3.541796 0.146250 34.000000 0.000000
3.561806 0.150059 34.000000 0.000000
3.581816 0.146739 34.000000 0.000000
3.601826 0.145362 34.000000 0.000000
3.621836 0.149399 34.000000 0.000000
3.641846 0.147187 34.000000 0.000000
3.661856 0.147627 34.000000 0.000000
3.681867 0.146459 34.000000 0.000000
3.701877 0.146331 34.000000 0.000000
3.721887 0.152675 34.000000 0.000000
3.741897 0.148906 34.000000 0.000000
3.761907 0.145906 34.000000 0.000000
3.781917 0.148370 34.000000 0.000000
3.801927 0.146945 34.000000 0.000000
3.821938 0.149207 34.000000 0.000000
3.841948 0.145638 34.000000 0.000000
3.861958 0.146451 34.000000 0.000000
3.881968 0.150302 34.000000 0.000000
3.901978 0.146275 34.000000 0.000000
3.921988 0.146433 34.000000 0.000000
3.941998 0.146334 34.000000 0.000000
3.962009 0.144709 34.000000 0.000000
3.982019 0.150478 34.000000 0.000000
4.002029 0.146276 34.000000 0.000000
4.022039 0.144177 34.000000 0.000000
4.042049 0.147412 34.000000 0.000000
4.062059 0.146521 34.000000 0.000000
4.082069 0.148964 34.000000 0.000000
4.102080 0.144979 34.000000 0.000000
4.122090 0.144063 34.000000 0.000000
4.142100 0.150357 34.000000 0.000000
4.162110 0.145934 34.000000 0.000000
4.182120 0.144836 34.000000 0.000000
4.202130 0.145856 34.000000 0.000000
4.222140 0.145921 34.000585 0.000000
4.242151 0.149642 34.004422 0.000000
4.262161 0.143703 34.000000 0.000000
4.282171 0.142803 34.000000 0.000000
4.302181 0.146227 34.000000 0.000000
4.322191 0.145452 34.000000 0.000000
4.342201 0.147307 34.000000 0.000000
4.362211 0.142469 34.000000 0.000000
4.382222 0.142893 34.000000 0.000000
4.402232 0.149766 34.000000 0.000000
4.422242 0.144583 34.000000 0.000000
4.442252 0.144198 34.000000 0.000000
4.462262 0.145159 34.000000 0.000000
4.482272 0.147137 34.000000 0.000000
4.502282 0.148024 34.000000 0.000000
4.522293 0.142702 34.000000 0.000000
4.542303 0.142923 34.000000 0.000000
4.562313 0.147704 34.000000 0.000000
4.582323 0.146110 34.000000 0.000000
4.602333 0.146025 34.000000 0.000000
4.622343 0.142038 34.000000 0.000000
4.642353 0.142818 34.000000 0.000000
4.662364 0.148698 34.000000 0.000000
4.682374 0.142657 34.000000 0.000000
4.702384 0.141266 34.000000 0.000000
4.722394 0.143772 34.000000 0.000000
4.742404 0.145071 34.000000 0.000000
4.762414 0.146137 34.000000 0.000000
4.782424 0.140549 34.000000 0.000000
4.802435 0.140471 34.000000 0.000000
4.822445 0.147063 34.000000 0.000000
4.842455 0.142416 34.000000 0.000000
4.862465 0.142163 34.000000 0.000000
4.882475 0.140117 34.000000 0.000000
4.902485 0.142975 34.000000 0.000000
4.922495 0.147215 34.009756 0.000000
4.942506 0.142029 34.000000 0.000000
4.962516 0.140914 34.000000 0.000000
4.982526 0.144270 34.000000 0.000000
5.002536 0.143996 34.000000 0.000000
5.022546 0.144452 34.000000 0.000000
5.042556 0.139934 34.000000 0.000000
5.062567 0.141558 34.000000 0.000000
5.082577 0.145956 34.000000 0.000000
5.102587 0.142497 34.000000 0.000000
5.122597 0.141624 34.000000 0.000000
5.142607 0.141494 34.000000 0.000000
5.162617 0.144239 34.000000 0.000000
5.182627 0.148084 34.006078 0.000000
5.202638 0.141697 34.003568 0.000000
5.222648 0.140358 34.000000 0.000000
5.242658 0.145367 34.000000 0.000000
5.262668 0.144488 34.000000 0.000000
5.282678 0.142771 34.000000 0.000000
5.302688 0.139556 34.000000 0.000000
5.322698 0.141536 34.000000 0.000000
5.342709 0.146011 34.000000 0.000000
5.362719 0.140299 34.000000 0.000000
5.382729 0.140561 34.000000 0.000000
5.402739 0.141505 34.000000 0.000000
5.422749 0.142537 34.000000 0.000000
5.442759 0.143901 34.000000 0.000000
5.462769 0.139799 34.000000 0.000000
5.482780 0.141592 34.000000 0.000000
5.502790 0.144341 34.000000 0.000000
5.522800 0.142362 34.000000 0.000000
5.542810 0.143991 34.000000 0.000000
5.562820 0.140443 34.000000 0.000000
5.582830 0.142527 34.000000 0.000000
5.602840 0.146347 34.000000 0.000000
5.622851 0.141946 34.000000 0.000000
5.642861 0.140484 34.000000 0.000000
5.662871 0.143873 34.000000 0.000000
5.682881 0.144109 34.000000 0.000000
5.702891 0.146694 34.000000 0.000000
5.722901 0.142738 34.000000 0.000000
5.742911 0.144340 34.000000 0.000000
5.762922 0.147100 34.000000 0.000000
5.782932 0.143773 34.000000 0.000000
5.802942 0.145580 34.000000 0.000000
5.822952 0.142759 34.000000 0.000000
5.842962 0.143613 34.000000 0.000000
5.862972 0.147050 34.000000 0.000000
5.882982 0.144496 34.000000 0.000000
5.902993 0.144146 34.000000 0.000000
5.923003 0.144994 34.000000 0.000000
5.943013 0.144331 34.000000 0.000000
5.963023 0.146196 34.000000 0.000000
5.983033 0.144506 34.000000 0.000000
6.003043 0.145945 34.000000 0.000000
6.023053 0.147743 34.000000 0.000000
6.043064 0.145670 34.000000 0.000000
6.063074 0.146907 34.000000 0.000000
6.083084 0.144775 34.000000 0.000000
6.103094 0.147069 34.000000 0.000000
6.123104 0.149632 34.000000 0.000000
6.143114 0.146959 34.000000 0.000000
6.163124 0.147690 34.000000 0.000000
6.183135 0.149304 34.000000 0.000000
6.203145 0.148330 34.000000 0.000000
6.223155 0.148957 34.000000 0.000000
6.243165 0.148638 34.000000 0.000000
6.263175 0.149209 34.000000 0.000000
