serial number: JANUSZ_3_RI70_21414871
torque: 8
start_temp: 30 (31)
finish_temp: 30 (31)
note: zdjęty z robota, soft oryginalny , oś 5, po złożeniu TK
0.000000 0.116781 30.000000 0.000000
0.020010 0.113730 30.000000 0.000000
0.040020 0.121673 30.000000 0.000000
0.060030 0.115115 30.000000 0.000000
0.080041 0.117058 30.000000 0.000000
0.100051 0.117938 30.000000 0.000000
0.120061 0.115596 30.000000 0.000000
0.140071 0.122958 30.000000 0.000000
0.160081 0.117594 30.000000 0.000000
0.180091 0.116666 30.000000 0.000000
0.200101 0.121919 30.000000 0.000000
0.220112 0.117825 30.000000 0.000000
0.240122 0.122894 30.000000 0.000000
0.260132 0.118100 30.000000 0.000000
0.280142 0.116938 30.000000 0.000000
0.300152 0.122725 30.000000 0.000000
0.320162 0.117504 30.000000 0.000000
0.340172 0.118608 30.000000 0.000000
0.360183 0.119097 30.000000 0.000000
0.380193 0.118046 30.000000 0.000000
0.400203 0.122391 30.000000 0.000000
0.420213 0.117008 30.000000 0.000000
0.440223 0.118560 30.000000 0.000000
0.460233 0.122308 30.000000 0.000000
0.480243 0.118002 30.000000 0.000000
0.500254 0.121468 30.000000 0.000000
0.520264 0.117471 30.000000 0.000000
0.540274 0.119145 30.000000 0.000000
0.560284 0.124351 30.000000 0.000000
0.580294 0.118926 30.000000 0.000000
0.600304 0.120489 30.000000 0.000000
0.620314 0.120537 30.000000 0.000000
0.640325 0.120303 30.000000 0.000000
0.660335 0.124902 30.000000 0.000000
0.680345 0.119746 30.000000 0.000000
0.700355 0.122002 30.000000 0.000000
0.720365 0.124784 30.000000 0.000000
0.740375 0.120936 30.000000 0.000000
0.760385 0.123765 30.000000 0.000000
0.780396 0.119890 30.000000 0.000000
0.800406 0.122517 30.000000 0.000000
0.820416 0.123655 30.000000 0.000000
0.840426 0.119794 30.000000 0.000000
0.860436 0.122272 30.000000 0.000000
0.880446 0.121116 30.000000 0.000000
0.900456 0.123853 30.000000 0.000000
0.920467 0.125916 30.000000 0.000000
0.940477 0.120150 30.000000 0.000000
0.960487 0.123652 30.000000 0.000000
0.980497 0.123824 30.000000 0.000000
1.000507 0.122390 30.000000 0.000000
1.020517 0.126382 30.000000 0.000000
1.040528 0.121067 30.000000 0.000000
1.060538 0.125457 30.000000 0.000000
1.080548 0.123860 30.000000 0.000000
1.100558 0.120549 30.000000 0.000000
1.120568 0.125944 30.000000 0.000000
1.140578 0.123326 30.000000 0.000000
1.160588 0.125295 30.000000 0.000000
1.180599 0.126440 30.000000 0.000000
1.200609 0.119627 30.000000 0.000000
1.220619 0.126226 30.000000 0.000000
1.240629 0.123561 30.000000 0.000000
1.260639 0.122914 30.000000 0.000000
1.280649 0.126960 30.000000 0.000000
1.300659 0.121716 30.000000 0.000000
1.320670 0.126534 30.000000 0.000000
1.340680 0.122730 30.000000 0.000000
1.360690 0.121797 30.000000 0.000000
1.380700 0.128067 30.000000 0.000000
1.400710 0.123969 30.000000 0.000000
1.420720 0.126647 30.000000 0.000000
1.440730 0.125281 30.000000 0.000000
1.460741 0.120149 30.000000 0.000000
1.480751 0.127800 30.000000 0.000000
1.500761 0.123747 30.000000 0.000000
1.520771 0.121236 30.000000 0.000000
1.540781 0.122864 30.000000 0.000000
1.560791 0.118368 30.000000 0.000000
1.580801 0.125626 30.000000 0.000000
1.600812 0.121633 30.000000 0.000000
1.620822 0.117510 30.000000 0.000000
1.640832 0.124178 30.000000 0.000000
1.660842 0.117419 30.000000 0.000000
1.680852 0.123492 30.000000 0.000000
1.700862 0.122856 30.000000 0.000000
1.720872 0.116474 30.000000 0.000000
1.740883 0.124816 30.000000 0.000000
1.760893 0.118884 30.000000 0.000000
1.780903 0.119457 30.000000 0.000000
1.800913 0.123902 30.000000 0.000000
1.820923 0.116471 30.000000 0.000000
1.840933 0.124473 30.000000 0.000000
1.860943 0.120130 30.000000 0.000000
1.880954 0.117250 30.000000 0.000000
1.900964 0.125028 30.000000 0.000000
1.920974 0.116624 30.000000 0.000000
1.940984 0.123169 30.000000 0.000000
1.960994 0.121786 30.000000 0.000000
1.981004 0.117280 30.000000 0.000000
2.001014 0.126088 30.000000 0.000000
2.021025 0.117755 30.000000 0.000000
2.041035 0.119332 30.000000 0.000000
2.061045 0.124352 30.000000 0.000000
2.081055 0.116453 30.000000 0.000000
2.101065 0.126212 30.000000 0.000000
2.121075 0.119337 30.000000 0.000000
2.141085 0.116898 30.000000 0.000000
2.161096 0.125273 30.000000 0.000000
2.181106 0.115948 30.000000 0.000000
2.201116 0.124537 30.000000 0.000000
2.221126 0.119789 30.000000 0.000000
2.241136 0.115072 30.000000 0.000000
2.261146 0.126694 30.000000 0.000000
2.281156 0.115870 30.000000 0.000000
2.301167 0.118724 30.000000 0.000000
2.321177 0.122295 30.000000 0.000000
2.341187 0.113650 30.000000 0.000000
2.361197 0.125503 30.000000 0.000000
2.381207 0.117346 30.000000 0.000000
2.401217 0.115366 30.000000 0.000000
2.421227 0.125225 30.000000 0.000000
2.441238 0.115273 30.000000 0.000000
2.461248 0.124314 30.000000 0.000000
2.481258 0.118484 30.000000 0.000000
2.501268 0.114887 30.000000 0.000000
2.521278 0.126082 30.000000 0.000000
2.541288 0.115446 30.000000 0.000000
2.561298 0.118512 30.000000 0.000000
2.581309 0.121182 30.000000 0.000000
2.601319 0.113986 30.000000 0.000000
2.621329 0.125436 30.000000 0.000000
2.641339 0.115797 30.000000 0.000000
2.661349 0.115427 30.000000 0.000000
2.681359 0.123775 30.000000 0.000000
2.701369 0.113332 30.000000 0.000000
2.721380 0.122732 30.000000 0.000000
2.741390 0.116970 30.000000 0.000000
2.761400 0.113056 30.000000 0.000000
2.781410 0.125929 30.000000 0.000000
2.801420 0.115903 30.000000 0.000000
2.821430 0.120430 30.000000 0.000000
2.841440 0.120578 30.000000 0.000000
2.861451 0.114290 30.000000 0.000000
2.881461 0.126872 30.000000 0.000000
2.901471 0.117036 30.000000 0.000000
2.921481 0.115495 30.000000 0.000000
2.941491 0.121525 30.000000 0.000000
2.961501 0.113090 30.000000 0.000000
2.981511 0.122706 30.000000 0.000000
3.001522 0.117304 30.000000 0.000000
3.021532 0.114703 30.000000 0.000000
3.041542 0.124849 30.000000 0.000000
3.061552 0.113939 30.000000 0.000000
3.081562 0.119617 30.000000 0.000000
3.101572 0.119167 30.000000 0.000000
3.121583 0.113294 30.000000 0.000000
3.141593 0.124943 30.000000 0.000000
3.161603 0.115146 30.000000 0.000000
3.181613 0.115676 30.000000 0.000000
3.201623 0.122786 30.000000 0.000000
3.221633 0.113600 30.000000 0.000000
3.241643 0.123746 30.000000 0.000000
3.261654 0.116093 30.000000 0.000000
3.281664 0.113964 30.000000 0.000000
3.301674 0.124369 30.000000 0.000000
3.321684 0.114517 30.000000 0.000000
3.341694 0.120237 30.000000 0.000000
3.361704 0.119931 30.000000 0.000000
3.381714 0.113807 30.000000 0.000000
3.401725 0.124402 30.000000 0.000000
3.421735 0.115074 30.000000 0.000000
3.441745 0.116332 30.000000 0.000000
3.461755 0.122548 30.000000 0.000000
3.481765 0.114429 30.000000 0.000000
3.501775 0.122702 30.000000 0.000000
3.521785 0.115629 30.000000 0.000000
3.541796 0.114860 30.000000 0.000000
3.561806 0.125160 30.000000 0.000000
3.581816 0.115808 30.000000 0.000000
3.601826 0.120131 30.000000 0.000000
3.621836 0.119857 30.000000 0.000000
3.641846 0.114833 30.000000 0.000000
3.661856 0.125110 30.000000 0.000000
3.681867 0.116128 30.000000 0.000000
3.701877 0.117637 30.000000 0.000000
3.721887 0.122622 30.000000 0.000000
3.741897 0.115377 30.000000 0.000000
3.761907 0.123035 30.000000 0.000000
3.781917 0.117008 30.000000 0.000000
3.801927 0.116213 30.000000 0.000000
3.821938 0.124972 30.000000 0.000000
3.841948 0.116207 30.000000 0.000000
3.861958 0.120497 30.000000 0.000000
3.881968 0.119074 30.000000 0.000000
3.901978 0.115268 30.000000 0.000000
3.921988 0.125848 30.000000 0.000000
3.941998 0.116479 30.000000 0.000000
3.962009 0.118200 30.000000 0.000000
3.982019 0.122073 30.000000 0.000000
4.002029 0.114150 30.000000 0.000000
4.022039 0.122884 30.000000 0.000000
4.042049 0.116598 30.000000 0.000000
4.062059 0.117165 30.000000 0.000000
4.082069 0.123157 30.000000 0.000000
4.102080 0.114294 30.000000 0.000000
4.122090 0.120739 30.000000 0.000000
4.142100 0.119642 30.000000 0.000000
4.162110 0.115476 30.000000 0.000000
4.182120 0.124839 30.000000 0.000000
4.202130 0.115630 30.000000 0.000000
4.222140 0.118808 30.000000 0.000000
4.242151 0.123264 30.000000 0.000000
4.262161 0.115496 30.000000 0.000000
4.282171 0.121269 30.000000 0.000000
4.302181 0.115944 30.000000 0.000000
4.322191 0.116957 30.000000 0.000000
4.342201 0.123996 30.000000 0.000000
4.362211 0.115394 30.000000 0.000000
4.382222 0.120495 30.000000 0.000000
4.402232 0.120246 30.000000 0.000000
4.422242 0.116292 30.000000 0.000000
4.442252 0.125120 30.000000 0.000000
4.462262 0.117331 30.000000 0.000000
4.482272 0.120930 30.000000 0.000000
4.502282 0.122865 30.000000 0.000000
4.522293 0.116186 30.000000 0.000000
4.542303 0.122972 30.000000 0.000000
4.562313 0.118190 30.000000 0.000000
4.582323 0.119344 30.000000 0.000000
4.602333 0.124551 30.000000 0.000000
4.622343 0.115789 30.000000 0.000000
4.642353 0.122361 30.000000 0.000000
4.662364 0.121337 30.000000 0.000000
4.682374 0.117578 30.000000 0.000000
4.702384 0.124947 30.000000 0.000000
4.722394 0.117366 30.000000 0.000000
4.742404 0.121857 30.000000 0.000000
4.762414 0.123979 30.000000 0.000000
4.782424 0.116763 30.000000 0.000000
4.802435 0.123386 30.000000 0.000000
4.822445 0.119681 30.000000 0.000000
4.842455 0.119841 30.000000 0.000000
4.862465 0.124847 30.000000 0.000000
4.882475 0.116978 30.000000 0.000000
4.902485 0.124838 30.000000 0.000000
4.922495 0.123251 30.000000 0.000000
4.942506 0.117853 30.000000 0.000000
4.962516 0.124509 30.000000 0.000000
4.982526 0.118312 30.000000 0.000000
5.002536 0.122666 30.000000 0.000000
5.022546 0.122920 30.000000 0.000000
5.042556 0.116297 30.000000 0.000000
5.062567 0.123840 30.000000 0.000000
5.082577 0.119402 30.000000 0.000000
5.102587 0.121185 30.000000 0.000000
5.122597 0.124872 30.000000 0.000000
5.142607 0.116750 30.000000 0.000000
5.162617 0.124526 30.000000 0.000000
5.182627 0.122068 30.000000 0.000000
5.202638 0.117584 30.000000 0.000000
5.222648 0.124984 30.000000 0.000000
5.242658 0.118737 30.000000 0.000000
5.262668 0.122769 30.000000 0.000000
5.282678 0.123454 30.000000 0.000000
5.302688 0.116298 30.000000 0.000000
5.322698 0.124618 30.000000 0.000000
5.342709 0.120687 30.000000 0.000000
5.362719 0.120387 30.000000 0.000000
5.382729 0.124743 30.000000 0.000000
5.402739 0.116920 30.000000 0.000000
5.422749 0.124460 30.000000 0.000000
5.442759 0.121331 30.000000 0.000000
5.462769 0.117616 30.000000 0.000000
5.482780 0.124980 30.000000 0.000000
5.502790 0.121369 30.000000 0.000000
5.522800 0.121843 30.000000 0.000000
5.542810 0.124902 30.000000 0.000000
5.562820 0.119360 30.000000 0.000000
5.582830 0.125132 30.000000 0.000000
5.602840 0.122292 30.000000 0.000000
5.622851 0.118913 30.000000 0.000000
5.642861 0.124276 30.000000 0.000000
5.662871 0.118473 30.000000 0.000000
5.682881 0.121226 30.000000 0.000000
5.702891 0.121360 30.000000 0.000000
5.722901 0.116113 30.000000 0.000000
5.742911 0.123146 30.000000 0.000000
5.762922 0.118944 30.000000 0.000000
5.782932 0.118104 30.000000 0.000000
5.802942 0.122068 30.000000 0.000000
5.822952 0.116370 30.000000 0.000000
5.842962 0.121709 30.000000 0.000000
5.862972 0.119715 30.000000 0.000000
5.882982 0.116401 30.000000 0.000000
5.902993 0.122366 30.000000 0.000000
5.923003 0.117242 30.000000 0.000000
5.943013 0.120464 30.000000 0.000000
5.963023 0.121607 30.000000 0.000000
5.983033 0.116120 30.000000 0.000000
6.003043 0.122364 30.000000 0.000000
6.023053 0.118850 30.000000 0.000000
6.043064 0.117867 30.000000 0.000000
6.063074 0.121311 30.000000 0.000000
6.083084 0.115667 30.000000 0.000000
6.103094 0.121041 30.000000 0.000000
6.123104 0.118401 30.000000 0.000000
6.143114 0.114762 30.000000 0.000000
6.163124 0.123359 30.000000 0.000000
6.183135 0.117189 30.000000 0.000000
6.203145 0.115192 30.000000 0.000000
6.223155 0.120007 30.000000 0.000000
6.243165 0.114255 30.000000 0.000000
6.263175 0.120153 30.000000 0.000000
