-0.495681 -6.051711 23.000000
-0.449259 -5.781052 23.000000
-0.397248 -5.465504 23.000000
-0.350085 -5.140610 23.000000
-0.298551 -4.789769 23.000000
-0.246869 -4.364476 23.000000
-0.199790 -4.035038 23.000000
-0.148206 -3.583827 23.000000
-0.101369 -3.171301 23.000000
-0.049436 -2.659511 23.040000
0.000000 0.000000 23.040000
0.049364 2.655321 23.000000
0.101371 3.194547 23.000000
0.148117 3.621007 23.000000
0.199996 4.049984 23.000000
0.246532 4.421564 23.000000
0.298508 4.851554 23.000000
0.350376 5.188291 23.000000
0.397414 5.470239 23.000000
0.448716 5.773207 23.000000
0.495637 6.066282 23.080000
0.547492 6.261813 23.000000
