0.495840 6.002305 23.000000
0.449131 5.735993 23.120000
0.397140 5.389291 23.080000
0.350431 5.134904 23.040000
0.298588 4.782717 23.000000
0.246794 4.361728 23.080000
0.199735 4.020171 23.000000
0.148086 3.626821 23.000000
0.101335 3.233120 23.000000
0.049343 2.708636 23.160000
0.000000 0.000000 23.080000
-0.049233 -2.676631 23.000000
-0.101258 -3.214628 23.120000
-0.147947 -3.635393 23.120000
-0.199865 -4.016898 23.080000
-0.246606 -4.452232 23.120000
-0.298526 -4.840467 23.160000
-0.350326 -5.232697 23.200000
-0.397258 -5.409536 23.200000
-0.448879 -5.791717 23.320000
-0.495750 -6.022868 23.320000
-0.547533 -6.274271 23.600000
