-0.495301 -5.455723 25.000000
-0.448826 -5.189354 25.000000
-0.397212 -4.917554 25.000000
-0.350696 -4.651966 25.040000
-0.299107 -4.367054 25.000000
-0.246767 -4.048367 25.000000
-0.199909 -3.743857 25.040000
-0.148172 -3.362259 25.000000
-0.101175 -2.994034 25.120000
-0.049288 -2.540431 25.040000
0.000000 0.000000 25.120000
0.049416 2.546526 25.120000
0.101275 3.031922 25.000000
0.148094 3.456665 25.000000
0.199844 3.852859 25.040000
0.247110 4.142642 25.080000
0.298832 4.475964 25.040000
0.350977 4.761003 25.240000
0.397611 5.051850 25.120000
0.449382 5.329350 25.120000
0.496387 5.504944 25.080000
0.548085 5.782372 25.040000
