0.496275 5.491690 25.240000
0.449286 5.247982 25.000000
0.397177 4.998278 25.400000
0.350679 4.698880 25.200000
0.298448 4.374572 25.440000
0.246656 4.087879 25.560000
0.199916 3.791707 25.440000
0.148025 3.380525 25.520000
0.101395 3.009505 25.360000
0.049284 2.547450 25.600000
0.000000 0.000000 25.440000
-0.049262 -2.511907 25.440000
-0.101098 -2.982317 25.440000
-0.148016 -3.383660 25.280000
-0.199767 -3.773987 25.400000
-0.246811 -4.077989 25.400000
-0.298512 -4.356422 25.640000
-0.350247 -4.757498 25.600000
-0.397241 -4.944805 25.120000
-0.448755 -5.169765 25.640000
-0.495988 -5.427781 25.480000
-0.547710 -5.619528 25.680000
