-0.495594 -5.530819 25.000000
-0.448852 -5.247243 25.000000
-0.397443 -4.935507 25.000000
-0.350234 -4.718533 25.000000
-0.298632 -4.393376 25.000000
-0.246709 -4.070692 25.000000
-0.199818 -3.762770 25.000000
-0.147886 -3.367770 25.000000
-0.101251 -3.000678 25.000000
-0.049319 -2.537016 25.000000
0.000000 0.000000 25.000000
0.049341 2.544060 25.040000
0.101016 3.064052 25.000000
0.147867 3.468455 25.000000
0.199842 3.864222 25.000000
0.246845 4.159009 25.000000
0.298768 4.479927 25.000000
0.350621 4.780778 25.040000
0.397300 5.068893 25.040000
0.448884 5.357095 25.000000
0.496078 5.533381 25.000000
0.547903 5.795138 25.000000
