0.496096 5.544652 25.000000
0.449018 5.288012 25.040000
0.397360 5.034613 25.040000
0.350605 4.719409 25.040000
0.298446 4.416934 25.000000
0.246660 4.130037 25.160000
0.199903 3.801056 25.000000
0.148074 3.398094 25.040000
0.101186 3.014961 25.160000
0.049257 2.550685 25.000000
0.000000 0.000000 25.120000
-0.049203 -2.521621 25.240000
-0.101058 -3.004804 25.080000
-0.148037 -3.384381 25.080000
-0.199800 -3.798882 25.080000
-0.246859 -4.102746 25.080000
-0.298620 -4.390084 25.280000
-0.350099 -4.745358 25.200000
-0.397214 -4.958962 25.120000
-0.448828 -5.153148 25.040000
-0.495918 -5.485011 25.200000
-0.547761 -5.655331 25.320000
