-0.495732 -5.429850 25.240000
-0.448751 -5.120382 25.200000
-0.397360 -4.881477 25.600000
-0.349983 -4.639483 25.440000
-0.298519 -4.346827 25.480000
-0.246669 -4.021920 25.680000
-0.199776 -3.734447 25.680000
-0.147924 -3.345567 25.480000
-0.101038 -2.979460 25.600000
-0.049303 -2.514411 25.640000
0.000000 0.000000 25.520000
0.049300 2.524091 25.600000
0.101223 3.030064 25.640000
0.147988 3.438081 25.760000
0.199841 3.823495 25.640000
0.246839 4.119772 25.640000
0.298648 4.449422 25.680000
0.350804 4.723044 25.680000
0.397141 4.990749 25.720000
0.448974 5.267236 25.760000
0.496089 5.467547 25.920000
0.547795 5.743271 25.840000
