0.495996 5.455432 25.920000
0.449020 5.248010 25.920000
0.397265 4.990019 26.000000
0.350584 4.658237 25.920000
0.298443 4.370151 25.960000
0.246665 4.066434 25.840000
0.199884 3.737927 25.920000
0.147974 3.376964 26.000000
0.101089 2.989924 26.000000
0.049342 2.532162 26.000000
0.000000 0.000000 25.840000
-0.049313 -2.510879 26.000000
-0.101119 -2.991595 25.960000
-0.148076 -3.357863 26.000000
-0.199784 -3.753710 26.000000
-0.246919 -4.038136 26.000000
-0.298591 -4.330637 26.000000
-0.350187 -4.712983 26.000000
-0.397227 -4.898432 25.960000
-0.448884 -5.106480 26.000000
-0.495903 -5.412409 26.000000
-0.547737 -5.573891 26.000000
