0.496066 5.419032 26.000000
0.449146 5.170682 26.000000
0.397271 4.909794 26.000000
0.350689 4.604491 26.000000
0.298492 4.304322 26.000000
0.246634 4.005705 26.000000
0.199961 3.707499 26.000000
0.148019 3.347200 26.000000
0.101339 2.974466 26.000000
0.049381 2.528097 26.000000
0.000000 0.000000 26.000000
-0.049300 -2.501414 26.000000
-0.101210 -2.957400 26.000000
-0.147946 -3.337476 26.000000
-0.199807 -3.724274 26.000000
-0.247014 -4.006116 26.000000
-0.298488 -4.292330 26.000000
-0.350303 -4.644660 26.000000
-0.397259 -4.852475 26.000000
-0.448602 -5.084632 26.000000
-0.495932 -5.307212 26.000000
-0.547693 -5.514056 26.000000
