-0.495635 -5.412227 26.000000
-0.448909 -5.162971 26.000000
-0.397043 -4.849455 26.000000
-0.350410 -4.622902 26.000000
-0.298472 -4.325576 26.000000
-0.246706 -3.986324 26.000000
-0.199761 -3.660740 26.000000
-0.148036 -3.280116 26.000000
-0.101175 -2.921287 26.000000
-0.049244 -2.483912 26.000000
0.000000 0.000000 26.000000
0.049322 2.514838 26.000000
0.101353 2.957798 26.000000
0.148079 3.320279 26.000000
0.199771 3.733352 26.000000
0.246627 4.048284 26.000000
0.298520 4.339863 26.000000
0.350320 4.650619 26.000000
0.397195 4.855821 26.000000
0.449027 5.144711 26.000000
0.495848 5.367824 26.000000
0.547557 5.568448 26.000000
