-0.495597 -5.915010 23.600000
-0.448949 -5.666704 23.560000
-0.397340 -5.412659 23.560000
-0.350028 -5.080727 23.600000
-0.298581 -4.755157 23.880000
-0.246695 -4.369901 23.760000
-0.199690 -4.003382 23.880000
-0.148080 -3.571915 23.960000
-0.101260 -3.169033 23.960000
-0.049247 -2.677815 23.840000
0.000000 0.000000 23.960000
0.049364 2.667562 23.920000
0.101344 3.192447 24.000000
0.147950 3.597188 24.000000
0.199855 4.020261 23.960000
0.246818 4.383610 23.880000
0.298766 4.769258 23.920000
0.350574 5.083951 23.920000
0.397419 5.353198 23.880000
0.448990 5.670077 24.000000
0.495798 5.947038 23.920000
0.547500 6.138352 24.000000
