0.495827 5.349822 26.000000
0.448554 5.090183 26.000000
0.397026 4.835917 26.000000
0.349753 4.594670 26.000000
0.298355 4.268859 26.000000
0.246572 3.954915 26.000000
0.199601 3.667770 26.000000
0.148075 3.325340 26.000000
0.101086 2.969444 26.000000
0.049254 2.504550 26.000000
0.000000 0.000000 26.000000
-0.049275 -2.499528 26.000000
-0.101331 -2.983518 26.000000
-0.148246 -3.351035 26.000000
-0.200242 -3.684128 26.000000
-0.247002 -3.972034 26.000000
-0.298435 -4.341727 26.000000
-0.350382 -4.594892 26.000000
-0.397443 -4.875987 26.000000
-0.449301 -5.112415 26.000000
-0.496077 -5.311949 26.000000
-0.547988 -5.513606 26.000000
