-0.495992 -5.320479 26.000000
-0.448772 -5.079508 26.000000
-0.397154 -4.817098 26.000000
-0.350369 -4.573538 26.000000
-0.298443 -4.274324 26.000000
-0.246857 -3.982367 26.000000
-0.199792 -3.654639 26.000000
-0.148026 -3.244173 26.000000
-0.101028 -2.906433 26.000000
-0.049226 -2.489630 26.000000
0.000000 0.000000 26.000000
0.049325 2.482179 26.000000
0.101283 2.947415 26.000000
0.148042 3.307213 26.000000
0.199816 3.703654 26.000000
0.246717 4.054789 26.000000
0.298734 4.331482 26.000000
0.350336 4.581223 26.000000
0.397347 4.838270 26.000000
0.449421 5.084213 26.000000
0.496047 5.304450 26.000000
0.548337 5.507772 26.000000
