-0.496007 -5.296924 26.080000
-0.449313 -5.048497 26.080000
-0.397629 -4.774961 26.080000
-0.350756 -4.534899 26.000000
-0.298775 -4.257022 26.000000
-0.246928 -3.933816 26.000000
-0.199811 -3.618413 26.160000
-0.147963 -3.227719 26.000000
-0.101306 -2.894233 26.240000
-0.049418 -2.461018 26.080000
0.000000 0.000000 26.120000
0.049471 2.469579 26.000000
0.101284 2.931218 26.040000
0.148102 3.288741 26.200000
0.199779 3.682759 26.000000
0.246691 4.017023 26.160000
0.298418 4.298779 26.080000
0.350226 4.556028 26.080000
0.396943 4.768655 26.120000
0.449081 5.050368 26.280000
0.496277 5.263248 26.160000
0.548266 5.458331 26.240000
