0.496294 5.254922 26.120000
0.449314 4.994152 26.360000
0.397190 4.790771 26.280000
0.350306 4.526158 26.360000
0.298617 4.206830 26.360000
0.246635 3.899271 26.360000
0.199738 3.610031 26.840000
0.147966 3.282581 26.560000
0.101153 2.923208 26.720000
0.049247 2.511606 26.480000
0.000000 0.000000 26.480000
-0.049440 -2.496662 26.520000
-0.101184 -2.946556 26.160000
-0.148010 -3.316352 26.280000
-0.199964 -3.659883 26.120000
-0.246869 -3.923501 26.000000
-0.298551 -4.289010 26.320000
-0.350236 -4.542445 26.240000
-0.397051 -4.821123 26.200000
-0.448531 -5.039817 26.120000
-0.496455 -5.228975 26.240000
-0.548363 -5.440194 26.240000
