-0.495804 -6.531915 23.000000
-0.449028 -6.230428 23.000000
-0.397389 -5.821914 23.000000
-0.350645 -5.464456 23.000000
-0.298604 -5.129379 23.000000
-0.247078 -4.613859 23.000000
-0.199705 -4.172670 23.000000
-0.148178 -3.758149 23.000000
-0.101276 -3.265067 23.000000
-0.049483 -2.695313 23.000000
0.000000 0.000000 23.000000
0.049449 2.660034 23.000000
0.101296 3.270435 23.000000
0.148094 3.737890 23.000000
0.199755 4.200448 23.000000
0.246616 4.674135 23.000000
0.298582 5.150996 23.000000
0.350267 5.520571 23.000000
0.397155 5.707887 23.000000
0.449099 6.128452 23.000000
0.495862 6.407173 23.000000
0.547535 6.677216 23.000000
