0.495737 6.367958 23.000000
0.449044 5.998775 23.000000
0.397034 5.726133 23.000000
0.350248 5.411452 23.000000
0.298666 4.960859 23.000000
0.246899 4.518058 23.000000
0.199657 4.186368 23.000000
0.148068 3.763775 23.000000
0.101151 3.328845 23.000000
0.049449 2.735679 23.000000
0.000000 0.000000 23.000000
-0.049239 -2.718449 23.000000
-0.101206 -3.313979 23.000000
-0.148113 -3.756320 23.000000
-0.199875 -4.196575 23.000000
-0.246660 -4.629521 23.000000
-0.298515 -5.080463 22.920000
-0.350234 -5.491782 23.000000
-0.397506 -5.787741 23.080000
-0.449097 -6.140175 23.000000
-0.496208 -6.408690 23.080000
-0.548234 -6.680170 23.000000
