-0.496352 -6.318935 23.040000
-0.449477 -6.016738 23.040000
-0.397101 -5.689436 23.080000
-0.350213 -5.336116 23.080000
-0.298374 -5.020700 23.160000
-0.246848 -4.557711 23.160000
-0.199671 -4.140177 23.280000
-0.147861 -3.712141 23.280000
-0.101135 -3.215583 23.360000
-0.049435 -2.667714 23.480000
0.000000 0.000000 23.600000
0.049387 2.634930 23.800000
0.101235 3.241907 23.720000
0.148123 3.685031 23.720000
0.199657 4.136354 23.800000
0.246567 4.601775 23.800000
0.298683 5.030821 23.800000
0.350357 5.333775 23.920000
0.397198 5.565993 23.840000
0.448924 5.973111 23.960000
0.495985 6.206760 24.000000
0.547655 6.450801 23.920000
