0.495915 6.167516 24.000000
0.449079 5.842696 24.000000
0.397267 5.542439 24.000000
0.350172 5.253791 24.000000
0.298714 4.866442 24.000000
0.246730 4.430318 24.000000
0.199720 4.115927 24.000000
0.148095 3.680572 24.000000
0.101050 3.247717 24.000000
0.049308 2.694878 24.000000
0.000000 0.000000 24.000000
-0.049460 -2.688822 24.000000
-0.101050 -3.257821 24.000000
-0.148094 -3.703159 24.000000
-0.199942 -4.108005 24.000000
-0.246627 -4.480166 24.000000
-0.298471 -4.939982 24.000000
-0.350135 -5.305570 24.000000
-0.397378 -5.591496 24.000000
-0.448800 -5.919909 24.000000
-0.495689 -6.173381 24.000000
-0.547615 -6.442746 24.000000
