-0.495970 -6.109245 24.000000
-0.449287 -5.843219 24.000000
-0.397466 -5.517340 24.000000
-0.350837 -5.183865 24.000000
-0.298902 -4.886469 24.000000
-0.246912 -4.439549 24.000000
-0.199770 -4.028974 24.000000
-0.147952 -3.618623 24.000000
-0.101086 -3.163454 24.000000
-0.049439 -2.637726 24.000000
0.000000 0.000000 24.000000
0.049397 2.613770 24.000000
0.101405 3.186621 24.000000
0.148262 3.624350 24.000000
0.199792 4.052358 24.000000
0.246652 4.492489 24.000000
0.298523 4.944477 24.000000
0.350425 5.223198 24.000000
0.397209 5.482476 24.000000
0.448855 5.834537 24.000000
0.495998 6.117726 24.000000
0.547648 6.330897 24.000000
