0.495842 5.876448 24.000000
0.449062 5.630088 24.000000
0.397080 5.298606 24.000000
0.350394 5.066323 24.000000
0.298531 4.679398 24.000000
0.246665 4.293915 24.000000
0.199758 3.974477 24.000000
0.148030 3.572372 24.000000
0.101211 3.173042 24.000000
0.049241 2.661643 24.000000
0.000000 0.000000 24.000000
-0.049212 -2.672631 24.000000
-0.101188 -3.192877 24.000000
-0.147961 -3.605882 24.000000
-0.199790 -3.995764 24.000000
-0.246507 -4.376657 24.000000
-0.298360 -4.776902 24.000000
-0.350774 -5.147908 24.000000
-0.397440 -5.355634 24.000000
-0.449281 -5.679940 24.000000
-0.496314 -5.944018 24.000000
-0.547622 -6.174067 24.000000
