0.495734 6.067429 24.000000
0.449047 5.759516 24.000000
0.397166 5.473500 24.040000
0.350315 5.165255 24.000000
0.298634 4.784882 24.000000
0.246758 4.385718 24.000000
0.199622 4.061293 24.040000
0.148083 3.635257 24.000000
0.101158 3.210248 24.000000
0.049362 2.681081 24.080000
0.000000 0.000000 24.000000
-0.049217 -2.667840 24.080000
-0.101224 -3.225674 24.040000
-0.148081 -3.650258 24.040000
-0.199829 -4.079402 24.000000
-0.246837 -4.420079 24.000000
-0.298556 -4.861386 24.080000
-0.350205 -5.249246 24.000000
-0.397371 -5.510056 24.040000
-0.448849 -5.835003 24.120000
-0.495859 -6.103177 24.320000
-0.547692 -6.324408 24.320000
