-0.495558 -5.988926 24.400000
-0.448488 -5.747955 24.440000
-0.396611 -5.447816 24.600000
-0.349937 -5.116506 24.560000
-0.298454 -4.816510 24.600000
-0.246934 -4.375589 24.520000
-0.199815 -3.974876 24.760000
-0.148041 -3.579852 24.840000
-0.101048 -3.121758 24.760000
-0.049459 -2.614065 24.840000
0.000000 0.000000 24.920000
0.049335 2.590993 24.960000
0.101267 3.148000 24.800000
0.148137 3.568931 25.000000
0.199750 3.996738 25.000000
0.246626 4.435863 24.960000
0.298674 4.826951 25.000000
0.350346 5.107786 24.880000
0.397202 5.368473 25.000000
0.448802 5.734959 25.000000
0.496278 5.996667 25.000000
0.548013 6.225337 25.000000
