0.496553 5.931077 25.000000
0.449537 5.641933 25.000000
0.397625 5.384777 25.000000
0.350739 5.068055 25.000000
0.298875 4.690828 25.000000
0.246768 4.310152 25.000000
0.199559 3.984870 25.000000
0.147966 3.592860 25.000000
0.101032 3.186462 25.000000
0.049227 2.663933 25.000000
0.000000 0.000000 25.000000
-0.049533 -2.648791 25.000000
-0.101294 -3.164699 25.000000
-0.148080 -3.589376 25.000000
-0.199809 -3.991043 25.000000
-0.246736 -4.351060 25.000000
-0.298567 -4.765242 25.000000
-0.350251 -5.148652 25.000000
-0.397386 -5.424054 25.000000
-0.449037 -5.698083 25.000000
-0.495840 -5.972431 25.000000
-0.547607 -6.218645 25.000000
