-0.495889 -5.855267 25.000000
-0.448959 -5.623893 25.000000
-0.396906 -5.295396 24.960000
-0.349906 -4.990470 25.000000
-0.298269 -4.695293 25.000000
-0.246735 -4.281760 25.000000
-0.199667 -3.911990 25.000000
-0.148030 -3.511674 25.000000
-0.101189 -3.072541 25.000000
-0.049406 -2.604977 25.000000
0.000000 0.000000 25.000000
0.049329 2.564726 25.000000
0.101207 3.104343 25.000000
0.148096 3.529339 25.000000
0.199735 3.939895 25.000000
0.246640 4.353989 25.000000
0.298614 4.777881 25.000000
0.350416 4.968527 25.000000
0.397249 5.254140 25.000000
0.449195 5.605573 25.000000
0.496034 5.804422 25.040000
0.547664 6.063491 25.040000
