0.496058 5.798877 25.000000
0.448994 5.500404 25.000000
0.397243 5.234094 25.040000
0.350357 4.948904 25.040000
0.298719 4.588428 25.080000
0.246833 4.213045 25.120000
0.199754 3.922687 25.040000
0.148130 3.527191 25.000000
0.101055 3.123767 25.040000
0.049275 2.625932 25.080000
0.000000 0.000000 25.000000
-0.049568 -2.609432 25.080000
-0.101273 -3.119236 25.040000
-0.148081 -3.521899 25.000000
-0.199809 -3.893287 25.040000
-0.246487 -4.221501 25.120000
-0.298526 -4.673541 25.080000
-0.349969 -5.024960 25.120000
-0.397183 -5.278520 25.080000
-0.448824 -5.538387 25.240000
-0.495741 -5.811252 25.320000
-0.547763 -6.064701 25.320000
