-0.495850 -5.734777 25.400000
-0.449009 -5.502089 25.440000
-0.397236 -5.212221 25.600000
-0.350216 -4.885536 25.640000
-0.298424 -4.622380 25.520000
-0.246831 -4.203805 25.760000
-0.199757 -3.849956 25.840000
-0.147954 -3.446878 25.880000
-0.101083 -3.044033 25.920000
-0.049287 -2.551383 25.920000
0.000000 0.000000 25.960000
0.049288 2.541951 25.920000
0.101376 3.068430 25.840000
0.148116 3.478513 25.920000
0.200006 3.879320 25.960000
0.246879 4.280166 25.960000
0.299029 4.648733 25.960000
0.350680 4.887437 26.000000
0.397649 5.171259 25.760000
0.449483 5.514589 25.960000
0.496207 5.669976 26.000000
0.547396 5.934049 26.000000
