0.495738 5.674538 26.000000
0.448849 5.393117 26.000000
0.397135 5.133016 26.000000
0.350303 4.857974 26.000000
0.299102 4.525591 26.000000
0.247235 4.146263 26.000000
0.199891 3.862039 26.000000
0.148092 3.454715 26.000000
0.101109 3.084981 26.000000
0.049336 2.579690 26.000000
0.000000 0.000000 26.000000
-0.049321 -2.591319 26.000000
-0.101379 -3.089955 26.000000
-0.148189 -3.490829 26.000000
-0.199888 -3.851303 26.000000
-0.246683 -4.167970 26.000000
-0.298531 -4.603247 26.000000
-0.350236 -4.934017 26.000000
-0.397325 -5.211718 26.000000
-0.448820 -5.488117 26.000000
-0.495638 -5.685331 26.000000
-0.547126 -5.974757 26.000000
