-0.495757 -5.838203 24.000000
-0.448832 -5.569971 24.000000
-0.397176 -5.327202 24.000000
-0.350034 -5.005976 24.000000
-0.298429 -4.671187 24.000000
-0.246663 -4.300562 24.000000
-0.199662 -3.962141 24.000000
-0.148059 -3.531923 24.000000
-0.101264 -3.132030 24.000000
-0.049335 -2.655428 24.000000
0.000000 0.000000 24.000000
0.049299 2.608429 24.000000
0.101353 3.135331 24.000000
0.148101 3.566575 24.000000
0.199874 3.954471 24.000000
0.246697 4.321252 24.000000
0.298375 4.696577 24.000000
0.350222 5.026464 24.000000
0.397364 5.285678 24.000000
0.449502 5.621844 24.000000
0.496033 5.845104 24.000000
0.547678 6.076953 24.000000
