-0.495730 -5.559064 25.000000
-0.449011 -5.295776 25.000000
-0.397387 -4.983335 25.000000
-0.350136 -4.711346 25.000000
-0.298585 -4.407060 25.000000
-0.246627 -4.084528 25.000000
-0.199759 -3.760576 25.000000
-0.147885 -3.368776 25.000000
-0.101092 -2.998637 25.000000
-0.049410 -2.544080 25.000000
0.000000 0.000000 25.000000
0.049493 2.561797 25.000000
0.101092 3.059851 25.000000
0.147814 3.487280 25.000000
0.199813 3.900601 25.000000
0.246974 4.200685 25.000000
0.298709 4.549285 25.000000
0.351086 4.823838 25.000000
0.397462 5.120927 25.000000
0.449113 5.443156 25.000000
0.496014 5.601628 25.000000
0.547780 5.876763 25.000000
