0.496092 5.597845 25.000000
0.448978 5.341666 25.000000
0.397272 5.084415 25.000000
0.350786 4.771327 25.000000
0.298621 4.486066 25.000000
0.246993 4.173336 25.000000
0.200032 3.825824 25.000000
0.148062 3.436288 25.000000
0.101371 3.046581 25.000000
0.049477 2.576997 25.000000
0.000000 0.000000 25.000000
-0.049238 -2.566115 25.000000
-0.100956 -3.031552 25.000000
-0.147877 -3.421990 25.000000
-0.199794 -3.847549 25.000000
-0.246843 -4.144041 25.000000
-0.298536 -4.463772 25.000000
-0.350236 -4.822060 25.000000
-0.397174 -5.022325 25.000000
-0.448549 -5.273223 25.000000
-0.495626 -5.565313 25.000000
-0.547353 -5.759406 25.000000
