-0.495612 -5.468487 25.000000
-0.448976 -5.228274 25.000000
-0.397415 -4.955093 25.000000
-0.350186 -4.720245 25.000000
-0.298539 -4.380801 25.000000
-0.246677 -4.097315 25.000000
-0.199821 -3.783355 25.000000
-0.147864 -3.393515 25.000000
-0.101136 -3.001361 25.000000
-0.049394 -2.530474 25.000000
0.000000 0.000000 25.000000
0.049235 2.582584 25.000000
0.101089 3.073123 25.000000
0.148032 3.486253 25.000000
0.199901 3.883402 25.000000
0.246844 4.162440 25.000000
0.298595 4.534583 25.000000
0.350687 4.788632 25.000000
0.397191 5.080679 25.000000
0.449136 5.395214 25.000000
0.496047 5.551634 25.000000
0.547641 5.828286 25.000000
