serial number: JANUSZ_6_RI80_B001905087
torque: 16.0
start_temp: 30 (34)
finish_temp: 30 (35)
note: Joint 2, Janusz 6
0.000000 0.228431
0.021014 0.222775
0.042028 0.225462
0.063042 0.225849
0.084056 0.220694
0.105070 0.227415
0.126084 0.223138
0.147098 0.225901
0.168112 0.225907
0.189126 0.221579
0.210140 0.227064
0.231154 0.223262
0.252168 0.226846
0.273182 0.226506
0.294196 0.221985
0.315210 0.226500
0.336224 0.222222
0.357238 0.226554
0.378252 0.225938
0.399266 0.221616
0.420280 0.227007
0.441294 0.220818
0.462308 0.226231
0.483322 0.225581
0.504336 0.223062
0.525350 0.227627
0.546364 0.222478
0.567378 0.228732
0.588392 0.227294
0.609406 0.225497
0.630420 0.228611
0.651434 0.223246
0.672448 0.229406
0.693462 0.229394
0.714476 0.227184
0.735490 0.229367
0.756504 0.224596
0.777518 0.230745
0.798532 0.227681
0.819546 0.227334
0.840560 0.230190
0.861574 0.225001
0.882588 0.231413
0.903602 0.228264
0.924616 0.228378
0.945630 0.230537
0.966644 0.226293
0.987658 0.230855
1.008672 0.227431
1.029686 0.228684
1.050700 0.230314
1.071714 0.226030
1.092728 0.231441
1.113742 0.226869
1.134756 0.228372
1.155770 0.229106
1.176784 0.225494
1.197798 0.230735
1.218812 0.226197
1.239826 0.228507
1.260840 0.229487
1.281854 0.226741
1.302868 0.232383
1.323882 0.228917
1.344896 0.232219
1.365910 0.233926
1.386924 0.231577
1.407938 0.235207
1.428952 0.230060
1.449966 0.233380
1.470980 0.233059
1.491994 0.231551
1.513008 0.236058
1.534022 0.230770
1.555036 0.234778
1.576050 0.234267
1.597064 0.233463
1.618078 0.237546
1.639092 0.231822
1.660106 0.234154
1.681120 0.232816
1.702134 0.234166
1.723148 0.182362
1.744162 0.211941
1.765176 0.226959
1.786190 0.229078
1.807204 0.231533
1.828218 0.235549
1.849232 0.231363
1.870246 0.235196
1.891260 0.233335
1.912274 0.233805
1.933288 0.236971
1.954302 0.232838
1.975316 0.238397
1.996330 0.235133
2.017344 0.237530
2.038358 0.240406
2.059372 0.236723
2.080386 0.240558
2.101400 0.235718
2.122414 0.238579
2.143428 0.241401
2.164442 0.238473
2.185456 0.242758
2.206470 0.237520
2.227484 0.240661
2.248498 0.242404
2.269512 0.240776
2.290526 0.245038
2.311540 0.239202
2.332554 0.242840
2.353568 0.243812
2.374582 0.242629
2.395596 0.247373
2.416610 0.241451
2.437624 0.245009
2.458638 0.245330
2.479652 0.243639
2.500666 0.248216
2.521680 0.241946
2.542694 0.244945
2.563708 0.243806
2.584722 0.242662
2.605736 0.247340
2.626750 0.242018
2.647764 0.246706
2.668778 0.245642
2.689792 0.244987
2.710806 0.247741
2.731820 0.243372
2.752834 0.247950
2.773848 0.245409
2.794862 0.245834
2.815876 0.247631
2.836890 0.242533
2.857904 0.247006
2.878918 0.244096
2.899932 0.245499
2.920946 0.248210
2.941960 0.244748
2.962974 0.249411
2.983988 0.244430
3.005002 0.246841
3.026016 0.248375
3.047030 0.245394
3.068044 0.250396
3.089058 0.244720
3.110072 0.247853
3.131086 0.248987
3.152100 0.246667
3.173114 0.251519
3.194128 0.247043
3.215142 0.251534
3.236156 0.250918
3.257170 0.248746
3.278184 0.251679
3.299198 0.246057
3.320212 0.249831
3.341226 0.248878
3.362240 0.247365
3.383254 0.251073
3.404268 0.244817
3.425282 0.248576
3.446296 0.246521
3.467310 0.246336
3.488324 0.249486
3.509338 0.245173
3.530352 0.249804
3.551366 0.246345
3.572380 0.246417
3.593394 0.247503
3.614408 0.240712
3.635422 0.245296
3.656436 0.242276
3.677450 0.243949
3.698464 0.246694
3.719478 0.242103
3.740492 0.246705
3.761506 0.242688
3.782520 0.245105
3.803534 0.245114
3.824548 0.242502
3.845562 0.247737
3.866576 0.242094
3.887590 0.244650
3.908604 0.244110
3.929618 0.241506
3.950632 0.247248
3.971646 0.242334
3.992660 0.245260
4.013674 0.242775
4.034688 0.240825
4.055702 0.245656
4.076716 0.241140
4.097730 0.244886
4.118744 0.242033
4.139758 0.241283
4.160772 0.245504
4.181786 0.239858
4.202800 0.243253
4.223814 0.239764
4.244828 0.239359
4.265842 0.242905
4.286856 0.237618
4.307870 0.242214
4.328884 0.237965
4.349898 0.237835
4.370912 0.241068
4.391926 0.235451
4.412940 0.240258
4.433954 0.235218
4.454968 0.237700
4.475982 0.239142
4.496996 0.235333
4.518010 0.240975
4.539023 0.234846
4.560037 0.234728
4.581051 0.235339
4.602065 0.232690
4.623079 0.238948
4.644093 0.233978
4.665107 0.235538
4.686121 0.234819
4.707135 0.232940
4.728149 0.238349
4.749163 0.232890
4.770177 0.235084
4.791191 0.234541
4.812205 0.232405
4.833219 0.237282
4.854233 0.230627
4.875247 0.233804
4.896261 0.232171
4.917275 0.230843
4.938289 0.235802
4.959303 0.230508
4.980317 0.233321
5.001331 0.231079
5.022345 0.230707
5.043359 0.234036
5.064373 0.228209
5.085387 0.231408
5.106401 0.228350
5.127415 0.228599
5.148429 0.231942
5.169443 0.226519
5.190457 0.231436
5.211471 0.227611
5.232485 0.227391
5.253499 0.230673
5.274513 0.226536
5.295527 0.230434
5.316541 0.225877
5.337555 0.227369
5.358569 0.228450
5.379583 0.225247
5.400597 0.229948
5.421611 0.226021
5.442625 0.227026
5.463639 0.227272
5.484653 0.224733
5.505667 0.230090
5.526681 0.224953
5.547695 0.227022
5.568709 0.226129
5.589723 0.223258
5.610737 0.227698
5.631751 0.223310
5.652765 0.227020
5.673779 0.226806
5.694793 0.225187
5.715807 0.229364
5.736821 0.223793
5.757835 0.226962
5.778849 0.225779
5.799863 0.224473
5.820877 0.228364
5.841891 0.223095
5.862905 0.227095
5.883919 0.225131
5.904933 0.223381
5.925947 0.226953
5.946961 0.223029
5.967975 0.228667
5.988989 0.224313
6.010003 0.223415
6.031017 0.225414
6.052031 0.220216
6.073045 0.226122
6.094059 0.224069
6.115073 0.223691
6.136087 0.224149
6.157101 0.218509
6.178115 0.224811
6.199129 0.222308
6.220143 0.224109
6.241157 0.224768
6.262171 0.219133
6.283185 0.226415
