0.495972 5.547350 25.000000
0.448958 5.323419 25.000000
0.397166 5.056125 25.000000
0.350682 4.717001 25.000000
0.298517 4.426733 25.000000
0.246784 4.107396 25.000000
0.199967 3.786682 25.040000
0.147975 3.408692 25.080000
0.101359 3.027800 25.000000
0.049336 2.559444 25.080000
0.000000 0.000000 25.000000
-0.049236 -2.532716 25.000000
-0.101159 -3.014283 25.040000
-0.147983 -3.395952 25.000000
-0.199825 -3.818220 25.000000
-0.246884 -4.108371 25.000000
-0.298671 -4.399344 25.000000
-0.350365 -4.779676 25.000000
-0.397295 -4.968653 25.000000
-0.448817 -5.201912 25.000000
-0.495533 -5.508030 25.000000
-0.547269 -5.687003 25.200000
