-0.495748 -5.358552 26.000000
-0.448885 -5.088149 26.000000
-0.397373 -4.840424 26.000000
-0.350265 -4.604901 26.000000
-0.298579 -4.296177 26.000000
-0.246539 -4.003655 26.000000
-0.199939 -3.708081 26.000000
-0.147975 -3.320241 26.000000
-0.101227 -2.960156 26.000000
-0.049341 -2.502096 26.000000
0.000000 0.000000 26.000000
0.049260 2.525247 26.000000
0.101105 3.010425 26.000000
0.148072 3.395322 26.000000
0.199825 3.772686 26.000000
0.246687 4.061653 26.000000
0.298617 4.409201 26.000000
0.350857 4.671907 26.000000
0.397131 4.931136 26.000000
0.449242 5.241985 26.000000
0.496073 5.406427 26.000000
0.547828 5.661523 26.000000
