0.496384 5.292851 26.000000
0.449588 5.046319 26.000000
0.397688 4.807591 26.000000
0.350673 4.576227 26.000000
0.298826 4.243744 26.000000
0.247012 3.918944 26.080000
0.199590 3.647635 26.000000
0.148001 3.306639 26.000000
0.101045 2.945897 26.120000
0.049396 2.510191 26.000000
0.000000 0.000000 26.000000
-0.049249 -2.505357 26.000000
-0.101104 -2.965774 26.000000
-0.148061 -3.331027 26.000000
-0.199952 -3.660229 26.000000
-0.247113 -3.926316 26.000000
-0.298770 -4.330376 26.080000
-0.350721 -4.561531 26.000000
-0.397293 -4.829959 26.000000
-0.448745 -5.063952 26.000000
-0.495905 -5.268409 26.040000
-0.547722 -5.504887 26.000000
