0.496079 5.825057 24.000000
0.449095 5.542332 24.000000
0.397130 5.238179 24.000000
0.350276 5.005294 24.000000
0.298646 4.638043 24.000000
0.246688 4.253646 24.000000
0.199620 3.922034 24.000000
0.147954 3.553754 24.000000
0.101489 3.174378 24.000000
0.049390 2.640903 24.000000
0.000000 0.000000 24.000000
-0.049148 -2.641198 24.000000
-0.101325 -3.162651 24.000000
-0.148109 -3.560628 24.000000
-0.199835 -3.957191 24.000000
-0.246633 -4.353924 24.000000
-0.298626 -4.721408 24.000000
-0.350254 -5.100607 24.000000
-0.397426 -5.296409 24.000000
-0.448783 -5.599987 24.000000
-0.495689 -5.820003 24.000000
-0.547565 -6.087493 24.000000
