serial number: RI80_21414842
torque: 16
start_temp: 10 (23)
finish_temp: 17 (23)
note: montaz na obrotach_bez falnszy wyj
0.000000 0.127605 12.920000 7614.909677
0.020010 0.125944 12.825590 7588.049689
0.040020 0.115532 13.034913 7881.682081
0.060030 0.131928 12.946225 7634.456954
0.080041 0.116548 12.899422 8249.456647
0.100051 0.124021 13.139750 8315.743750
0.120061 0.128483 12.869809 8163.050955
0.140071 0.114522 12.840930 8001.087209
0.160081 0.130938 12.938301 8502.241830
0.180091 0.120630 13.001882 8104.576471
0.200101 0.121463 12.786667 7898.858025
0.220112 0.131436 12.887105 8584.894737
0.240122 0.116508 13.087442 7996.988372
0.260132 0.129804 12.915294 8874.803922
0.280142 0.126040 12.940621 8326.850932
0.300152 0.118434 13.123133 8554.096386
0.320162 0.132281 12.869737 8293.480263
0.340172 0.118679 12.979408 8238.467456
0.360183 0.126019 12.989114 8664.696203
0.380193 0.128430 12.973333 8437.846154
0.400203 0.117020 12.999070 7751.953488
0.420213 0.131710 13.081854 7839.225166
0.440223 0.122311 13.000242 8267.678788
0.460233 0.123339 12.979876 9078.142857
0.480243 0.131504 12.923421 7713.835526
0.500254 0.117974 13.016095 8556.704142
0.520264 0.130639 12.866667 8765.000000
0.540274 0.125661 12.728447 7789.881988
0.560284 0.120681 12.978909 7701.915152
0.580294 0.132396 13.059211 8038.671053
0.600304 0.118918 12.815329 8323.556886
0.620314 0.127828 12.919484 8179.135484
0.640325 0.127263 12.990828 8065.464968
0.660335 0.120253 12.928383 8458.694611
0.680345 0.133014 12.940915 8397.039216
0.700355 0.122640 12.967205 7967.621118
0.720365 0.125589 13.017215 7583.810127
0.740375 0.130135 12.813077 7854.403846
0.760385 0.120093 12.906826 8829.143713
0.780396 0.131773 13.031523 8332.867550
0.800406 0.125309 12.871950 7551.836478
0.820416 0.123901 12.948395 7119.895062
0.840426 0.131933 12.983311 7740.768212
0.860436 0.120031 13.004311 7824.383234
0.880446 0.129423 12.806452 7635.432258
0.900456 0.127108 13.131646 7686.575949
0.920467 0.121939 12.834534 8175.279503
0.940477 0.132463 12.924211 7910.315789
0.960487 0.121945 13.038537 8302.250000
0.980497 0.126394 12.935287 7920.541401
1.000507 0.130500 13.004675 7737.902597
1.020517 0.119792 12.990419 8625.730539
1.040528 0.131379 12.974667 7629.146667
1.060538 0.122699 12.849268 9087.097561
1.080548 0.123762 12.976049 8343.450617
1.100558 0.130859 13.007582 8133.764706
1.120568 0.118490 12.877857 8001.529762
1.140578 0.129915 13.077143 7794.162338
1.160588 0.125442 12.971925 8851.329193
1.180599 0.121355 13.020247 7489.259259
1.200609 0.131343 12.866494 7960.227273
1.220619 0.119919 12.954491 8000.928144
1.240629 0.126699 12.933924 7383.120253
1.260639 0.127731 12.929560 8517.823899
1.280649 0.119067 12.844790 9136.544910
1.300659 0.129752 12.990327 8155.627451
1.320670 0.121094 12.949939 6760.036810
1.340680 0.124739 12.989877 8071.672840
1.360690 0.129510 12.904516 7928.419355
1.380700 0.118315 13.008284 7939.272189
1.400710 0.129180 12.950065 7410.235294
1.420720 0.124194 13.039753 8349.067901
1.440730 0.121216 12.929398 8833.222892
1.460741 0.131740 13.045000 9234.710526
1.480751 0.118850 12.736905 7855.547619
1.500761 0.126438 13.083038 7716.120253
1.520771 0.126833 13.023038 8728.816456
1.540781 0.118143 12.859524 8016.875000
1.560791 0.130806 13.051688 7950.266234
1.580801 0.119934 12.927665 8212.131737
1.600812 0.125410 12.915190 8222.721519
1.620822 0.129532 13.092129 7458.361290
1.640832 0.116783 13.005349 7994.267442
1.660842 0.129608 12.772727 8346.402597
1.680852 0.122654 12.849383 7810.839506
1.700862 0.121062 13.045366 7464.774390
1.720872 0.131165 12.906405 7814.411765
1.740883 0.116759 12.980233 7598.366279
1.760893 0.127432 13.031646 7624.765823
1.780903 0.126672 12.930191 7908.643312
1.800913 0.118421 13.059172 8875.201183
1.820923 0.131070 13.018421 8350.447368
1.840933 0.118299 12.946509 8710.366864
1.860943 0.124409 12.836543 8451.123457
1.880954 0.128798 12.885714 7768.642857
1.900964 0.116017 13.190000 8044.773256
1.920974 0.130729 12.942597 7923.766234
1.940984 0.121842 12.883394 8170.272727
1.960994 0.120167 13.182303 7794.163636
1.981004 0.130815 12.909020 7774.967320
2.001014 0.114357 12.874286 7404.714286
2.021025 0.127650 13.016516 7866.587097
2.041035 0.124884 12.974815 7923.209877
2.061045 0.115505 12.880000 7625.057803
2.081055 0.130954 12.986579 8099.473684
2.101065 0.116621 13.015723 8570.502890
2.121075 0.125034 12.922516 8471.226415
2.141085 0.128388 13.008684 7792.342105
2.161096 0.113606 12.916610 7754.677966
2.181106 0.130130 12.809412 8239.359477
2.201116 0.119002 12.876121 8995.187879
2.221126 0.120323 12.842454 8450.202454
2.241136 0.131091 12.985098 8781.398693
2.261146 0.113400 12.909379 8099.949153
2.281156 0.128906 12.943484 8004.129032
2.301167 0.122718 13.062822 8189.865031
2.321177 0.115964 12.835294 7799.717647
2.341187 0.132180 12.802649 8247.225166
2.361197 0.115609 13.104545 7803.681818
2.381207 0.124356 12.932405 8331.962025
2.401217 0.127485 12.855250 8296.512500
2.421227 0.112223 13.025085 8624.790960
2.441238 0.131420 12.932368 7737.986842
2.461248 0.118466 12.846946 8291.005988
2.481258 0.117787 13.163314 8432.485207
2.501268 0.130720 12.897922 7732.467532
2.521278 0.111205 13.027845 7727.425414
2.541288 0.127936 13.040513 8644.730769
2.561298 0.121782 13.040964 7280.030120
2.581309 0.113434 12.915172 7904.316092
2.601319 0.132002 12.850980 8592.888889
2.621329 0.111654 13.110667 8535.683333
2.641339 0.122904 12.841235 7799.660494
2.661349 0.125741 12.790692 7590.031447
2.681359 0.108655 13.110383 7854.316940
2.701369 0.131654 13.043660 7862.660131
2.721380 0.115285 12.825143 7330.525714
2.741390 0.117187 13.044260 7819.887574
2.761400 0.128815 13.045641 8256.660256
2.781410 0.108253 12.874130 7488.059783
2.801420 0.127301 13.061887 8208.283019
2.821430 0.119512 12.971018 8414.676647
2.841440 0.110841 12.972809 8658.376404
2.861451 0.129438 12.823377 8113.785714
2.881461 0.109109 13.106304 8250.336957
2.901471 0.121646 12.863133 7580.686747
2.921481 0.124393 12.819750 7023.206250
2.941491 0.106643 13.102340 7330.462766
2.961501 0.129340 13.033290 8396.754839
2.981511 0.112202 12.999556 7586.616667
3.001522 0.115597 12.925116 7680.697674
3.021532 0.128525 12.972564 8603.230769
3.041542 0.106537 12.820749 8199.181818
3.061552 0.126274 12.874937 7721.272152
3.081562 0.117140 13.048837 8748.593023
3.101572 0.107896 12.924108 8458.697297
3.121583 0.130074 13.041299 7765.305195
3.141593 0.086316 12.716517 7605.504505
3.161603 0.116011 12.945891 8088.193798
3.181613 0.121687 12.966935 7585.737903
3.201623 0.102048 12.946575 7819.513699
3.221633 0.128404 13.022393 8119.247863
3.241643 0.109303 12.940650 8024.935018
3.261654 0.112736 12.849660 7580.811321
3.281664 0.126833 13.073898 7771.686441
3.301674 0.102140 13.074441 8132.749153
3.321684 0.125034 12.941423 8270.719665
3.341694 0.116029 13.101456 8310.720307
3.361704 0.105107 12.989645 8438.964539
3.381714 0.129135 12.921538 7784.149573
3.401725 0.103434 12.983391 8132.972318
3.421735 0.118401 13.024409 7572.070866
3.441745 0.121485 12.923725 8619.862348
3.461755 0.101164 12.903810 8017.180272
3.481765 0.127536 13.153675 7818.055556
3.501775 0.107918 12.978298 7500.790780
3.521785 0.111483 12.872687 7645.608209
3.541796 0.126689 13.062785 8096.683544
3.561806 0.099671 13.076013 7991.405316
3.581816 0.124094 12.834523 7675.033195
3.601826 0.114638 12.967849 7833.988679
3.621836 0.104134 13.130563 7633.232394
3.641846 0.128605 12.888170 8876.774468
3.661856 0.101411 12.871729 7641.183051
3.681867 0.117565 13.115451 7726.262745
3.701877 0.121239 13.061044 7723.052209
3.721887 0.099813 12.929200 8373.810000
3.741897 0.127642 13.099574 7257.974468
3.761907 0.106553 13.123206 7911.250871
3.781917 0.111073 12.781585 7868.230189
3.801927 0.126360 13.016167 8239.962500
3.821938 0.097948 13.068143 7573.563518
3.841948 0.124209 12.738655 8264.558824
3.861958 0.113315 12.899851 7742.470149
3.881968 0.103247 13.132234 7588.024055
3.901978 0.128227 12.992851 7739.314894
3.921988 0.099834 12.925545 8162.313531
3.941998 0.117972 13.144382 8454.243028
3.962009 0.121153 13.095680 7993.692000
3.982019 0.098481 12.935973 8174.124161
4.002029 0.127343 12.935541 8283.216561
4.022039 0.104797 13.135208 8711.989583
4.042049 0.109355 12.706519 8832.082873
4.062059 0.126353 12.974500 7351.343750
4.082069 0.096565 13.207729 7806.091787
4.102080 0.124164 12.749500 7133.106250
4.122090 0.111138 12.914696 8261.209945
4.142100 0.101820 13.188247 7887.242268
4.162110 0.128873 12.933935 7688.316129
4.182120 0.098541 12.901553 7718.815534
4.202130 0.117073 13.148263 7930.491018
4.222140 0.119344 13.021163 7783.906977
4.242151 0.096571 12.967184 7597.500000
4.262161 0.128280 13.060519 7791.980519
4.282171 0.103221 13.124670 7499.324873
4.302181 0.109193 12.908222 8029.983333
4.322191 0.125687 12.802500 8411.268750
4.342201 0.094141 13.029005 8058.341232
4.362211 0.123777 12.814321 8748.740741
4.382222 0.109944 12.726304 7847.994565
4.402232 0.102613 13.187979 7983.165803
4.422242 0.127705 12.987516 8420.777070
4.442252 0.097543 12.970680 8613.101942
4.462262 0.117389 13.038107 7596.366864
4.482272 0.118553 13.061176 8106.811765
4.502282 0.096749 12.887573 7490.111650
4.522293 0.127053 12.984204 8110.515924
4.542303 0.102742 12.985510 7651.806122
4.562313 0.109797 12.776133 7536.651934
4.582323 0.123849 12.848589 8701.269939
4.602333 0.095390 13.116364 7692.148325
4.622343 0.124830 12.969172 8260.248408
4.642353 0.111250 12.824565 9046.597826
4.662364 0.103554 13.064041 7906.834197
4.682374 0.126695 12.985223 8352.261146
4.702384 0.098647 12.899310 7893.886700
4.722394 0.118395 13.074793 8031.911243
4.742404 0.119686 12.954286 8354.267857
4.762414 0.098868 12.909360 7362.906404
4.782424 0.127908 13.001806 8249.929032
4.802435 0.103324 13.148750 8366.552083
4.822445 0.111309 12.742921 7838.775281
4.842455 0.124542 12.963926 8431.030675
4.862465 0.097306 13.039220 6900.287805
4.882475 0.125277 12.912201 7829.106918
4.902485 0.111212 12.871209 7593.483516
4.922495 0.105595 12.928128 7232.577540
4.942506 0.128757 12.927179 8088.403846
4.962516 0.100782 12.997588 7924.618090
4.982526 0.119883 12.946347 7757.083832
5.002536 0.118990 12.959042 7955.820359
5.022546 0.100934 12.879394 7794.222222
5.042556 0.128633 12.891026 7814.602564
5.062567 0.105980 12.914105 8141.815789
5.082577 0.113417 12.945747 7809.005747
5.102587 0.124957 12.887901 8166.129630
5.122597 0.099985 13.072161 7764.773869
5.142607 0.125410 13.009750 7548.306250
5.162617 0.112794 12.813636 7949.272727
5.182627 0.106883 12.944432 8065.421622
5.202638 0.129164 12.939231 8657.275641
5.222648 0.102730 12.943265 7703.056122
5.242658 0.120863 12.893415 8266.384146
5.262668 0.120215 12.941667 8077.708333
5.282678 0.102777 12.984536 7714.314433
5.302688 0.128924 12.993290 7123.096774
5.322698 0.107884 12.921081 8131.648649
5.342709 0.114578 12.951724 8274.408046
5.362719 0.125077 12.895000 7653.631250
5.382729 0.102930 12.894898 7952.765306
5.402739 0.126834 13.045096 8197.528662
5.422749 0.115084 12.943218 7901.045977
5.442759 0.110269 12.889111 7695.100000
5.462769 0.128020 13.005605 7675.968153
5.482780 0.104730 13.039792 7902.234375
5.502790 0.122547 12.952840 7683.703704
5.522800 0.122085 13.008000 7684.896970
5.542810 0.107568 13.043478 8104.923913
5.562820 0.128785 12.859487 7157.884615
5.582830 0.110963 12.998462 7278.181319
5.602840 0.117012 13.096805 7449.171598
5.622851 0.127266 12.910573 8575.044586
5.642861 0.106800 12.905455 8217.310160
5.662871 0.127272 13.084359 7637.532051
5.682881 0.117455 13.122312 7917.242775
5.702891 0.113590 12.915886 7991.308571
5.722901 0.131048 13.053947 7352.447368
5.742911 0.108681 13.046452 8150.392473
5.762922 0.125032 12.862138 8246.817610
5.782932 0.123357 12.841227 7565.319018
5.802942 0.109605 13.064530 8173.767956
5.822952 0.130673 12.814379 8377.640523
5.842962 0.113812 12.862629 7525.360000
5.862972 0.119658 13.077857 7587.595238
5.882982 0.127633 12.843057 8456.261146
5.902993 0.108544 12.902151 7764.543011
5.923003 0.129047 13.147712 8661.189542
5.943013 0.118306 13.049412 7965.347059
5.963023 0.115352 12.783023 7391.511628
5.983033 0.129975 13.145263 8045.098684
6.003043 0.111055 13.088791 8184.126374
6.023053 0.126086 12.779108 7543.375796
6.043064 0.124180 12.969756 8265.646341
6.063074 0.113129 12.963886 8691.280000
6.083084 0.131610 12.971688 8372.720779
6.103094 0.115391 12.936647 8358.092486
6.123104 0.120821 13.020123 8173.423313
6.143114 0.127861 13.043522 8141.402516
6.163124 0.111643 12.841798 7883.179775
6.183135 0.130240 13.105166 8022.880795
6.203145 0.120639 13.041183 8635.958580
6.223155 0.117508 12.917412 7652.400000
6.243165 0.130969 13.014834 7363.682119
6.263175 0.113847 13.137853 7959.909605
