serial number: JANUSZ_4_RI70_21414869
torque: 8.0
start_temp: 30 (30)
finish_temp: 30 (30)
note: joint_J4_pcb_3_4
0.000000 nan
0.021014 0.226211
0.042028 0.239764
0.063042 0.231313
0.084056 0.231260
0.105070 0.241612
0.126084 0.226935
0.147098 0.240868
0.168112 0.231204
0.189126 0.232479
0.210140 0.241829
0.231154 0.227119
0.252168 0.241348
0.273182 0.230464
0.294196 0.231585
0.315210 0.239856
0.336224 0.225765
0.357238 0.240033
0.378252 0.227565
0.399266 0.232134
0.420280 0.238379
0.441294 0.227433
0.462308 0.242742
0.483322 0.228828
0.504336 0.233610
0.525350 0.237833
0.546364 0.226777
0.567378 0.241512
0.588392 0.227330
0.609406 0.233479
0.630420 0.236394
0.651434 0.225575
0.672448 0.239815
0.693462 0.225136
0.714476 0.232361
0.735490 0.233968
0.756504 0.224729
0.777518 0.238931
0.798532 0.223528
0.819546 0.232323
0.840560 0.232613
0.861574 0.224869
0.882588 0.239471
0.903602 0.223319
0.924616 0.232588
0.945630 0.230366
0.966644 0.224755
0.987658 0.238532
1.008672 0.222757
1.029686 0.234077
1.050700 0.230476
1.071714 0.226317
1.092728 0.238485
1.113742 0.221435
1.134756 0.232693
1.155770 0.228012
1.176784 0.225037
1.197798 0.236562
1.218812 0.220168
1.239826 0.232965
1.260840 0.226093
1.281854 0.225441
1.302868 0.235514
1.323882 0.217608
1.344896 0.232084
1.365910 0.223210
1.386924 0.224121
1.407938 0.233924
1.428952 0.217985
1.449966 0.232693
1.470980 0.221151
1.491994 0.224303
1.513008 0.232380
1.534022 0.216396
1.555036 0.231655
1.576050 0.217396
1.597064 0.223039
1.618078 0.229578
1.639092 0.216042
1.660106 0.231862
1.681120 0.216922
1.702134 0.223971
1.723148 0.227990
1.744162 0.215079
1.765176 0.231663
1.786190 0.214886
1.807204 0.224613
1.828218 0.226138
1.849232 0.215825
1.870246 0.232809
1.891260 0.213728
1.912274 0.225429
1.933288 0.223632
1.954302 0.213949
1.975316 0.230254
1.996330 0.210460
2.017344 0.226459
2.038358 0.223499
2.059372 0.216606
2.080386 0.231690
2.101400 0.210031
2.122414 0.225891
2.143428 0.219254
2.164442 0.215157
2.185456 0.229648
2.206470 0.208404
2.227484 0.226546
2.248498 0.217304
2.269512 0.215313
2.290526 0.227571
2.311540 0.205426
2.332554 0.224541
2.353568 0.213067
2.374582 0.215340
2.395596 0.225350
2.416610 0.204051
2.437624 0.225035
2.458638 0.209386
2.479652 0.214447
2.500666 0.221851
2.521680 0.201428
2.542694 0.223154
2.563708 0.204798
2.584722 0.213644
2.605736 0.217211
2.626750 0.200258
2.647764 0.222206
2.668778 0.201483
2.689792 0.213742
2.710806 0.213927
2.731820 0.199431
2.752834 0.221121
2.773848 0.198503
2.794862 0.214906
2.815876 0.211102
2.836890 0.200398
2.857904 0.220043
2.878918 0.194615
2.899932 0.214118
2.920946 0.207214
2.941960 0.200432
2.962974 0.218529
2.983988 0.193515
3.005002 0.214036
3.026016 0.203230
3.047030 0.201387
3.068044 0.216447
3.089058 0.192620
3.110072 0.216898
3.131086 0.202114
3.152100 0.205792
3.173114 0.216075
3.194128 0.195155
3.215142 0.219058
3.236156 0.200369
3.257170 0.209065
3.278184 0.215402
3.299198 0.197070
3.320212 0.220388
3.341226 0.199234
3.362240 0.209621
3.383254 0.211329
3.404268 0.196745
3.425282 0.219519
3.446296 0.197985
3.467310 0.214698
3.488324 0.210733
3.509338 0.201697
3.530352 0.222537
3.551366 0.198832
3.572380 0.216888
3.593394 0.208164
3.614408 0.205008
3.635422 0.222446
3.656436 0.199654
3.677450 0.220181
3.698464 0.208064
3.719478 0.209471
3.740492 0.222689
3.761506 0.201497
3.782520 0.223496
3.803534 0.208150
3.824548 0.213545
3.845562 0.222659
3.866576 0.204855
3.887590 0.227321
3.908604 0.208043
3.929618 0.217148
3.950632 0.222167
3.971646 0.207037
3.992660 0.228885
4.013674 0.207391
4.034688 0.221640
4.055702 0.223037
4.076716 0.212157
4.097730 0.232328
4.118744 0.210047
4.139758 0.225568
4.160772 0.222229
4.181786 0.215407
4.202800 0.233730
4.223814 0.211298
4.244828 0.229320
4.265842 0.222393
4.286856 0.219918
4.307870 0.235217
4.328884 0.213086
4.349898 0.232249
4.370912 0.221799
4.391926 0.223235
4.412940 0.237141
4.433954 0.215791
4.454968 0.235262
4.475982 0.221412
4.496996 0.225990
4.518010 0.235713
4.539023 0.216226
4.560037 0.236803
4.581051 0.220570
4.602065 0.228490
4.623079 0.234790
4.644093 0.217285
4.665107 0.237879
4.686121 0.219989
4.707135 0.231035
4.728149 0.233184
4.749163 0.218373
4.770177 0.236393
4.791191 0.216067
4.812205 0.230151
4.833219 0.231401
4.854233 0.219615
4.875247 0.237440
4.896261 0.216251
4.917275 0.229776
4.938289 0.228238
4.959303 0.219878
4.980317 0.236938
5.001331 0.215532
5.022345 0.231343
5.043359 0.227092
5.064373 0.221636
5.085387 0.236308
5.106401 0.215169
5.127415 0.231857
5.148429 0.225105
5.169443 0.223120
5.190457 0.235937
5.211471 0.214938
5.232485 0.233484
5.253499 0.222793
5.274513 0.223340
5.295527 0.234182
5.316541 0.215463
5.337555 0.233245
5.358569 0.222286
5.379583 0.224993
5.400597 0.234091
5.421611 0.217489
5.442625 0.235025
5.463639 0.221785
5.484653 0.225584
5.505667 0.233270
5.526681 0.217687
5.547695 0.235444
5.568709 0.222723
5.589723 0.229330
5.610737 0.234274
5.631751 0.221015
5.652765 0.239391
5.673779 0.224919
5.694793 0.232017
5.715807 0.233673
5.736821 0.223703
5.757835 0.240659
5.778849 0.224387
5.799863 0.233765
5.820877 0.233955
5.841891 0.224820
5.862905 0.240571
5.883919 0.224978
5.904933 0.235509
5.925947 0.233503
5.946961 0.227013
5.967975 0.241924
5.988989 0.224666
6.010003 0.235124
6.031017 0.231597
6.052031 0.226270
6.073045 0.241048
6.094059 0.224177
6.115073 0.237130
6.136087 0.232115
6.157101 0.228795
6.178115 0.241264
6.199129 0.225084
6.220143 0.238543
6.241157 0.232551
6.262171 0.231907
6.283185 0.242383
