-0.994345 -21.070624 28.000000
-0.947237 -20.172015 28.000000
-0.896210 -19.383306 28.000000
-0.848931 -18.967166 28.000000
-0.796474 -18.315916 28.600000
-0.745522 -17.553106 29.000000
-0.698106 -17.162736 29.000000
-0.646403 -16.366595 29.000000
-0.599161 -16.065139 29.000000
-0.547933 -15.189912 29.000000
-0.495555 -14.608036 29.000000
-0.449365 -13.951182 29.000000
-0.397049 -13.080481 29.000000
-0.350196 -12.560371 29.000000
-0.298723 -11.697174 29.000000
-0.246421 -10.796152 29.000000
-0.199790 -9.834074 29.000000
-0.148011 -8.730804 29.000000
-0.101011 -7.664203 28.240000
-0.049067 -6.325304 28.000000
0.000000 0.000000 28.000000
0.049100 6.191752 28.000000
0.100951 7.615417 28.000000
0.147792 8.638048 28.000000
0.199555 9.689590 28.000000
0.246338 10.780420 28.000000
0.298328 11.851808 28.000000
0.350279 12.582562 28.000000
0.396820 13.199433 28.000000
0.448724 14.285707 28.000000
0.495959 14.711256 28.000000
0.547116 15.379198 28.640000
0.600253 16.092636 29.000000
0.645908 16.432559 29.000000
0.698869 17.122743 29.000000
0.744051 17.670899 29.000000
0.797643 17.972676 29.000000
0.849010 18.710884 29.000000
0.894713 19.045432 29.000000
0.947595 19.305983 29.000000
0.995016 19.845168 29.000000
