0.994160 19.910162 29.000000
0.946834 19.282298 29.160000
0.895436 18.505290 30.000000
0.849503 18.124361 30.000000
0.796444 17.692442 30.000000
0.744967 16.747957 30.000000
0.698430 16.512420 30.000000
0.646025 15.667357 30.000000
0.599813 15.356966 30.000000
0.547280 14.501751 30.000000
0.495734 14.162396 30.000000
0.449229 13.274341 30.000000
0.396545 12.605804 30.000000
0.350304 12.208734 30.000000
0.298499 11.234474 30.000000
0.246807 10.315642 30.000000
0.199689 9.444675 30.000000
0.147986 8.558271 30.000000
0.101303 7.491052 30.000000
0.049544 6.187450 29.080000
0.000000 0.000000 29.000000
-0.049169 -5.976537 29.000000
-0.100777 -7.268460 29.000000
-0.147724 -8.355674 29.000000
-0.199884 -9.358241 29.000000
-0.246333 -10.235467 29.000000
-0.298370 -11.272184 29.000000
-0.350314 -12.090849 29.000000
-0.397153 -12.702035 29.000000
-0.448735 -13.545473 29.000000
-0.495955 -14.177716 29.000000
-0.547597 -14.691393 29.920000
-0.599598 -15.425477 30.000000
-0.646353 -15.768073 30.000000
-0.698394 -16.497532 30.000000
-0.744913 -16.833096 30.000000
-0.797503 -17.321033 30.000000
-0.848776 -17.958528 30.000000
-0.895399 -18.182105 30.000000
-0.948096 -18.609288 30.000000
-0.994647 -19.183054 30.000000
