-0.994641 -16.547552 30.000000
-0.947789 -16.138848 30.000000
-0.895605 -15.683693 30.000000
-0.848201 -15.123032 30.000000
-0.797144 -14.632772 30.000000
-0.744838 -14.214996 30.000000
-0.698177 -13.621545 30.000000
-0.646173 -13.176737 30.000000
-0.599387 -12.600731 30.000000
-0.547465 -12.401063 30.040000
-0.496064 -11.588164 30.080000
-0.448662 -11.247325 30.120000
-0.397373 -10.761631 30.080000
-0.350317 -10.007908 30.320000
-0.298329 -9.543014 30.440000
-0.245999 -8.866041 30.200000
-0.199962 -8.299459 30.600000
-0.147670 -7.322365 30.080000
-0.101416 -6.502048 30.080000
-0.049207 -5.330803 30.000000
0.000000 0.000000 30.000000
0.049181 5.343493 30.000000
0.100812 6.550267 30.000000
0.148016 7.473482 30.000000
0.199623 8.457003 30.000000
0.246998 8.998002 30.000000
0.298121 9.721484 30.000000
0.350139 10.350275 30.000000
0.396937 11.082093 30.000000
0.449337 11.521278 30.000000
0.495681 11.991308 30.000000
0.547827 12.702370 30.000000
0.599566 13.045811 30.000000
0.646497 13.775001 30.000000
0.698087 14.131567 30.000000
0.745188 14.673948 30.000000
0.796452 14.912553 30.000000
0.849129 15.373097 30.000000
0.895567 15.930691 30.000000
0.947307 16.354190 30.000000
0.994139 16.667359 30.080000
