0.994463 16.627212 30.080000
0.947537 16.177388 30.400000
0.895514 15.773615 30.920000
0.849026 15.086983 31.000000
0.797387 14.698565 31.000000
0.744504 14.321725 31.000000
0.698275 13.647825 31.000000
0.646234 13.407392 31.000000
0.599639 12.687199 31.000000
0.547246 12.435724 31.000000
0.495962 11.687189 31.000000
0.448740 11.164951 31.000000
0.396986 10.738183 31.000000
0.349989 10.090888 31.000000
0.298158 9.325867 31.000000
0.246367 8.838103 31.000000
0.199667 8.251568 31.000000
0.148062 7.358509 31.000000
0.101202 6.317869 31.000000
0.048989 5.279008 31.000000
0.000000 0.000000 31.000000
-0.049366 -5.308423 31.000000
-0.101022 -6.405671 31.000000
-0.147505 -7.408644 31.000000
-0.199651 -8.365176 31.000000
-0.246113 -8.913707 31.000000
-0.298640 -9.585566 31.000000
-0.350778 -10.297494 31.000000
-0.396976 -10.968256 31.000000
-0.449131 -11.386865 31.000000
-0.495284 -11.970984 31.000000
-0.547846 -12.617821 31.000000
-0.599481 -12.963222 30.960000
-0.646546 -13.473763 31.000000
-0.698138 -13.875764 31.000000
-0.745561 -14.226498 31.000000
-0.796821 -14.687849 30.960000
-0.848833 -15.100276 31.000000
-0.895748 -15.590966 31.000000
-0.947640 -16.060804 31.000000
-0.993864 -16.397919 31.000000
