-0.994014 -19.072588 30.000000
-0.947180 -18.385726 30.280000
-0.895968 -17.749096 31.000000
-0.849070 -17.374962 31.000000
-0.796208 -16.857878 31.000000
-0.745430 -16.144672 31.000000
-0.698101 -15.872057 31.000000
-0.646235 -15.058051 31.000000
-0.599420 -14.749181 31.000000
-0.547883 -13.970494 31.000000
-0.495587 -13.442324 31.000000
-0.449182 -12.870591 31.000000
-0.397032 -12.033270 31.000000
-0.350264 -11.499940 31.000000
-0.298374 -10.810514 31.000000
-0.246523 -9.928794 31.000000
-0.199901 -9.074840 31.000000
-0.147866 -8.125302 30.000000
-0.101277 -7.163978 30.000000
-0.049612 -5.890337 30.000000
0.000000 0.000000 30.000000
0.049387 5.864850 30.000000
0.100864 7.109454 30.000000
0.147841 8.009704 29.960000
0.199343 8.991191 30.000000
0.246419 10.016059 29.880000
0.298426 10.892943 30.000000
0.350155 11.599046 30.000000
0.396845 12.194090 30.000000
0.448710 13.210267 30.000000
0.495936 13.625685 30.000000
0.546939 14.299893 30.000000
0.600150 14.948509 30.000000
0.645791 15.309455 30.000000
0.699051 15.986419 30.000000
0.743846 16.520887 30.000000
0.797662 16.756402 30.000000
0.848919 17.560233 30.000000
0.894520 17.872344 30.000000
0.947960 18.101127 31.000000
0.995020 18.638716 30.000000
