0.994340 18.697521 31.000000
0.946858 18.050126 31.000000
0.895330 17.379876 31.000000
0.849629 17.008455 31.000000
0.796350 16.570364 31.000000
0.744998 15.729716 31.000000
0.698286 15.511849 31.000000
0.645913 14.704079 31.000000
0.599777 14.419976 31.000000
0.547379 13.541089 31.000000
0.495622 13.242609 31.000000
0.449133 12.461437 31.000000
0.396528 11.872835 31.000000
0.350364 11.385719 31.000000
0.298565 10.527700 31.000000
0.246559 9.665242 31.000000
0.199639 8.922649 31.000000
0.147992 8.080740 31.000000
0.101219 7.099845 31.000000
0.049444 5.902571 31.000000
0.000000 0.000000 30.000000
-0.049289 -5.706840 31.000000
-0.100915 -6.906147 31.000000
-0.147833 -7.958064 31.000000
-0.199767 -8.828743 31.000000
-0.246380 -9.628822 31.000000
-0.298256 -10.537932 30.120000
-0.350502 -11.353500 31.000000
-0.396940 -11.926461 31.000000
-0.448709 -12.765303 31.000000
-0.495781 -13.388441 31.000000
-0.547408 -13.898147 31.000000
-0.599775 -14.610770 31.000000
-0.646261 -14.959895 31.000000
-0.698515 -15.640114 31.000000
-0.744834 -15.992193 31.000000
-0.797397 -16.475943 31.000000
-0.848774 -17.095744 31.000000
-0.895399 -17.331355 31.000000
-0.948038 -17.709446 31.000000
-0.994568 -18.265576 31.000000
