-0.994297 -18.183817 31.000000
-0.947263 -17.548789 31.520000
-0.895887 -16.938074 32.000000
-0.849072 -16.554070 32.000000
-0.796370 -16.036499 32.000000
-0.745447 -15.344449 32.000000
-0.698085 -15.054413 32.000000
-0.646475 -14.313481 32.000000
-0.599390 -14.045654 32.000000
-0.547864 -13.327910 32.000000
-0.495633 -12.778706 31.400000
-0.449199 -12.230073 31.080000
-0.396897 -11.504862 31.280000
-0.350260 -10.986260 31.400000
-0.298588 -10.295575 31.920000
-0.246463 -9.498880 31.000000
-0.199792 -8.662653 31.000000
-0.147774 -7.782454 31.000000
-0.101180 -6.880519 31.000000
-0.049477 -5.757909 31.000000
0.000000 0.000000 31.000000
0.049202 5.712990 31.000000
0.101057 6.931212 31.000000
0.147780 7.712476 31.000000
0.199615 8.695391 31.000000
0.246363 9.627772 31.000000
0.298519 10.544632 31.000000
0.350445 11.092414 31.000000
0.396879 11.656077 31.000000
0.448858 12.614262 31.000000
0.496026 12.960601 31.000000
0.547048 13.607317 31.000000
0.599956 14.269347 31.000000
0.645782 14.630109 31.000000
0.698918 15.310779 31.000000
0.743945 15.809446 31.000000
0.797422 16.085792 31.720000
0.848993 16.848057 32.000000
0.894660 17.137771 32.000000
0.947684 17.459513 32.000000
0.995045 17.932830 32.000000
