-0.995055 -16.760285 29.840000
-0.947917 -15.986202 30.000000
-0.895378 -15.578210 30.000000
-0.848405 -15.008311 30.000000
-0.797206 -14.535066 30.000000
-0.744906 -14.207951 30.000000
-0.698249 -13.651675 30.000000
-0.646037 -13.387319 30.000000
-0.599345 -12.753031 30.000000
-0.547244 -12.494723 30.000000
-0.495881 -11.742707 30.000000
-0.448618 -11.331918 30.000000
-0.397364 -10.801041 30.000000
-0.350237 -10.078681 30.000000
-0.298301 -9.610603 30.000000
-0.245917 -8.956343 30.000000
-0.200113 -8.301862 30.000000
-0.147639 -7.353690 30.000000
-0.101119 -6.539038 30.000000
-0.049356 -5.366557 30.000000
0.000000 0.000000 30.000000
0.049096 5.431228 30.000000
0.100755 6.600556 30.000000
0.147914 7.563551 30.000000
0.199756 8.551785 30.000000
0.246912 9.196882 30.000000
0.297970 9.918160 30.000000
0.350105 10.491793 30.000000
0.396915 11.271110 30.000000
0.449180 11.721714 30.000000
0.495839 12.172265 30.000000
0.547722 12.881698 30.000000
0.599871 13.163168 30.000000
0.646371 13.809021 30.000000
0.698163 14.185430 30.000000
0.745154 14.824134 30.000000
0.796416 15.223086 30.000000
0.849094 15.583641 30.000000
0.895730 16.205548 30.000000
0.947001 16.620312 30.000000
0.994062 16.937823 30.000000
