0.994791 16.930339 30.000000
0.947538 16.488404 30.000000
0.895317 16.089275 30.000000
0.848636 15.411302 30.000000
0.797418 15.045730 30.000000
0.744406 14.637076 30.000000
0.698398 13.959386 30.000000
0.646210 13.646743 30.000000
0.599606 13.008377 30.000000
0.547259 12.774126 30.000000
0.495847 11.906353 30.000000
0.448491 11.388520 30.000000
0.397048 11.087764 30.000000
0.350176 10.321840 30.000000
0.298239 9.578779 30.000000
0.246356 8.975699 30.000000
0.199727 8.461233 30.000000
0.148175 7.514751 30.000000
0.101385 6.473075 30.000000
0.048927 5.402625 30.000000
0.000000 0.000000 30.000000
-0.049084 -5.474682 30.000000
-0.101181 -6.560065 30.000000
-0.147283 -7.551637 30.000000
-0.199680 -8.537568 30.000000
-0.246241 -9.062323 30.000000
-0.298600 -9.697131 30.000000
-0.350629 -10.493217 30.000000
-0.397078 -11.201325 30.000000
-0.449414 -11.625204 30.000000
-0.495554 -12.181861 30.000000
-0.548010 -12.818734 30.000000
-0.599527 -13.172119 30.000000
-0.646532 -13.687263 30.000000
-0.698063 -13.963299 30.000000
-0.745592 -14.450540 30.000000
-0.796653 -14.940573 30.000000
-0.848757 -15.311979 30.000000
-0.895986 -15.837356 30.000000
-0.947444 -16.289234 30.000000
-0.993768 -16.627379 30.000000
