-0.994512 -16.530308 30.000000
-0.947789 -16.133519 30.000000
-0.895619 -15.755668 30.000000
-0.848454 -15.124055 30.000000
-0.797226 -14.545196 30.000000
-0.744831 -14.244887 30.000000
-0.698155 -13.671842 30.000000
-0.646193 -13.364637 30.000000
-0.599372 -12.752047 30.000000
-0.547492 -12.474539 30.000000
-0.495875 -11.670036 30.000000
-0.448663 -11.321315 30.000000
-0.397341 -10.829498 30.000000
-0.350306 -10.077725 30.000000
-0.298335 -9.564260 30.000000
-0.245799 -8.934387 30.000000
-0.200156 -8.311304 30.000000
-0.147493 -7.357217 30.000000
-0.101332 -6.538123 30.000000
-0.049373 -5.366567 30.000000
0.000000 0.000000 30.000000
0.049074 5.429148 30.000000
0.100968 6.592974 30.000000
0.147934 7.497744 30.000000
0.199724 8.544474 30.000000
0.246952 9.074204 30.000000
0.298133 9.865503 30.000000
0.350057 10.418104 30.000000
0.396798 11.176774 30.000000
0.449127 11.646358 30.000000
0.495742 12.013350 30.000000
0.547726 12.726947 30.000000
0.599700 13.140223 30.000000
0.646351 13.757533 30.000000
0.698463 13.942568 30.000000
0.744871 14.581489 30.000000
0.796281 15.117285 30.000000
0.848740 15.567240 30.000000
0.895612 16.102147 30.000000
0.947137 16.494984 30.000000
0.994025 16.822533 30.000000
