0.994545 16.751532 30.000000
0.947673 16.323610 30.000000
0.895351 15.852457 30.000000
0.848970 15.084845 30.000000
0.797316 14.791151 30.000000
0.744599 14.390092 30.000000
0.698335 13.704230 30.000000
0.646141 13.367725 30.000000
0.599469 12.772782 30.000000
0.547291 12.526319 30.000000
0.495864 11.777923 30.000000
0.448717 11.340944 30.000000
0.397024 10.814291 30.000000
0.350158 10.181568 30.000000
0.298247 9.473388 30.000000
0.246509 8.882178 30.000000
0.199623 8.294971 30.000000
0.148167 7.422338 30.000000
0.101194 6.363219 30.000000
0.048885 5.341556 30.000000
0.000000 0.000000 30.000000
-0.049209 -5.375004 30.000000
-0.101097 -6.485667 30.000000
-0.147410 -7.466689 30.000000
-0.199748 -8.446092 30.000000
-0.246289 -9.000064 30.000000
-0.298668 -9.631062 30.000000
-0.350521 -10.306761 30.000000
-0.396887 -11.069823 30.000000
-0.449084 -11.466495 30.000000
-0.495544 -12.079640 30.000000
-0.547861 -12.712049 30.000000
-0.599219 -13.144230 30.000000
-0.646662 -13.724841 30.000000
-0.697902 -14.070924 30.000000
-0.745681 -14.533730 30.000000
-0.796822 -15.007296 30.000000
-0.848872 -15.244894 30.000000
-0.895814 -15.775640 30.000000
-0.947476 -16.282033 30.000000
-0.993934 -16.606913 30.000000
