serial number: JANUSZ_2_RI70_21111530
torque: 8
start_temp: 27 (28)
finish_temp: 27 (28)
note: skladane na obrotach - nowe pcb d23
0.000000 0.765591 27.019441 0.000000
0.020010 0.764561 27.019465 0.000000
0.040020 0.767829 27.016889 0.000000
0.060030 0.762821 27.019227 0.000000
0.080041 0.766227 27.013904 0.000000
0.100051 0.765553 27.014807 0.000000
0.120061 0.763995 27.017514 0.000000
0.140071 0.767101 27.009061 0.000000
0.160081 0.763871 27.007568 0.000000
0.180091 0.765562 27.021087 0.000000
0.200101 0.766864 27.016133 0.000000
0.220112 0.764420 27.009840 0.000000
0.240122 0.766446 27.008864 0.000000
0.260132 0.766458 27.009348 0.000000
0.280142 0.765636 27.010162 0.000000
0.300152 0.769679 27.021556 0.000000
0.320162 0.764877 27.020973 0.000000
0.340172 0.768778 27.015593 0.000000
0.360183 0.768130 27.011765 0.000000
0.380193 0.766545 27.008791 0.000000
0.400203 0.771523 27.010667 0.000000
0.420213 0.767110 27.015301 0.000000
0.440223 0.770159 27.024432 0.000000
0.460233 0.771608 27.017430 0.000000
0.480243 0.769766 27.012203 0.000000
0.500254 0.772294 27.012553 0.000000
0.520264 0.771212 27.014525 0.000000
0.540274 0.771974 27.020546 0.000000
0.560284 0.775812 27.020899 0.000000
0.580294 0.772168 27.008132 0.000000
0.600304 0.774325 27.010710 0.000000
0.620314 0.775565 27.018101 0.000000
0.640325 0.774190 27.007692 0.000000
0.660335 0.777347 27.002034 0.000000
0.680345 0.775068 27.009180 0.000000
0.700355 0.775459 27.019121 0.000000
0.720365 0.779248 27.024944 0.000000
0.740375 0.776664 27.021319 0.000000
0.760385 0.780204 27.025227 0.000000
0.780396 0.778725 27.022022 0.000000
0.800406 0.777907 27.014545 0.000000
0.820416 0.782702 27.023636 0.000000
0.840426 0.779400 27.020440 0.000000
0.860436 0.782620 27.018531 0.000000
0.880446 0.782039 27.020559 0.000000
0.900456 0.782831 27.013778 0.000000
0.920467 0.785147 27.011271 0.000000
0.940477 0.783009 27.012326 0.000000
0.960487 0.784979 27.012222 0.000000
0.980497 0.787367 27.018994 0.000000
1.000507 0.785075 27.025227 0.000000
1.020517 0.788045 27.036243 0.000000
1.040528 0.786595 27.030734 0.000000
1.060538 0.787637 27.014749 0.000000
1.080548 0.791136 27.021029 0.000000
1.100558 0.787843 27.018444 0.000000
1.120568 0.790997 27.005650 0.000000
1.140578 0.791835 27.010575 0.000000
1.160588 0.791505 27.015086 0.000000
1.180599 0.794236 27.026592 0.000000
1.200609 0.792926 27.032644 0.000000
1.220619 0.794078 27.016457 0.000000
1.240629 0.796846 27.006364 0.000000
1.260639 0.795548 27.005486 0.000000
1.280649 0.797970 27.019429 0.000000
1.300659 0.797209 27.025475 0.000000
1.320670 0.797734 27.015491 0.000000
1.340680 0.801209 27.009438 0.000000
1.360690 0.798391 27.014773 0.000000
1.380700 0.799474 27.020000 0.000000
1.400710 0.802067 27.014915 0.000000
1.420720 0.801208 27.008045 0.000000
1.440730 0.804714 27.017278 0.000000
1.460741 0.802332 27.020899 0.000000
1.480751 0.803844 27.020565 0.000000
1.500761 0.805859 27.014884 0.000000
1.520771 0.805132 27.010057 0.000000
1.540781 0.806824 27.009942 0.000000
1.560791 0.806072 27.014762 0.000000
1.580801 0.806984 27.016364 0.000000
1.600812 0.809739 27.009829 0.000000
1.620822 0.808367 27.002093 0.000000
1.640832 0.809495 27.011657 0.000000
1.660842 0.810077 27.019882 0.000000
1.680852 0.809995 27.018757 0.000000
1.700862 0.812856 27.016331 0.000000
1.720872 0.811212 27.014483 0.000000
1.740883 0.811685 27.014824 0.000000
1.760893 0.814020 27.021029 0.000000
1.780903 0.812790 27.023765 0.000000
1.800913 0.814079 27.019653 0.000000
1.820923 0.813834 27.017647 0.000000
1.840933 0.813839 27.014335 0.000000
1.860943 0.816514 27.013103 0.000000
1.880954 0.814127 27.017371 0.000000
1.900964 0.815307 27.024286 0.000000
1.920974 0.816002 27.017654 0.000000
1.940984 0.815293 27.025301 0.000000
1.960994 0.817800 27.034353 0.000000
1.981004 0.816565 27.017590 0.000000
2.001014 0.815898 26.999091 0.000000
2.021025 0.818604 27.006927 0.000000
2.041035 0.817011 27.020253 0.000000
2.061045 0.818472 27.021943 0.000000
2.081055 0.817638 27.024229 0.000000
2.101065 0.817104 27.031059 0.000000
2.121075 0.818605 27.034802 0.000000
2.141085 0.816316 27.021882 0.000000
2.161096 0.817618 27.020000 0.000000
2.181106 0.816862 27.019767 0.000000
2.201116 0.816665 27.016140 0.000000
2.221126 0.817622 27.019535 0.000000
2.241136 0.816305 27.025202 0.000000
2.261146 0.816055 27.017882 0.000000
2.281156 0.817684 27.012398 0.000000
2.301167 0.816090 27.015439 0.000000
2.321177 0.817227 27.021775 0.000000
2.341187 0.816821 27.025311 0.000000
2.361197 0.815498 27.020488 0.000000
2.381207 0.817268 27.021676 0.000000
2.401217 0.815889 27.021257 0.000000
2.421227 0.814952 27.017485 0.000000
2.441238 0.815578 27.024706 0.000000
2.461248 0.814025 27.020230 0.000000
2.481258 0.815132 27.015029 0.000000
2.501268 0.812795 27.011598 0.000000
2.521278 0.813349 27.007907 0.000000
2.541288 0.813016 27.005876 0.000000
2.561298 0.811757 27.010361 0.000000
2.581309 0.812449 27.017528 0.000000
2.601319 0.811186 27.029708 0.000000
2.621329 0.810434 27.029379 0.000000
2.641339 0.810463 27.019181 0.000000
2.661349 0.810030 27.022824 0.000000
2.681359 0.809094 27.030930 0.000000
2.701369 0.808892 27.031364 0.000000
2.721380 0.807456 27.024046 0.000000
2.741390 0.807141 27.011860 0.000000
2.761400 0.806433 27.021714 0.000000
2.781410 0.804829 27.022857 0.000000
2.801420 0.805380 27.023409 0.000000
2.821430 0.804009 27.025581 0.000000
2.841440 0.802012 27.023721 0.000000
2.861451 0.802456 27.032273 0.000000
2.881461 0.801511 27.028889 0.000000
2.901471 0.800721 27.027456 0.000000
2.921481 0.799452 27.021136 0.000000
2.941491 0.799419 27.016497 0.000000
2.961501 0.797278 27.018864 0.000000
2.981511 0.796965 27.031243 0.000000
3.001522 0.797340 27.021229 0.000000
3.021532 0.795803 27.017079 0.000000
3.041542 0.793924 27.016854 0.000000
3.061552 0.794671 27.019886 0.000000
3.081562 0.792652 27.017727 0.000000
3.101572 0.792113 27.015367 0.000000
3.121583 0.791282 27.013793 0.000000
3.141593 0.602586 27.011220 0.000000
3.161603 0.718103 27.016558 0.000000
3.181613 0.737895 27.016000 0.000000
3.201623 0.745403 27.008911 0.000000
3.221633 0.753466 27.016000 0.000000
3.241643 0.758813 27.037438 0.000000
3.261654 0.760690 27.037513 0.000000
3.281664 0.764079 27.022944 0.000000
3.301674 0.764508 27.018109 0.000000
3.321684 0.765224 27.011546 0.000000
3.341694 0.768251 27.026533 0.000000
3.361704 0.768154 27.031917 0.000000
3.381714 0.767877 27.041649 0.000000
3.401725 0.770627 27.040000 0.000000
3.421735 0.769639 27.019267 0.000000
3.441745 0.772381 27.016800 0.000000
3.461755 0.770700 27.010309 0.000000
3.481765 0.771801 27.017462 0.000000
3.501775 0.772265 27.024293 0.000000
3.521785 0.771773 27.017320 0.000000
3.541796 0.772403 27.021128 0.000000
3.561806 0.771729 27.021523 0.000000
3.581816 0.771936 27.021443 0.000000
3.601826 0.773382 27.024975 0.000000
3.621836 0.772724 27.023579 0.000000
3.641846 0.772577 27.018492 0.000000
3.661856 0.771502 27.013404 0.000000
3.681867 0.772645 27.014129 0.000000
3.701877 0.773494 27.007957 0.000000
3.721887 0.773657 27.017172 0.000000
3.741897 0.771620 27.025340 0.000000
3.761907 0.773662 27.033125 0.000000
3.781917 0.774949 27.030303 0.000000
3.801927 0.774452 27.021224 0.000000
3.821938 0.774901 27.011489 0.000000
3.841948 0.774199 27.006061 0.000000
3.861958 0.776403 27.009263 0.000000
3.881968 0.777115 27.016000 0.000000
3.901978 0.776005 27.019897 0.000000
3.921988 0.776919 27.024421 0.000000
3.941998 0.777249 27.032410 0.000000
3.962009 0.778718 27.038333 0.000000
3.982019 0.778775 27.043673 0.000000
4.002029 0.777920 27.031489 0.000000
4.022039 0.780465 27.018776 0.000000
4.042049 0.781772 27.015368 0.000000
4.062059 0.780285 27.016458 0.000000
4.082069 0.782001 27.021361 0.000000
4.102080 0.781570 27.022383 0.000000
4.122090 0.783022 27.022947 0.000000
4.142100 0.784349 27.023542 0.000000
4.162110 0.782610 27.026531 0.000000
4.182120 0.784975 27.043676 0.000000
4.202130 0.784832 27.031546 0.000000
4.222140 0.785452 27.017592 0.000000
4.242151 0.787196 27.024894 0.000000
4.262161 0.785297 27.029845 0.000000
4.282171 0.787628 27.020952 0.000000
4.302181 0.787723 27.017382 0.000000
4.322191 0.788217 27.009474 0.000000
4.342201 0.789039 27.018051 0.000000
4.362211 0.788627 27.032473 0.000000
4.382222 0.789525 27.030309 0.000000
4.402232 0.792140 27.024894 0.000000
4.422242 0.789735 27.011368 0.000000
4.442252 0.791792 27.023102 0.000000
4.462262 0.791913 27.030457 0.000000
4.482272 0.791862 27.024918 0.000000
4.502282 0.793874 27.021990 0.000000
4.522293 0.791328 27.012340 0.000000
4.542303 0.793498 27.022246 0.000000
4.562313 0.794226 27.036632 0.000000
4.582323 0.793442 27.032083 0.000000
4.602333 0.794654 27.020860 0.000000
4.622343 0.793882 27.019679 0.000000
4.642353 0.794960 27.018125 0.000000
4.662364 0.796810 27.017514 0.000000
4.682374 0.792098 27.009282 0.000000
4.702384 0.795485 27.011011 0.000000
4.722394 0.794316 27.007126 0.000000
4.742404 0.794585 27.015141 0.000000
4.762414 0.796105 27.024509 0.000000
4.782424 0.793572 27.021421 0.000000
4.802435 0.795684 27.022197 0.000000
4.822445 0.796078 27.020667 0.000000
4.842455 0.794738 27.019540 0.000000
4.862465 0.796460 27.010169 0.000000
4.882475 0.795019 27.010805 0.000000
4.902485 0.795679 27.013333 0.000000
4.922495 0.798202 27.011685 0.000000
4.942506 0.793686 27.018851 0.000000
4.962516 0.798576 27.014972 0.000000
4.982526 0.796118 27.003721 0.000000
5.002536 0.796304 27.008409 0.000000
5.022546 0.799405 27.015723 0.000000
5.042556 0.795888 27.009438 0.000000
5.062567 0.797187 27.009829 0.000000
5.082577 0.798068 27.010286 0.000000
5.102587 0.796177 27.010562 0.000000
5.122597 0.798480 27.018140 0.000000
5.142607 0.795898 27.017273 0.000000
5.162617 0.796239 27.011934 0.000000
5.182627 0.798857 27.016744 0.000000
5.202638 0.793958 27.018757 0.000000
5.222648 0.797070 27.008000 0.000000
5.242658 0.794983 27.011556 0.000000
5.262668 0.794314 27.025202 0.000000
5.282678 0.797068 27.027200 0.000000
5.302688 0.791336 27.019218 0.000000
5.322698 0.794740 27.016045 0.000000
5.342709 0.793837 27.012584 0.000000
5.362719 0.790858 27.012486 0.000000
5.382729 0.793782 27.013184 0.000000
5.402739 0.789722 27.018636 0.000000
5.422749 0.790880 27.021029 0.000000
5.442759 0.793080 27.022762 0.000000
5.462769 0.786813 27.020565 0.000000
5.482780 0.790988 27.012045 0.000000
5.502790 0.788329 27.008000 0.000000
5.522800 0.785827 27.007955 0.000000
5.542810 0.790728 27.007684 0.000000
5.562820 0.783701 27.007956 0.000000
5.582830 0.786313 27.007630 0.000000
5.602840 0.785885 27.009149 0.000000
5.622851 0.782608 27.014023 0.000000
5.642861 0.786844 27.010169 0.000000
5.662871 0.782244 27.010562 0.000000
5.682881 0.781619 27.014863 0.000000
5.702891 0.784281 27.017110 0.000000
5.722901 0.778604 27.019243 0.000000
5.742911 0.782544 27.016045 0.000000
5.762922 0.779100 27.013111 0.000000
5.782932 0.777893 27.015738 0.000000
5.802942 0.781990 27.014651 0.000000
5.822952 0.775165 27.008889 0.000000
5.842962 0.777734 27.008588 0.000000
5.862972 0.778615 27.004889 0.000000
5.882982 0.773798 27.009836 0.000000
5.902993 0.777190 27.016222 0.000000
5.923003 0.772624 27.009670 0.000000
5.943013 0.773013 27.009832 0.000000
5.963023 0.775470 27.020112 0.000000
5.983033 0.771250 27.018495 0.000000
6.003043 0.773986 27.021676 0.000000
6.023053 0.771714 27.022418 0.000000
6.043064 0.770178 27.010330 0.000000
6.063074 0.773449 27.006742 0.000000
6.083084 0.767297 27.010055 0.000000
6.103094 0.770509 27.010492 0.000000
6.123104 0.769468 27.012818 0.000000
6.143114 0.766652 27.011183 0.000000
6.163124 0.770727 27.019669 0.000000
6.183135 0.766451 27.017268 0.000000
6.203145 0.766385 27.012376 0.000000
6.223155 0.769032 27.009297 0.000000
6.243165 0.764763 27.010279 0.000000
6.263175 0.767147 27.013548 0.000000
