serial number: RI70_21217414
torque: 8
start_temp: 26 (27)
finish_temp: 26 (27)
note: po poprawkach z flansza wyjsciowa, z radiatorem
0.000000 0.451874 26.166818 11405.835227
0.020010 0.452915 26.133029 11436.285714
0.040020 0.451333 26.125587 11479.508380
0.060030 0.454823 26.148114 11508.074286
0.080041 0.452318 26.137572 11543.855491
0.100051 0.453585 26.126292 11581.617978
0.120061 0.455732 26.168636 11608.494318
0.140071 0.452467 26.143556 11648.505556
0.160081 0.455423 26.149827 11675.947977
0.180091 0.454124 26.113636 11709.522727
0.200101 0.452959 26.117095 11745.765363
0.220112 0.456117 26.117688 11775.294798
0.240122 0.450892 26.141469 11813.096045
0.260132 0.453190 26.143825 11848.617486
0.280142 0.452468 26.153898 11885.028249
0.300152 0.450467 26.170682 11926.869318
0.320162 0.453005 26.150455 11961.625000
0.340172 0.449488 26.117318 12005.687151
0.360183 0.450875 26.176760 12045.519553
0.380193 0.451728 26.188764 12085.898876
0.400203 0.448395 26.150400 12129.622857
0.420213 0.450625 26.135141 12165.333333
0.440223 0.448773 26.139890 12209.834254
0.460233 0.445422 26.160674 12247.595506
0.480243 0.448437 26.193933 12285.000000
0.500254 0.443174 26.190538 12327.059140
0.520264 0.444871 26.170395 12359.214689
0.540274 0.443475 26.138771 12398.296089
0.560284 0.440295 26.161290 12434.198925
0.580294 0.444248 26.155028 12465.898305
0.600304 0.438747 26.133187 12508.329670
0.620314 0.439902 26.182637 12537.478022
0.640325 0.439219 26.185856 12576.988950
0.660335 0.435361 26.175435 12616.222826
0.680345 0.438231 26.160219 12646.142077
0.700355 0.434843 26.149947 12692.812834
0.720365 0.433937 26.156503 12723.819672
0.740375 0.436601 26.163478 12764.369565
0.760385 0.430659 26.121053 12807.563158
0.780396 0.434208 26.138771 12836.016760
0.800406 0.434061 26.141538 12879.670330
0.820416 0.431708 26.158717 12910.689840
0.840426 0.436109 26.141739 12945.668478
0.860436 0.430710 26.133684 12984.200000
0.880446 0.432406 26.176044 13011.890110
0.900456 0.432589 26.168936 13046.718085
0.920467 0.428750 26.152088 13079.252747
0.940477 0.431913 26.143617 13104.686170
0.960487 0.429346 26.120851 13141.712766
0.980497 0.428118 26.150323 13167.107527
1.000507 0.430401 26.140421 13199.642105
1.020517 0.426218 26.160216 13231.951351
1.040528 0.430152 26.135000 13257.570652
1.060538 0.427510 26.174468 13293.622340
1.080548 0.423716 26.161885 13323.031414
1.100558 0.428225 26.145435 13357.076087
1.120568 0.421211 26.168298 13390.489362
1.140578 0.424151 26.203125 13424.364583
1.160588 0.423024 26.195344 13459.174603
1.180599 0.418779 26.165864 13496.204188
1.200609 0.422125 26.142618 13530.565445
1.220619 0.417413 26.146875 13569.020833
1.240629 0.416661 26.120842 13605.778947
1.260639 0.419096 26.139167 13642.562500
1.280649 0.412867 26.141856 13681.932990
1.300659 0.417603 26.137592 13719.544503
1.320670 0.414525 26.158763 13759.690722
1.340680 0.411916 26.160000 13799.717949
1.360690 0.417334 26.141571 13840.382199
1.380700 0.409501 26.128980 13881.821429
1.400710 0.413209 26.171875 13923.510417
1.420720 0.411511 26.143317 13966.356784
1.440730 0.407937 26.144615 14010.020513
1.460741 0.411643 26.163636 14053.588235
1.480751 0.405961 26.091073 14099.316384
1.500761 0.407489 26.082118 14145.182353
1.520771 0.409076 26.082118 14191.788235
1.540781 0.404153 26.097674 14239.441860
1.560791 0.409803 26.082775 14288.433526
1.580801 0.406804 26.107442 14338.976744
1.600812 0.404682 26.103584 14389.595376
1.620822 0.410219 26.141754 14442.824561
1.640832 0.403643 26.098246 14496.450292
1.660842 0.406214 26.115581 14551.383721
1.680852 0.403908 26.107126 14607.931034
1.700862 0.400080 26.101965 14665.468208
1.720872 0.405152 26.104000 14724.720000
1.740883 0.400735 26.100343 14785.462857
1.760893 0.401750 26.103678 14846.522989
1.780903 0.404552 26.099770 14910.568966
1.800913 0.400139 26.095771 14974.617143
1.820923 0.405180 26.086550 15039.578947
1.840933 0.401500 26.089371 15107.508571
1.860943 0.397947 26.101695 15173.502825
1.880954 0.403897 26.083931 15243.797688
1.900964 0.397179 26.095506 15315.606742
1.920974 0.400668 26.090575 15385.103448
1.940984 0.399117 26.088409 15460.988636
1.960994 0.396457 26.071543 15533.057143
1.981004 0.400735 26.084270 15608.679775
2.001014 0.394779 26.098514 15690.297143
2.021025 0.396016 26.085363 15762.234637
2.041035 0.397791 26.112326 15842.529070
2.061045 0.393724 26.152486 15923.685083
2.081055 0.399379 26.088636 16003.244318
2.101065 0.396091 26.089609 16092.156425
2.121075 0.394881 26.094023 16170.885057
2.141085 0.400254 26.126067 16256.808989
2.161096 0.394079 26.126857 15506.468571
2.181106 0.397628 26.130444 43.944444
2.201116 0.396515 26.114350 138.570621
2.221126 0.394812 26.110629 226.885714
2.241136 0.399987 26.102629 308.737143
2.261146 0.394575 26.138636 405.880682
2.281156 0.397550 26.100559 488.329609
2.301167 0.398107 26.071314 577.291429
2.321177 0.394393 26.096983 670.396648
2.341187 0.398448 26.110629 746.314286
2.361197 0.395224 26.123575 839.061453
2.381207 0.394326 26.087416 920.814607
2.401217 0.398859 26.124598 998.706897
2.421227 0.392814 26.126374 1090.346154
2.441238 0.396359 26.131034 1161.867816
2.461248 0.394204 26.093714 1242.262857
2.481258 0.391554 26.087151 1324.413408
2.501268 0.396919 26.105227 1390.045455
2.521278 0.391863 26.139227 1474.762431
2.541288 0.394573 26.088182 1544.181818
2.561298 0.394833 26.129143 1610.994286
2.581309 0.391035 26.104309 1692.060773
2.601319 0.394829 26.126034 1750.502793
2.621329 0.390266 26.143596 1824.320225
2.641339 0.389139 26.120670 1892.301676
2.661349 0.393802 26.133855 1947.843575
2.681359 0.388220 26.108889 2023.172222
2.701369 0.392933 26.100782 2078.067039
2.721380 0.392380 26.151508 2137.754190
2.741390 0.389819 26.143371 2205.078652
2.761400 0.394764 26.140113 2250.796610
2.781410 0.389067 26.120440 2316.961538
2.801420 0.390983 26.116464 2371.624309
2.821430 0.392202 26.103051 2419.158192
2.841440 0.388728 26.096612 2485.961749
2.861451 0.392483 26.085257 2528.274286
2.881461 0.389130 26.102418 2586.137363
2.901471 0.388534 26.098079 2641.316384
2.921481 0.392720 26.141778 2682.755556
2.941491 0.385704 26.124920 2745.620321
2.961501 0.390411 26.122011 2789.486034
2.981511 0.387281 26.119337 2837.419890
3.001522 0.385390 26.110276 2892.453039
3.021532 0.391557 26.100899 2928.264045
3.041542 0.385605 26.121522 2983.146739
3.061552 0.388589 26.137753 3025.028090
3.081562 0.389036 26.127033 3064.065934
3.101572 0.385981 26.117318 3118.692737
3.121583 0.390010 26.123077 3148.879121
3.141593 0.386317 26.094586 3195.944751
3.161603 0.386572 26.130710 3238.846995
3.181613 0.391175 26.115281 3268.786517
3.201623 0.386982 26.118011 3317.878453
3.221633 0.391728 26.092360 3347.983146
3.241643 0.389952 26.111778 3383.333333
3.261654 0.387115 26.162000 3424.888889
3.281664 0.392774 26.143911 3448.284916
3.301674 0.386453 26.133408 3489.240223
3.321684 0.388898 26.143297 3517.945055
3.341694 0.389779 26.138305 3545.000000
3.361704 0.386068 26.145217 3584.239130
3.381714 0.390514 26.146517 3607.471910
3.401725 0.387669 26.113224 3643.087432
3.421735 0.387033 26.161117 3676.865922
3.441745 0.390830 26.148287 3702.082873
3.461755 0.386136 26.087735 3746.033149
3.481765 0.390654 26.131648 3774.873626
3.501775 0.389243 26.152768 3813.463277
3.521785 0.387386 26.140984 3858.224044
3.541796 0.393578 26.091620 3889.301676
3.561806 0.387620 26.116889 3940.572222
3.581816 0.390539 26.124494 3979.870787
3.601826 0.391339 26.116464 4021.784530
3.621836 0.388649 26.110989 4073.835165
3.641846 0.392876 26.145000 4111.676136
3.661856 0.389089 26.119778 4163.455556
3.681867 0.388976 26.157528 4204.432584
3.701877 0.392998 26.153224 4246.431694
3.721887 0.389979 26.124545 4296.318182
3.741897 0.395151 26.094667 4330.761111
3.761907 0.394904 26.105000 4376.539773
3.781917 0.393229 26.120449 4414.106742
3.801927 0.399692 26.170930 4449.069767
3.821938 0.393886 26.171556 4491.305556
3.841948 0.395821 26.122938 4521.361582
3.861958 0.396358 26.142123 4558.357542
3.881968 0.394793 26.110444 4592.755556
3.901978 0.399387 26.132632 4620.888889
3.921988 0.397766 26.117079 4657.915730
3.941998 0.398370 26.119091 4682.426136
3.962009 0.402949 26.116782 4714.074713
3.982019 0.399291 26.128136 4743.723164
4.002029 0.403984 26.144046 4767.757225
4.022039 0.403778 26.164624 4800.815029
4.042049 0.402364 26.168506 4824.775862
4.062059 0.408467 26.149302 4852.877907
4.082069 0.403432 26.156069 4886.127168
4.102080 0.406407 26.129070 4909.052326
4.122090 0.408969 26.126627 4943.946746
4.142100 0.316512 26.078852 4976.102459
4.162110 0.378593 26.113488 5005.962791
4.182120 0.394233 26.139243 5042.681081
4.202130 0.393716 26.107463 5067.696517
4.222140 0.401257 26.109307 5106.698020
4.242151 0.401481 26.112438 5143.084577
4.262161 0.406623 26.138071 5173.131980
4.282171 0.407842 26.142335 5218.436548
4.302181 0.405220 26.139175 5246.298969
4.322191 0.412999 26.101538 5285.861538
4.342201 0.408934 26.162857 5327.943878
4.362211 0.412134 26.178333 5357.218750
4.382222 0.415039 26.130515 5404.257732
4.402232 0.412743 26.090570 5437.979275
4.422242 0.419121 26.129583 5477.260417
4.442252 0.415720 26.106250 5527.036458
4.462262 0.417708 26.099894 5557.396825
4.482272 0.421269 26.112670 5608.612565
4.502282 0.417941 26.096907 5652.201031
4.522293 0.422870 26.124536 5692.402062
4.542303 0.421427 26.131123 5749.117647
4.562313 0.420334 26.111667 5785.348958
4.582323 0.426543 26.128352 5837.780220
4.602333 0.421025 26.110417 5888.817708
4.622343 0.424965 26.132834 5930.262032
4.642353 0.425722 26.106455 5990.857143
4.662364 0.423337 26.127273 6034.689840
4.682374 0.427715 26.117447 6087.510638
4.702384 0.424777 26.103579 6150.221053
4.722394 0.427039 26.121720 6192.655914
4.742404 0.430587 26.104301 6256.935484
4.762414 0.428522 26.103226 6310.327957
4.782424 0.432953 26.144255 6364.393617
4.802435 0.432215 26.148197 6434.879781
4.822445 0.431697 26.108043 6481.831522
4.842455 0.437575 26.145870 6547.423913
4.862465 0.432270 26.131648 6612.708791
4.882475 0.435976 26.110870 6666.869565
4.902485 0.436654 26.132043 6741.806452
4.922495 0.433989 26.079570 6801.284946
4.942506 0.437916 26.094945 6868.796703
4.962516 0.434439 26.092193 6947.518717
4.982526 0.436321 26.096796 7007.486188
5.002536 0.439214 26.105217 7086.184783
5.022546 0.436833 26.082418 7161.120879
5.042556 0.440495 26.110820 7231.092896
5.062567 0.439630 26.127473 7319.796703
5.082577 0.438672 26.102889 7389.172222
5.102587 0.442999 26.148571 7469.274725
5.122597 0.438325 26.124278 7559.941176
5.142607 0.442238 26.141257 7631.377143
5.162617 0.442961 26.175187 7721.620321
5.182627 0.440899 26.145843 7807.488764
5.202638 0.446202 26.121364 7885.465909
5.222648 0.443668 26.150110 7982.104396
5.242658 0.445769 26.147845 8063.005525
5.262668 0.447506 26.168409 8149.869318
5.282678 0.445733 26.147104 8248.956284
5.302688 0.449274 26.124746 8328.169492
5.322698 0.448816 26.158667 8425.233333
5.342709 0.448508 26.171429 8515.222857
5.362719 0.451550 26.124889 8596.050000
5.382729 0.448078 26.114382 8700.376404
5.402739 0.450516 26.126102 8777.774011
5.422749 0.450331 26.123352 8865.391061
5.442759 0.448447 26.141921 8963.819209
5.462769 0.452124 26.105922 9036.681564
5.482780 0.449191 26.120447 9135.195531
5.502790 0.450415 26.142346 9218.351955
5.522800 0.451996 26.143409 9292.965909
5.542810 0.450695 26.152727 9391.948864
5.562820 0.452475 26.118427 9458.421348
5.582830 0.450271 26.104633 9540.146893
5.602840 0.450832 26.078636 9624.732955
5.622851 0.451925 26.118418 9684.666667
5.642861 0.448829 26.150110 9774.912088
5.662871 0.451584 26.143955 9838.005650
5.682881 0.451097 26.154350 9901.864407
5.702891 0.448876 26.111381 9985.287293
5.722901 0.453303 26.157701 10036.114943
5.742911 0.448629 26.146818 10108.914773
5.762922 0.451963 26.130387 10173.314917
5.782932 0.452333 26.148701 10224.395480
5.802942 0.451247 26.131299 10301.898305
5.822952 0.454337 26.129371 10347.691429
5.842962 0.452398 26.122938 10406.446328
5.862972 0.452897 26.154831 10471.679775
5.882982 0.455083 26.135141 10513.418079
5.902993 0.452576 26.199774 10581.943503
5.923003 0.455195 26.174023 10626.080460
5.943013 0.455854 26.153563 10672.620690
5.963023 0.454339 26.143182 10736.556818
5.983033 0.458410 26.145028 10772.150838
6.003043 0.452968 26.125714 10828.622857
6.023053 0.454781 26.118870 10874.451977
6.043064 0.455278 26.093714 10911.851429
6.063074 0.453620 26.115429 10969.760000
6.083084 0.455209 26.175593 11003.039548
6.103094 0.453207 26.147486 11048.938547
6.123104 0.454176 26.176322 11096.925287
6.143114 0.455340 26.150168 11128.664804
6.163124 0.452532 26.188800 11180.222857
6.183135 0.454605 26.154773 11214.198864
6.203145 0.453653 26.145909 11250.886364
6.223155 0.451066 26.154444 11298.027778
6.243165 0.454279 26.161379 11327.212644
6.263175 0.449155 26.145414 11369.519337
