serial number: RI70_21217414
torque: 8
start_temp: 27 (27)
finish_temp: 27 (28)
note: po poprawkach bez flanszy wyjsciowej
0.000000 0.460458 27.000000 1550.000000
0.020010 0.464437 27.000000 1550.000000
0.040020 0.457590 27.000000 1550.000000
0.060030 0.460281 27.000000 1550.000000
0.080041 0.460703 27.000000 1550.000000
0.100051 0.455549 26.996114 1550.000000
0.120061 0.460993 26.992281 1550.000000
0.140071 0.456956 27.000000 1550.000000
0.160081 0.456641 27.000000 1550.000000
0.180091 0.461446 27.000000 1550.000000
0.200101 0.453471 27.000000 1550.000000
0.220112 0.459111 27.000000 1550.000000
0.240122 0.457256 27.000000 1550.000000
0.260132 0.453776 27.000000 1550.000000
0.280142 0.458936 27.000000 1550.000000
0.300152 0.451543 27.000000 1550.000000
0.320162 0.455056 27.000000 1550.000000
0.340172 0.454912 27.002034 1550.000000
0.360183 0.449209 26.998689 1550.000000
0.380193 0.454862 26.999302 1550.000000
0.400203 0.450340 27.000000 1550.000000
0.420213 0.449765 27.000000 1550.000000
0.440223 0.454365 27.000000 1550.000000
0.460233 0.446962 27.000000 1550.000000
0.480243 0.453058 27.000000 1550.000000
0.500254 0.450655 27.000000 1550.000000
0.520264 0.446756 27.000000 1550.000000
0.540274 0.453222 27.000000 1550.000000
0.560284 0.444530 27.000000 1550.000000
0.580294 0.448713 27.000000 1550.000000
0.600304 0.447789 27.000000 1550.000000
0.620314 0.442584 26.999556 1550.000000
0.640325 0.448991 26.994831 1550.000000
0.660335 0.444254 27.000000 1550.000000
0.680345 0.443812 27.000000 1550.000000
0.700355 0.447376 27.000000 1550.000000
0.720365 0.438622 27.000000 1550.000000
0.740375 0.444635 27.000000 1550.000000
0.760385 0.441017 27.000000 1550.000000
0.780396 0.437189 27.000000 1550.000000
0.800406 0.443289 27.000000 1550.000000
0.820416 0.435130 27.000000 1550.000000
0.840426 0.438684 27.000000 1550.000000
0.860436 0.437764 27.000000 1550.000000
0.880446 0.432428 27.000000 1550.000000
0.900456 0.438519 27.000000 1550.000000
0.920467 0.433745 27.000000 1550.000000
0.940477 0.433672 27.000000 1550.000000
0.960487 0.436778 27.000000 1550.000000
0.980497 0.429227 27.000000 1550.000000
1.000507 0.435916 27.000000 1550.000000
1.020517 0.432099 27.000000 1550.000000
1.040528 0.428653 27.000000 1550.000000
1.060538 0.435116 27.000000 1550.000000
1.080548 0.426349 27.000000 1550.000000
1.100558 0.430187 27.004444 1550.000000
1.120568 0.427869 27.000870 1550.000000
1.140578 0.422188 27.000000 1550.000000
1.160588 0.427642 27.000000 1550.000000
1.180599 0.421495 27.000000 1550.000000
1.200609 0.421888 27.000000 1550.000000
1.220619 0.424584 27.000000 1550.000000
1.240629 0.417702 27.000000 1550.000000
1.260639 0.424544 27.000000 1550.000000
1.280649 0.419286 26.999375 1550.000000
1.300659 0.416048 26.989430 1550.000000
1.320670 0.422360 26.995532 1550.000000
1.340680 0.413185 27.000000 1550.000000
1.360690 0.417617 26.996859 1550.000000
1.380700 0.415664 26.997927 1550.000000
1.400710 0.411232 27.003918 1550.000000
1.420720 0.417422 27.008254 1550.000000
1.440730 0.410610 27.003434 1550.000000
1.460741 0.412683 27.000000 1550.000000
1.480751 0.414836 27.000000 1550.000000
1.500761 0.408194 26.991759 1550.000000
1.520771 0.415702 26.998135 1550.000000
1.540781 0.410563 27.000000 1550.000000
1.560791 0.408173 27.000000 1550.000000
1.580801 0.415283 27.000000 1550.000000
1.600812 0.405954 27.000000 1550.000000
1.620822 0.411093 27.000000 1550.000000
1.640832 0.408975 27.000000 1550.000000
1.660842 0.404570 27.000000 1550.000000
1.680852 0.411176 27.000000 1550.000000
1.700862 0.403939 27.000000 1550.000000
1.720872 0.405294 27.000000 1550.000000
1.740883 0.406496 27.000000 1550.000000
1.760893 0.400458 27.000000 1550.000000
1.780903 0.407289 27.000000 1550.000000
1.800913 0.402012 27.004020 1550.000000
1.820923 0.399707 27.001005 1550.000000
1.840933 0.406095 26.998571 1550.000000
1.860943 0.397359 26.996471 1550.000000
1.880954 0.403132 27.000000 1550.000000
1.900964 0.401157 27.000000 1550.000000
1.920974 0.397394 27.000000 1550.000000
1.940984 0.404423 27.000000 1550.000000
1.960994 0.396950 27.000000 1550.000000
1.981004 0.399892 27.000000 1550.000000
2.001014 0.400799 27.000000 1550.000000
2.021025 0.395612 27.000000 1550.000000
2.041035 0.401689 27.000000 1550.000000
2.061045 0.397044 27.000000 1550.000000
2.081055 0.396038 27.000000 1550.000000
2.101065 0.402405 27.000000 1550.000000
2.121075 0.394869 26.999600 1550.000000
2.141085 0.400494 26.995400 1550.000000
2.161096 0.398547 27.000000 1550.000000
2.181106 0.394396 27.000000 1550.000000
2.201116 0.401274 27.000000 1550.000000
2.221126 0.393870 27.000000 1550.000000
2.241136 0.396687 27.000000 1550.000000
2.261146 0.397754 26.997943 1550.000000
2.281156 0.393419 26.996364 1550.000000
2.301167 0.399409 26.994802 1550.000000
2.321177 0.394847 26.995429 1550.000000
2.341187 0.393657 26.998462 1550.000000
2.361197 0.399194 27.000000 1550.000000
2.381207 0.391714 27.000000 1550.000000
2.401217 0.397469 27.000000 1550.000000
2.421227 0.395908 27.000000 1550.000000
2.441238 0.393323 27.000000 1550.000000
2.461248 0.400545 27.000000 1550.000000
2.481258 0.393375 27.000000 1550.000000
2.501268 0.396084 27.000000 1550.000000
2.521278 0.395849 26.996180 1550.000000
2.541288 0.391775 26.998182 1550.000000
2.561298 0.397516 27.000000 1550.000000
2.581309 0.392661 27.000000 1550.000000
2.601319 0.392085 27.000000 1550.000000
2.621329 0.397767 27.000000 1550.000000
2.641339 0.390700 27.000000 1550.000000
2.661349 0.396080 27.000000 1550.000000
2.681359 0.393258 27.000000 1550.000000
2.701369 0.389953 27.000000 1550.000000
2.721380 0.397464 27.000000 1550.000000
2.741390 0.390482 27.000000 1550.000000
2.761400 0.393902 27.000000 1550.000000
2.781410 0.393731 27.000000 1550.000000
2.801420 0.389347 27.000000 1550.000000
2.821430 0.394805 27.000000 1550.000000
2.841440 0.389828 27.000000 1550.000000
2.861451 0.389443 27.002444 1550.000000
2.881461 0.394543 27.003164 1550.000000
2.901471 0.388441 27.000000 1550.000000
2.921481 0.395162 27.000000 1550.000000
2.941491 0.391822 27.000000 1550.000000
2.961501 0.389594 27.005275 1550.000000
2.981511 0.396546 27.000229 1550.000000
3.001522 0.388790 27.000000 1550.000000
3.021532 0.393660 27.000000 1550.000000
3.041542 0.393055 27.000000 1550.000000
3.061552 0.388935 27.000000 1550.000000
3.081562 0.394742 27.000000 1550.000000
3.101572 0.390440 27.000000 1550.000000
3.121583 0.391560 27.000000 1550.000000
3.141593 0.395578 27.000000 1550.000000
3.161603 0.389384 27.000000 1550.000000
3.181613 0.396205 27.000000 1550.000000
3.201623 0.393440 27.000000 1550.000000
3.221633 0.391913 27.000000 1550.000000
3.241643 0.399483 27.000000 1550.000000
3.261654 0.391624 27.000000 1550.000000
3.281664 0.394564 27.000000 1550.000000
3.301674 0.393476 27.000000 1550.000000
3.321684 0.390107 27.000000 1550.000000
3.341694 0.396000 27.000000 1550.000000
3.361704 0.390377 27.000000 1550.000000
3.381714 0.390807 27.000000 1550.000000
3.401725 0.394842 27.000000 1550.000000
3.421735 0.389214 27.000000 1550.000000
3.441745 0.394861 27.000000 1550.000000
3.461755 0.392740 27.000000 1550.000000
3.481765 0.391307 27.000000 1550.000000
3.501775 0.399318 27.000000 1550.000000
3.521785 0.393484 27.000000 1550.000000
3.541796 0.398046 27.000000 1550.000000
3.561806 0.398454 27.000000 1550.000000
3.581816 0.395948 27.000000 1550.000000
3.601826 0.402129 27.000000 1550.000000
3.621836 0.397668 27.000000 1550.000000
3.641846 0.399382 27.000000 1550.000000
3.661856 0.403889 27.000000 1550.000000
3.681867 0.399391 27.000000 1550.000000
3.701877 0.405161 27.000000 1550.000000
3.721887 0.402880 27.000000 1550.000000
3.741897 0.401222 27.000000 1550.000000
3.761907 0.408671 27.000000 1550.000000
3.781917 0.402142 27.000000 1550.000000
3.801927 0.406650 27.000000 1550.000000
3.821938 0.407777 26.996122 1550.000000
3.841948 0.405322 26.993737 1550.000000
3.861958 0.411360 27.000000 1550.000000
3.881968 0.406789 27.000000 1550.000000
3.901978 0.409339 27.000000 1550.000000
3.921988 0.413657 27.000000 1550.000000
3.941998 0.410435 27.000000 1550.000000
3.962009 0.417185 27.000000 1550.000000
3.982019 0.415889 27.000000 1550.000000
4.002029 0.415006 26.998333 1550.000000
4.022039 0.422192 26.996402 1550.000000
4.042049 0.416265 27.000000 1550.000000
4.062059 0.420928 27.000000 1550.000000
4.082069 0.421967 27.000000 1550.000000
4.102080 0.418931 27.000000 1550.000000
4.122090 0.424861 27.000000 1550.000000
4.142100 0.422043 26.993053 1550.000000
4.162110 0.425509 26.996402 1550.000000
4.182120 0.429808 27.000000 1550.000000
4.202130 0.426934 27.000000 1550.000000
4.222140 0.433148 27.000000 1550.000000
4.242151 0.432112 27.000000 1550.000000
4.262161 0.431130 27.000000 1550.000000
4.282171 0.438276 27.000000 1550.000000
4.302181 0.432003 27.000000 1550.000000
4.322191 0.436736 27.000000 1550.000000
4.342201 0.437161 27.003478 1550.000000
4.362211 0.434899 27.001925 1550.000000
4.382222 0.441278 27.000000 1550.000000
4.402232 0.436644 27.000000 1550.000000
4.422242 0.439591 27.000000 1550.000000
4.442252 0.442601 27.000000 1550.000000
4.462262 0.439901 27.000000 1550.000000
4.482272 0.445093 27.000000 1550.000000
4.502282 0.444041 27.000000 1550.000000
4.522293 0.443835 27.000000 1550.000000
4.542303 0.450296 27.000000 1550.000000
4.562313 0.444934 27.000000 1550.000000
4.582323 0.449991 27.000000 1550.000000
4.602333 0.450271 27.000000 1550.000000
4.622343 0.448331 27.000000 1550.000000
4.642353 0.455046 27.005146 1550.000000
4.662364 0.450649 27.000667 1550.000000
4.682374 0.453586 27.000000 1550.000000
4.702384 0.455489 27.000000 1550.000000
4.722394 0.452734 27.000000 1550.000000
4.742404 0.457898 27.000000 1550.000000
4.762414 0.455925 27.000000 1550.000000
4.782424 0.455855 27.000000 1550.000000
4.802435 0.461620 27.000000 1550.000000
4.822445 0.457137 27.000000 1550.000000
4.842455 0.461894 27.000000 1550.000000
4.862465 0.461129 27.000000 1550.000000
4.882475 0.458637 27.000000 1550.000000
4.902485 0.463423 27.000000 1550.000000
4.922495 0.458363 27.000000 1550.000000
4.942506 0.460859 27.000000 1550.000000
4.962516 0.461240 27.000000 1550.000000
4.982526 0.458410 27.000000 1550.000000
5.002536 0.461497 27.000000 1550.000000
5.022546 0.459552 27.000000 1550.000000
5.042556 0.459640 27.000000 1550.000000
5.062567 0.462978 27.000000 1550.000000
5.082577 0.457916 27.000000 1550.000000
5.102587 0.462483 26.996343 1550.000000
5.122597 0.460894 26.997882 1550.000000
5.142607 0.459379 27.000000 1550.000000
5.162617 0.464749 26.998596 1550.000000
5.182627 0.459817 26.995706 1550.000000
5.202638 0.463731 27.000000 1550.000000
5.222648 0.464347 27.000000 1550.000000
5.242658 0.462355 27.000000 1550.000000
5.262668 0.466255 27.000000 1550.000000
5.282678 0.463917 27.000000 1550.000000
5.302688 0.464797 27.000000 1550.000000
5.322698 0.468007 27.000000 1550.000000
5.342709 0.464712 27.000000 1550.000000
5.362719 0.469325 27.000000 1550.000000
5.382729 0.467505 27.000000 1550.000000
5.402739 0.465995 27.000000 1550.000000
5.422749 0.470283 27.000000 1550.000000
5.442759 0.465191 27.000000 1550.000000
5.462769 0.468663 27.000000 1550.000000
5.482780 0.468567 27.000000 1550.000000
5.502790 0.466565 26.996571 1550.000000
5.522800 0.469540 26.997605 1550.000000
5.542810 0.465151 26.999075 1550.000000
5.562820 0.466220 26.995059 1550.000000
5.582830 0.468185 27.000000 1550.000000
5.602840 0.463431 27.000000 1550.000000
5.622851 0.468059 27.000000 1550.000000
5.642861 0.466409 27.000000 1550.000000
5.662871 0.464894 27.000000 1550.000000
5.682881 0.470141 27.000000 1550.000000
5.702891 0.464624 27.000000 1550.000000
5.722901 0.469415 27.000000 1550.000000
5.742911 0.468905 27.000000 1550.000000
5.762922 0.466459 27.000000 1550.000000
5.782932 0.470043 27.000000 1550.000000
5.802942 0.465646 27.000000 1550.000000
5.822952 0.467198 27.000000 1550.000000
5.842962 0.467909 27.000000 1550.000000
5.862972 0.462763 27.000000 1550.000000
5.882982 0.467104 27.000000 1550.000000
5.902993 0.464090 27.000000 1550.000000
5.923003 0.463163 27.000000 1550.000000
5.943013 0.468051 27.000000 1550.000000
5.963023 0.461365 27.000000 1550.000000
5.983033 0.466163 27.000000 1550.000000
6.003043 0.464632 27.000000 1550.000000
6.023053 0.462071 27.000000 1550.000000
6.043064 0.466568 27.000000 1550.000000
6.063074 0.461094 27.000000 1550.000000
6.083084 0.464827 27.000000 1550.000000
6.103094 0.466361 27.000000 1550.000000
6.123104 0.461062 27.000000 1550.000000
6.143114 0.466771 27.000000 1550.000000
6.163124 0.463889 27.000000 1550.000000
6.183135 0.462775 27.000000 1550.000000
6.203145 0.467264 27.000000 1550.000000
6.223155 0.459782 27.000000 1550.000000
6.243165 0.464630 27.000000 1550.000000
6.263175 0.463276 27.000000 1550.000000
