serial number: RI70_21217414
torque: 12
start_temp: 23 (24)
finish_temp: 23 (24)
note: przed poprawkami
0.000000 0.206308 23.000000 10823.352113
0.020010 0.216078 23.003714 10876.135714
0.040020 0.201142 23.005906 10897.624161
0.060030 0.213495 23.004167 10956.111111
0.080041 0.204568 23.000000 10987.303448
0.100051 0.199009 23.010400 11020.846667
0.120061 0.218118 23.004348 11076.826087
0.140071 0.204770 23.026575 11095.678082
0.160081 0.213685 23.016170 11143.950355
0.180091 0.212873 23.042837 11182.730496
0.200101 0.199106 23.019474 11208.901316
0.220112 0.216949 23.004823 11264.687943
0.240122 0.206131 23.011268 11286.464789
0.260132 0.206050 23.002759 11326.324138
0.280142 0.215878 23.004857 11371.550000
0.300152 0.201348 23.002148 11393.476510
0.320162 0.218614 23.000588 11444.955882
0.340172 0.213177 23.041399 11474.048951
0.360183 0.203349 23.000000 11508.173611
0.380193 0.215358 23.000000 11558.471429
0.400203 0.202788 23.000000 11582.437086
0.420213 0.212883 23.010000 11632.592857
0.440223 0.211442 23.011189 11671.825175
0.460233 0.200784 23.000000 11708.151724
0.480243 0.223933 23.016115 11765.863309
0.500254 0.212335 23.005468 11800.446043
0.520264 0.210379 23.013239 11852.816901
0.540274 0.211570 23.014825 11903.174825
0.560284 0.198908 23.000000 11945.682119
0.580294 0.215574 23.006331 12005.194245
0.600304 0.209328 23.000833 12045.902778
0.620314 0.203869 23.000000 12099.074324
0.640325 0.221725 23.020000 12151.029412
0.660335 0.205630 23.001931 12194.075862
0.680345 0.212187 23.014085 12249.514085
0.700355 0.207067 23.020690 12290.882759
0.720365 0.197441 23.000000 12341.400000
0.740375 0.216592 23.029091 12390.006993
0.760385 0.205066 23.005833 12432.500000
0.780396 0.205687 23.014085 12484.964789
0.800406 0.214504 23.000000 12524.482014
0.820416 0.200091 23.000000 12577.432258
0.840426 0.211788 23.022411 12627.163121
0.860436 0.202085 23.045906 12668.617450
0.880446 0.198461 23.000000 12727.214765
0.900456 0.211726 23.000000 12768.397163
0.920467 0.200880 23.006623 12824.026490
0.940477 0.210505 23.000000 12876.366197
0.960487 0.204516 23.000000 12915.294521
0.980497 0.195901 23.019608 12977.222222
1.000507 0.212309 23.000000 13015.597222
1.020517 0.201113 23.013333 13066.273333
1.040528 0.206516 23.012676 13118.232394
1.060538 0.206601 23.010685 13147.547945
1.080548 0.196744 23.029935 13207.135484
1.100558 0.209212 23.028169 13240.669014
1.120568 0.199527 23.000000 13280.673203
1.140578 0.196523 23.027467 13335.173333
1.160588 0.204576 23.005986 13356.979592
1.180599 0.163009 23.004831 13434.328502
1.200609 0.208294 23.003636 13449.328671
1.220619 0.202920 23.009933 13479.671141
1.240629 0.176401 23.010275 13538.353211
1.260639 0.210777 23.010000 13559.802083
1.280649 0.199768 23.009353 13612.417910
1.300659 0.200208 23.014874 13660.316583
1.320670 0.193445 23.014634 13683.243902
1.340680 0.188936 23.009390 13749.084507
1.360690 0.201774 23.011429 13777.408163
1.380700 0.194657 23.009126 13821.024272
1.400710 0.194206 23.004314 13881.602941
1.420720 0.202538 23.000000 13901.565000
1.440730 0.194192 23.004878 13968.273171
1.460741 0.206306 23.013744 14007.030769
1.480751 0.201352 23.027475 14042.166667
1.500761 0.194595 23.013846 14111.057692
1.520771 0.206097 23.003282 14132.317949
1.540781 0.197350 23.011626 14194.408867
1.560791 0.204757 23.008290 14246.098446
1.580801 0.205511 23.022798 14271.569948
1.600812 0.194207 23.009479 14345.232227
1.620822 0.209170 23.026596 14374.297872
1.640832 0.202034 23.000000 14424.470000
1.660842 0.199010 23.020000 14490.070000
1.680852 0.206833 23.015464 14511.798969
1.700862 0.194936 23.021449 14585.362319
1.720872 0.206435 23.008083 14626.766839
1.740883 0.200144 23.002400 14666.355000
1.760893 0.193239 23.002488 14740.827751
1.780903 0.210271 23.000000 14766.994536
1.800913 0.198489 23.015882 14834.872549
1.820923 0.202571 23.009897 14892.551546
1.840933 0.199062 23.009458 14925.990148
1.860943 0.190416 23.013971 15005.167464
1.880954 0.206190 23.000000 15044.319588
1.900964 0.197246 23.009709 15101.388350
1.920974 0.195937 23.009852 15173.536946
1.940984 0.205302 23.005155 15206.659794
1.960994 0.192778 23.005742 15284.287081
1.981004 0.205691 23.030625 15336.963542
2.001014 0.201740 23.010000 15384.930000
2.021025 0.189251 23.004319 15464.610329
2.041035 0.201363 23.010000 15506.555000
2.061045 0.191132 23.018095 15577.342857
2.081055 0.199875 23.006186 15643.515464
2.101065 0.205464 23.005076 15688.071066
2.121075 0.189925 23.004673 15768.098131
2.141085 0.206761 23.015208 15822.416667
2.161096 0.197697 23.011683 15881.767327
2.181106 0.194387 23.034877 15959.270936
2.201116 0.201662 23.027192 16009.512315
2.221126 0.188864 23.005308 16084.720379
2.241136 0.204508 23.010256 16153.235897
2.261146 0.199216 23.001182 16210.000000
2.281156 0.187866 23.010237 16290.213270
2.301167 0.201947 23.035758 16353.348485
2.321177 0.191029 23.002464 814.687204
2.341187 0.197230 23.014510 119.563725
2.361197 0.191965 23.009808 180.677885
2.381207 0.180425 23.003063 258.558559
2.401217 0.200262 23.006633 335.889447
2.421227 0.191395 23.004762 398.642857
2.441238 0.192041 23.000000 484.169903
2.461248 0.197680 23.009901 552.915842
2.481258 0.183795 23.018249 622.165899
2.501268 0.197905 23.009903 708.888350
2.521278 0.191395 23.000777 769.888350
2.541288 0.184830 23.008479 847.497696
2.561298 0.196498 23.000792 928.336634
2.581309 0.184563 23.011689 987.474886
2.601319 0.194499 23.014175 1074.189320
2.621329 0.193312 23.023768 1139.333333
2.641339 0.180143 23.029224 1206.228311
2.661349 0.198396 23.017313 1293.393035
2.681359 0.187555 23.009541 1346.747706
2.701369 0.190139 23.012039 1425.043689
2.721380 0.195271 23.009709 1498.077670
2.741390 0.180494 23.012800 1554.155556
2.761400 0.197703 23.025098 1642.328431
2.781410 0.193482 23.024390 1695.136585
2.801420 0.182914 23.004727 1761.822727
2.821430 0.190145 23.023883 1841.140777
2.841440 0.180384 23.002162 1885.941441
2.861451 0.193450 23.035598 1964.550239
2.881461 0.193071 23.025782 2023.322275
2.901471 0.178414 23.007671 2075.397260
2.921481 0.200236 23.019802 2153.856436
2.941491 0.188696 23.004319 2194.600939
2.961501 0.188874 23.019330 2260.200957
2.981511 0.188826 23.013333 2322.365741
3.001522 0.176547 23.023822 2365.680000
3.021532 0.196708 23.025743 2439.722772
3.041542 0.191592 23.025905 2483.047619
3.061552 0.181386 23.034234 2536.918919
3.081562 0.197745 23.020000 2604.955000
3.101572 0.183171 23.025273 2640.590909
3.121583 0.188916 23.000000 2707.872642
3.141593 0.181785 23.000000 2753.674208
3.161603 0.172172 23.005565 2797.421739
3.181613 0.193221 23.005905 2863.042857
3.201623 0.184375 23.015890 2896.296804
3.221633 0.187389 23.016952 2950.700000
3.241643 0.193761 23.016863 2998.887255
3.261654 0.177088 23.004053 3034.224670
3.281664 0.189655 23.005070 3093.816901
3.301674 0.183311 23.004545 3125.190909
3.321684 0.178506 23.000000 3169.572072
3.341694 0.191224 23.011048 3219.366667
3.361704 0.179507 23.009865 3245.708520
3.381714 0.192793 23.007184 3296.014563
3.401725 0.191244 23.004151 3328.669811
3.421735 0.175656 23.014690 3362.106195
3.441745 0.189853 23.025837 3408.124402
3.461755 0.180542 23.010480 3428.187773
3.481765 0.186430 23.000000 3468.595238
3.501775 0.188793 23.017170 3496.089623
3.521785 0.176096 23.004248 3523.676991
3.541796 0.198087 23.026601 3562.266010
3.561806 0.192112 23.043062 3585.526316
3.581816 0.181615 23.023594 3618.723502
3.601826 0.186864 23.013395 3653.958140
3.621836 0.175328 23.012641 3679.203463
3.641846 0.190299 23.005143 3718.600000
3.661856 0.192231 23.019707 3747.570732
3.681867 0.176542 23.011300 3783.730942
3.701877 0.198237 23.012020 3827.128079
3.721887 0.183645 23.025067 3860.213333
3.741897 0.184110 23.005047 3908.401869
3.761907 0.178358 23.015785 3944.587444
3.781917 0.171273 23.032586 3989.732759
3.801927 0.194166 23.020290 4040.130435
3.821938 0.189366 23.025849 4077.646226
3.841948 0.181751 23.016621 4126.707763
3.861958 0.192117 23.018654 4166.889423
3.881968 0.179224 23.019912 4208.259912
3.901978 0.191389 23.011619 4253.747619
3.921988 0.186797 23.014545 4284.521531
3.941998 0.175073 23.030517 4325.818966
3.962009 0.191036 23.019429 4362.790476
3.982019 0.181684 23.017963 4393.620370
4.002029 0.188284 23.017674 4435.381395
4.022039 0.193617 23.040773 4460.439614
4.042049 0.176763 23.017093 4499.167401
4.062059 0.190375 23.041143 4531.761905
4.082069 0.183679 23.017880 4556.147465
4.102080 0.181249 23.030631 4593.441441
4.122090 0.189782 23.021422 4614.436019
4.142100 0.177910 23.014449 4648.242291
4.162110 0.194224 23.033267 4676.405941
4.182120 0.191739 23.004381 4697.042857
4.202130 0.178617 23.017600 4730.453333
4.222140 0.193349 23.008195 4752.839024
4.242151 0.182113 23.019910 4780.076233
4.262161 0.189350 23.028571 4813.190476
4.282171 0.188118 23.011943 4832.701422
4.302181 0.175598 23.015022 4869.650655
4.322191 0.195738 23.050628 4897.560386
4.342201 0.187608 23.035849 4925.938679
4.362211 0.183586 23.012719 4966.493088
4.382222 0.186135 23.014884 4989.353488
4.402232 0.176167 23.008282 5030.590308
4.422242 0.193712 23.039809 5064.808612
4.442252 0.192072 23.015845 5093.579710
4.462262 0.179855 23.029502 5138.927602
4.482272 0.198998 23.001194 5166.532338
4.502282 0.185227 23.017169 5206.785388
4.522293 0.193010 23.040980 5246.960784
4.542303 0.191561 23.022095 5273.852381
4.562313 0.178394 23.036967 5322.345972
4.582323 0.198622 23.006579 5356.664474
4.602333 0.191333 23.000000 5395.537975
4.622343 0.187596 23.000000 5446.383648
4.642353 0.192909 23.000000 5476.262821
4.662364 0.180369 23.000000 5530.915663
4.682374 0.196071 23.012903 5574.341935
4.702384 0.191116 23.000000 5613.416667
4.722394 0.181396 23.010488 5673.682927
4.742404 0.199140 23.001854 5711.523179
4.762414 0.186611 23.004634 5767.560976
4.782424 0.195937 23.001589 5821.523179
4.802435 0.191967 23.000000 5860.949045
4.822445 0.181051 23.000000 5928.679012
4.842455 0.202024 23.000000 5972.810811
4.862465 0.192964 23.006369 6026.910828
4.882475 0.191842 23.006494 6094.045455
4.902485 0.195768 23.000000 6134.980645
4.922495 0.183532 23.018405 6207.619632
4.942506 0.202004 23.006623 6263.735099
4.962516 0.197045 23.006667 6316.626667
4.982526 0.187035 23.000000 6393.331250
5.002536 0.200216 23.000000 6442.457516
5.022546 0.189335 23.000000 6514.820513
5.042556 0.198924 23.006711 6583.248322
5.062567 0.196096 23.016516 6635.870968
5.082577 0.186715 23.002716 6720.808642
5.102587 0.209569 23.000000 6780.774648
5.122597 0.199333 23.001867 6850.680000
5.142607 0.198876 23.017895 6935.243421
5.162617 0.205828 23.029517 6993.434483
5.182627 0.191319 23.004586 7082.299363
5.202638 0.209253 23.006434 7158.174825
5.222648 0.202296 23.006133 7227.966667
5.242658 0.193056 23.014026 7322.675325
5.262668 0.203881 23.000000 7392.210884
5.282678 0.192281 23.000000 7477.509554
5.302688 0.205025 23.006897 7567.641379
5.322698 0.205944 23.000000 7637.428571
5.342709 0.192400 23.000000 7732.883871
5.362719 0.212022 23.000000 7816.139860
5.382729 0.201611 23.006711 7895.382550
5.402739 0.201984 23.006757 7993.047297
5.422749 0.201159 23.000000 8068.046667
5.442759 0.190259 23.000000 8158.246835
5.462769 0.211265 23.007042 8251.112676
5.482780 0.205974 23.007042 8324.000000
5.502790 0.199755 23.014968 8420.864516
5.522800 0.209626 23.004857 8504.614286
5.542810 0.197160 23.003355 8582.161290
5.562820 0.205870 23.023673 8680.380952
5.582830 0.196893 23.000000 8749.986577
5.602840 0.191875 23.000000 8833.974194
5.622851 0.211883 23.000000 8925.195804
5.642861 0.200985 23.002400 8989.946667
5.662871 0.205233 23.004295 9082.120805
5.682881 0.205888 23.000000 9157.937500
5.702891 0.193440 23.000000 9225.633987
5.722901 0.207955 23.000000 9317.236486
5.742911 0.198677 23.000000 9374.533784
5.762922 0.197467 23.013333 9449.633333
5.782932 0.208086 23.000000 9529.114094
5.802942 0.195556 23.000795 9580.423841
5.822952 0.208915 23.006111 9662.527778
5.842962 0.203450 23.000000 9717.787671
5.862972 0.195814 23.000000 9775.415584
5.882982 0.214900 23.000000 9853.798561
5.902993 0.201620 23.006093 9893.483444
5.923003 0.206818 23.000552 9962.972414
5.943013 0.207978 23.008671 10021.482517
5.963023 0.197097 23.004967 10062.862745
5.983033 0.218380 23.000000 10138.492754
6.003043 0.207997 23.011064 10174.297872
6.023053 0.201428 23.002914 10228.867550
6.043064 0.207051 23.001655 10293.206897
6.063074 0.195695 23.004935 10322.155844
6.083084 0.212899 23.000000 10389.657143
6.103094 0.209418 23.006849 10430.383562
6.123104 0.201358 23.006531 10470.945578
6.143114 0.220226 23.007704 10535.800000
6.163124 0.205456 23.006849 10559.863014
6.183135 0.210376 23.013793 10615.937931
6.203145 0.206348 23.006897 10662.062069
6.223155 0.195815 23.000000 10691.346154
6.243165 0.219304 23.000000 10754.548872
6.263175 0.208918 23.000000 10779.910959
