serial number: RI70_21217414
torque: 12
start_temp: 26 (26)
finish_temp: 26 (26)
note: asdfasdf
0.000000 0.276386 25.962778 6990.569444
0.020010 0.287986 25.924706 7058.014706
0.040020 0.287999 25.968333 7125.236111
0.060030 0.277112 25.929714 7216.542857
0.080041 0.285654 25.979155 7280.802817
0.100051 0.278486 25.965634 7366.647887
0.120061 0.281347 25.985000 7452.736111
0.140071 0.289524 25.955429 7523.528571
0.160081 0.275737 25.913714 7620.428571
0.180091 0.291401 25.960000 7698.718310
0.200101 0.284600 25.937391 7783.434783
0.220112 0.278961 25.955556 7882.347222
0.240122 0.287753 25.976364 7956.090909
0.260132 0.274762 25.962597 8053.246753
0.280142 0.285073 25.993143 8152.014286
0.300152 0.284937 25.965070 8232.366197
0.320162 0.272891 25.991667 8337.041667
0.340172 0.279460 25.993333 8425.236111
0.360183 0.270006 25.960526 8516.473684
0.380193 0.276680 25.974493 8620.739130
0.400203 0.284741 25.976667 8699.402778
0.420213 0.268655 25.977297 8799.243243
0.440223 0.280083 25.938333 8897.180556
0.460233 0.276766 25.906479 8975.450704
0.480243 0.271505 25.911892 9077.675676
0.500254 0.280521 25.906667 9161.208333
0.520264 0.268260 25.951233 9247.273973
0.540274 0.280319 25.986111 9346.666667
0.560284 0.282238 25.943562 9417.561644
0.580294 0.273427 25.958857 9509.471429
0.600304 0.282206 25.911781 9593.671233
0.620314 0.275645 25.919437 9663.521127
0.640325 0.280544 25.965000 9754.972222
0.660335 0.286911 25.936571 9819.757143
0.680345 0.271961 25.961600 9896.226667
0.700355 0.278093 25.985915 9978.366197
0.720365 0.274482 25.929863 10030.821918
0.740375 0.271318 25.932432 10109.918919
0.760385 0.282008 25.958857 10172.914286
0.780396 0.268276 25.949091 10231.766234
0.800406 0.278617 25.974857 10309.542857
0.820416 0.277406 25.955135 10354.418919
0.840426 0.268195 25.965000 10423.525000
0.860436 0.272934 25.947523 10482.752294
0.880446 0.267442 25.971327 10528.026549
0.900456 0.270104 25.969123 10596.894737
0.920467 0.276754 25.915472 10640.028302
0.940477 0.263660 25.938596 10692.692982
0.960487 0.276888 25.894815 10753.944444
0.980497 0.272224 25.919273 10789.945455
1.000507 0.269392 25.953571 10848.285714
1.020517 0.275204 25.931963 10891.364486
1.040528 0.261968 25.958276 10932.568966
1.060538 0.271578 25.902018 10989.550459
1.080548 0.270723 25.959279 11019.855856
1.100558 0.263510 25.979487 11068.957265
1.120568 0.270058 25.980000 11113.590909
1.140578 0.260987 25.888889 11146.427350
1.160588 0.268687 25.969091 11198.118182
1.180599 0.274222 25.967273 11228.381818
1.200609 0.261285 25.923186 11269.389381
1.220619 0.272683 25.937248 11313.431193
1.240629 0.269601 25.895000 11339.357143
1.260639 0.268419 25.921786 11384.562500
1.280649 0.273436 25.974909 11415.263636
1.300659 0.259069 25.909310 11448.508621
1.320670 0.271993 25.934182 11489.936364
1.340680 0.271293 25.981852 11514.657407
1.360690 0.262753 25.921739 11552.852174
1.380700 0.274681 25.970357 11586.910714
1.400710 0.261440 25.951304 11613.513043
1.420720 0.268112 25.968288 11653.729730
1.440730 0.270187 25.935780 11675.559633
1.460741 0.256158 25.943448 11709.887931
1.480751 0.271530 25.934286 11743.250000
1.500761 0.265113 25.941913 11767.773913
1.520771 0.263529 25.965263 11806.307018
1.540781 0.271769 25.945455 11832.690909
1.560791 0.255135 25.923729 11865.771186
1.580801 0.265533 25.947500 11904.080357
1.600812 0.264011 25.988522 11931.252174
1.620822 0.257043 25.985391 11974.556522
1.640832 0.269992 25.962545 12007.918182
1.660842 0.258746 25.973782 12045.092437
1.680852 0.268318 25.946071 12088.892857
1.700862 0.273430 25.953761 12120.082569
1.720872 0.257189 25.945299 12164.564103
1.740883 0.267073 25.966486 12200.900901
1.760893 0.260690 25.948276 12236.293103
1.780903 0.260752 25.908070 12279.578947
1.800913 0.269945 25.903717 12309.415929
1.820923 0.253038 25.895862 12349.853448
1.840933 0.264894 25.972143 12383.776786
1.860943 0.262717 25.984274 12413.854701
1.880954 0.256756 25.969558 12454.362832
1.900964 0.267557 25.968421 12481.236842
1.920974 0.253114 25.944333 12519.416667
1.940984 0.259625 25.938305 12556.033898
1.960994 0.264042 25.977658 12583.603604
1.981004 0.251644 25.921000 12627.300000
2.001014 0.261673 25.977544 12654.903509
2.021025 0.255288 25.936949 12694.864407
2.041035 0.255544 25.960000 12734.743590
2.061045 0.263706 25.952348 12763.713043
2.081055 0.248061 25.886000 12809.466667
2.101065 0.262467 25.959298 12838.517544
2.121075 0.258820 25.960684 12875.760684
2.141085 0.252960 25.950847 12915.576271
2.161096 0.262140 25.942301 12941.150442
2.181106 0.246788 25.889600 12981.720000
2.201116 0.259092 25.956140 13012.622807
2.221126 0.263255 25.940690 13038.025862
2.241136 0.249631 25.935726 13080.128205
2.261146 0.264378 25.974138 13097.741379
2.281156 0.252998 25.979322 13137.813559
2.301167 0.255438 25.943248 13165.786325
2.321177 0.265438 25.941429 13189.339286
2.341187 0.247253 25.970000 13230.096774
2.361197 0.259663 25.925965 13253.140351
2.381207 0.254592 25.953220 13287.754237
2.401217 0.250917 25.964370 13325.848739
2.421227 0.264718 25.946903 13346.371681
2.441238 0.246395 25.936198 13391.256198
2.461248 0.261328 25.979826 13419.417391
2.481258 0.264943 25.963540 13451.044248
2.501268 0.247109 25.984463 13497.371901
2.521278 0.256550 25.959322 13518.364407
2.541288 0.247283 25.925854 13566.991870
2.561298 0.252343 25.931429 13603.689076
2.581309 0.258817 25.947130 13632.660870
2.601319 0.240035 25.981138 13685.512195
2.621329 0.254068 25.954622 13710.386555
2.641339 0.251469 25.967934 13758.578512
2.661349 0.249630 25.912333 13805.858333
2.681359 0.265003 25.926071 13833.258929
2.701369 0.244713 25.929355 13890.653226
2.721380 0.256334 25.955294 13924.546218
2.741390 0.257045 25.993739 13968.191304
2.761400 0.244752 25.923967 14023.776860
2.781410 0.256986 25.977966 14052.322034
2.801420 0.247423 25.940165 14112.702479
2.821430 0.254224 25.953719 14156.132231
2.841440 0.261598 25.959649 14195.885965
2.861451 0.242086 25.927869 14261.122951
2.881461 0.254751 25.960000 14295.134454
2.901471 0.250453 25.922975 14355.719008
2.921481 0.248869 25.935254 14412.923729
2.941491 0.260787 25.942261 14451.756522
2.961501 0.243825 25.983360 14524.624000
2.981511 0.259286 25.955826 14570.800000
3.001522 0.259666 25.926897 14627.956897
3.021532 0.249564 25.933554 14700.727273
3.041542 0.262010 25.910714 14743.125000
3.061552 0.250700 25.949000 14819.883333
3.081562 0.253964 25.947667 14880.816667
3.101572 0.259461 25.936491 14934.789474
3.121583 0.243048 25.938880 15017.768000
3.141593 0.254992 25.975043 15069.623932
3.161603 0.250896 25.961667 15145.500000
3.181613 0.249474 25.957966 15220.584746
3.201623 0.260479 25.948621 15275.379310
3.221633 0.242361 25.964160 15363.456000
3.241643 0.259138 25.914138 15429.439655
3.261654 0.259645 25.975932 15502.093220
3.281664 0.248354 25.934237 15590.644068
3.301674 0.256189 25.925085 15651.025424
3.321684 0.244441 25.943934 15738.991803
3.341694 0.251098 25.949421 15819.148760
3.361704 0.257831 25.959310 15886.870690
3.381714 0.244504 25.913171 15983.967480
3.401725 0.249618 25.969667 16057.958333
3.421735 0.248920 25.990252 16141.050420
3.441745 0.249318 25.963000 16235.700000
3.461755 0.258371 25.980000 16308.991525
3.481765 0.242312 25.939512 5082.471545
3.501775 0.255246 25.929310 111.112069
3.521785 0.254849 25.930909 190.479339
3.541796 0.247927 25.939333 292.033333
3.561806 0.253128 25.936752 372.222222
3.581816 0.245501 25.967805 461.951220
3.601826 0.254018 25.936134 560.831933
3.621836 0.258964 25.925517 634.517241
3.641846 0.243666 25.952846 729.333333
3.661856 0.254812 25.958351 815.226804
3.681867 0.250779 25.950500 893.462500
3.701877 0.252784 25.855190 989.924051
3.721887 0.261823 25.957333 1062.626667
3.741897 0.247923 25.879012 1143.000000
3.761907 0.257952 25.952308 1235.217949
3.781917 0.253746 25.944304 1297.430380
3.801927 0.247365 25.947500 1384.325000
3.821938 0.262466 25.909610 1461.051948
3.841948 0.248947 25.942651 1528.313253
3.861958 0.256753 25.930667 1617.040000
3.881968 0.257694 25.918442 1672.467532
3.901978 0.244983 25.937349 1745.891566
3.921988 0.266323 25.956800 1825.186667
3.941998 0.258278 25.987733 1876.146667
3.962009 0.261071 25.896709 1955.670886
3.982019 0.273499 25.865205 2014.986301
4.002029 0.254113 25.910380 2074.531646
4.022039 0.266133 25.972267 2151.066667
4.042049 0.264963 25.975135 2194.229730
4.062059 0.260259 25.887595 2262.050633
4.082069 0.273136 25.937222 2322.222222
4.102080 0.258726 25.870769 2368.948718
4.122090 0.266486 25.974595 2440.067568
4.142100 0.269597 25.905600 2481.986667
4.162110 0.258304 25.896410 2539.487179
4.182120 0.272269 25.930959 2602.356164
4.202130 0.264484 25.914133 2641.586667
4.222140 0.265553 25.922105 2706.276316
4.242151 0.272600 25.901622 2752.040541
4.262161 0.255876 25.935385 2800.307692
4.282171 0.264101 25.952533 2861.933333
4.302181 0.263502 25.973684 2896.315789
4.322191 0.261350 25.963077 2953.628205
4.342201 0.276384 25.921143 3000.500000
4.362211 0.262032 25.915385 3038.666667
4.382222 0.269802 25.962192 3096.041096
4.402232 0.271294 25.934400 3130.266667
4.422242 0.258864 25.914872 3177.346154
4.442252 0.270825 25.923288 3223.164384
4.462262 0.263217 25.956842 3255.578947
4.482272 0.267360 25.984000 3306.386667
4.502282 0.276630 25.934444 3338.166667
4.522293 0.261532 25.934211 3377.302632
4.542303 0.275070 25.935890 3420.493151
4.562313 0.271379 25.904533 3446.973333
4.582323 0.266488 25.965867 3489.693333
4.602333 0.279085 25.934286 3519.442857
4.622343 0.264097 25.943158 3550.065789
4.642353 0.272801 25.905556 3588.055556
4.662364 0.270571 25.916800 3612.000000
4.682374 0.260828 25.951053 3647.210526
4.702384 0.277953 25.976438 3680.328767
4.722394 0.268676 25.964800 3707.173333
4.742404 0.274601 25.910986 3747.492958
4.762414 0.283616 25.955135 3774.702703
4.782424 0.268626 25.952877 3814.630137
4.802435 0.277136 25.977143 3853.414286
4.822445 0.272512 25.963684 3885.381579
4.842455 0.269798 25.930286 3933.928571
4.862465 0.281518 25.976000 3968.228571
4.882475 0.268565 25.923784 4014.554054
4.902485 0.273105 25.946133 4061.826667
4.922495 0.270772 25.971507 4099.575342
4.942506 0.263506 25.938947 4153.157895
4.962516 0.272003 25.943243 4193.081081
4.982526 0.265830 25.973158 4239.973684
5.002536 0.273525 25.935890 4287.547945
5.022546 0.275987 25.901972 4322.816901
5.042556 0.264320 25.943896 4373.376623
5.062567 0.275160 25.888219 4408.493151
5.082577 0.271029 25.948493 4449.342466
5.102587 0.272669 25.906849 4492.671233
5.122597 0.278368 25.934795 4520.383562
5.142607 0.267585 25.957297 4565.027027
5.162617 0.281176 25.994444 4594.666667
5.182627 0.282966 25.968000 4626.885714
5.202638 0.276065 25.962192 4666.219178
5.222648 0.281297 25.977297 4688.932432
5.242658 0.272334 25.916056 4726.563380
5.262668 0.278812 25.980571 4753.857143
5.282678 0.285856 25.972174 4775.695652
5.302688 0.274074 25.921579 4813.407895
5.322698 0.284812 25.919429 4832.457143
5.342709 0.280433 25.924571 4863.385714
5.362719 0.279109 25.925000 4895.222222
5.382729 0.283848 25.937778 4912.486111
5.402739 0.269177 25.955556 4951.736111
5.422749 0.275718 25.995616 4973.219178
5.442759 0.274431 25.938133 5002.880000
5.462769 0.270986 25.963889 5041.527778
5.482780 0.287729 25.990857 5060.671429
5.502790 0.275241 25.933333 5103.583333
5.522800 0.283039 25.920000 5134.257143
5.542810 0.292280 25.884058 5161.217391
5.562820 0.277741 25.851507 5207.753425
5.582830 0.284211 25.882286 5229.057143
5.602840 0.276131 25.917808 5272.424658
5.622851 0.278201 25.958873 5309.352113
5.642861 0.289147 25.954203 5334.391304
5.662871 0.276144 25.927671 5385.054795
5.682881 0.287413 25.926377 5410.478261
5.702891 0.284945 25.972778 5451.680556
5.722901 0.278263 25.998857 5497.385714
5.742911 0.284838 25.958310 5522.577465
5.762922 0.276589 25.924865 5576.351351
5.782932 0.287884 25.965797 5611.449275
5.802942 0.290245 25.902941 5650.102941
5.822952 0.277582 25.895000 5707.166667
5.842962 0.283019 25.974857 5734.885714
5.862972 0.281531 25.970000 5790.847222
5.882982 0.285569 25.995000 5839.847222
5.902993 0.289870 25.981818 5873.818182
5.923003 0.278566 25.970556 5937.111111
5.943013 0.292219 25.984571 5974.500000
5.963023 0.288932 25.897391 6028.188406
5.983033 0.281436 25.929577 6087.098592
6.003043 0.289727 25.947059 6122.514706
6.023053 0.277843 25.992432 6192.027027
6.043064 0.285083 25.965882 6239.014706
6.063074 0.285270 25.976000 6287.128571
6.083084 0.273071 25.957260 6358.356164
6.103094 0.287450 25.899429 6399.414286
6.123104 0.282328 25.988333 6469.291667
6.143114 0.283611 25.886761 6530.788732
6.163124 0.286448 25.921143 6578.157143
6.183135 0.270333 25.961667 6656.000000
6.203145 0.283842 25.976667 6707.930556
6.223155 0.281580 25.968889 6775.805556
6.243165 0.276148 25.922857 6852.342857
6.263175 0.292084 25.938592 6904.802817
