serial number: RI70_21217414
torque: 12
start_temp: 25 (26)
finish_temp: 26 (26)
note: asdfasdf
0.000000 0.272839 25.280000 6988.972973
0.020010 0.281851 25.264000 7056.980952
0.040020 0.284490 25.224906 7123.641509
0.060030 0.271427 25.271636 7214.581818
0.080041 0.279856 25.248073 7279.678899
0.100051 0.272984 25.314128 7366.550459
0.120061 0.273020 25.276757 7452.369369
0.140071 0.277357 25.269907 7520.859813
0.160081 0.266162 25.269913 7618.904348
0.180091 0.282740 25.313846 7698.682692
0.200101 0.280188 25.332477 7781.605505
0.220112 0.274609 25.270943 7881.698113
0.240122 0.282376 25.367407 7957.222222
0.260132 0.269875 25.305946 8055.126126
0.280142 0.279239 25.290093 8151.140187
0.300152 0.280636 25.310280 8230.383178
0.320162 0.268462 25.227500 8335.812500
0.340172 0.282893 25.235094 8425.603774
0.360183 0.274033 25.313028 8514.477064
0.380193 0.274665 25.319266 8619.853211
0.400203 0.280774 25.227619 8695.428571
0.420213 0.266152 25.124800 8797.853333
0.440223 0.277420 25.141370 8896.945205
0.460233 0.271329 25.181370 8975.452055
0.480243 0.266559 25.140000 9078.052632
0.500254 0.274358 25.105000 9161.305556
0.520264 0.262662 25.146494 9247.766234
0.540274 0.279528 25.200571 9348.114286
0.560284 0.277297 25.153846 8451.019231
0.580294 0.273539 25.134953 8427.439252
0.600304 0.279711 25.240370 8477.675926
0.620314 0.266860 25.222000 9403.725000
0.640325 0.271865 25.189730 9755.824324
0.660335 0.279633 25.174648 9820.591549
0.680345 0.264813 25.137067 9895.320000
0.700355 0.277514 25.169863 9977.849315
0.720365 0.273025 25.114595 10031.635135
0.740375 0.268043 25.075068 10110.534247
0.760385 0.276899 25.093889 10172.847222
0.780396 0.264312 25.183377 10231.896104
0.800406 0.279751 25.157714 10308.700000
0.820416 0.280246 25.143243 10354.675676
0.840426 0.268645 25.145205 10421.534247
0.860436 0.274559 25.141918 10482.712329
0.880446 0.265406 25.150000 10528.750000
0.900456 0.268356 25.144110 10596.643836
0.920467 0.274093 25.153514 10639.783784
0.940477 0.261408 25.172105 10693.065789
0.960487 0.274229 25.051351 10753.797297
0.980497 0.268135 25.132055 10789.493151
1.000507 0.263577 25.116923 10847.705128
1.020517 0.273085 25.092603 10891.698630
1.040528 0.260261 25.237403 10934.077922
1.060538 0.272646 25.257222 10990.527778
1.080548 0.272530 25.238919 11020.189189
1.100558 0.263023 25.202597 11069.909091
1.120568 0.272150 25.197222 11114.125000
1.140578 0.262687 25.179487 11146.397436
1.160588 0.267663 25.165867 11198.173333
1.180599 0.272724 25.208333 11228.166667
1.200609 0.256196 25.159487 11268.935897
1.220619 0.264035 25.216000 11313.440000
1.240629 0.259025 25.169114 11339.835443
1.260639 0.260114 25.194211 11384.565789
1.280649 0.272900 25.212973 11415.162162
1.300659 0.256271 25.356364 11448.844156
1.320670 0.271445 25.310137 11489.671233
1.340680 0.270371 25.228267 11514.813333
1.360690 0.260211 25.199481 11553.636364
1.380700 0.266849 25.176757 11586.891892
1.400710 0.257453 25.273500 11613.437500
1.420720 0.267289 25.140541 11653.756757
1.440730 0.273270 25.091667 11675.847222
1.460741 0.258300 25.131795 11710.346154
1.480751 0.269513 25.114054 11743.486486
1.500761 0.262506 25.110256 11768.500000
1.520771 0.262662 25.147568 11806.770270
1.540781 0.271579 25.258630 11832.616438
1.560791 0.254049 25.240506 11865.468354
1.580801 0.268549 25.232105 11903.881579
1.600812 0.266656 25.180000 11931.310811
1.620822 0.257143 25.206667 11974.589744
1.640832 0.260247 25.158947 12007.907895
1.660842 0.249766 25.146667 12044.950617
1.680852 0.254902 25.111392 12088.810127
1.700862 0.261132 25.155789 12120.197368
1.720872 0.248081 25.173827 12164.296296
1.740883 0.265706 25.102400 12200.786667
1.760893 0.258446 25.209231 12236.782051
1.780903 0.257915 25.223377 12279.727273
1.800913 0.265450 25.194133 12309.266667
1.820923 0.246631 25.192099 12349.234568
1.840933 0.260885 25.266667 12383.923077
1.860943 0.260174 25.211053 12414.342105
1.880954 0.252023 25.197000 12454.700000
1.900964 0.261839 25.171200 12481.613333
1.920974 0.248273 25.134146 12519.170732
1.940984 0.257909 25.127692 12555.615385
1.960994 0.261753 25.247368 12583.289474
1.981004 0.246648 25.234074 12627.086420
2.001014 0.258745 25.227532 12654.870130
2.021025 0.251787 25.218000 12694.800000
2.041035 0.255627 25.277949 12734.320513
2.061045 0.268087 25.166842 12763.644737
2.081055 0.246010 25.256203 12809.379747
2.101065 0.260628 25.224935 12838.285714
2.121075 0.256293 25.119494 12875.594937
2.141085 0.248241 25.174000 12915.412500
2.161096 0.251977 25.199000 12941.187500
2.181106 0.238493 25.221176 12981.717647
2.201116 0.254811 25.118961 13012.259740
2.221126 0.258155 25.169744 13037.794872
2.241136 0.242904 25.218537 13079.853659
2.261146 0.258294 25.198961 13097.285714
2.281156 0.247764 25.196098 13137.000000
2.301167 0.251674 25.182500 13165.300000
2.321177 0.259010 25.177368 13189.421053
2.341187 0.239408 25.200952 13229.738095
2.361197 0.251019 25.181000 13252.637500
2.381207 0.248418 25.151111 13287.395062
2.401217 0.243293 25.224878 13325.268293
2.421227 0.250712 25.260759 13345.772152
2.441238 0.235752 25.297882 13391.376471
2.461248 0.249306 25.211500 13418.887500
2.481258 0.252786 25.138500 13450.712500
2.501268 0.240830 25.222927 13497.060976
2.521278 0.257857 25.182564 13518.282051
2.541288 0.246538 25.306190 13567.690476
2.561298 0.249588 25.215065 13603.454545
2.581309 0.258614 25.146329 13632.329114
2.601319 0.240431 25.211084 13685.771084
2.621329 0.256853 25.148947 13710.131579
2.641339 0.252433 25.142716 13758.506173
2.661349 0.245612 25.294321 13805.370370
2.681359 0.253290 25.263077 13832.128205
2.701369 0.238857 25.253023 13890.418605
2.721380 0.254046 25.259221 13923.987013
2.741390 0.253157 25.288000 13967.250000
2.761400 0.241331 25.192683 14023.573171
2.781410 0.254864 25.270380 14051.898734
2.801420 0.242364 25.257349 14112.662651
2.821430 0.249326 25.229873 14155.531646
2.841440 0.259227 25.222338 14194.727273
2.861451 0.240842 25.194634 14259.804878
2.881461 0.256858 25.248608 14294.341772
2.901471 0.248313 25.194146 14355.182927
2.921481 0.245627 25.278025 14412.666667
2.941491 0.257452 25.244156 14451.779221
2.961501 0.240228 25.202410 14524.277108
2.981511 0.255874 25.274430 14570.151899
3.001522 0.254775 25.246667 14628.102564
3.021532 0.243205 25.193659 14700.158537
3.041542 0.259372 25.238961 14742.792208
3.061552 0.246390 25.179512 14819.780488
3.081562 0.249860 25.287000 14880.337500
3.101572 0.254501 25.199494 14935.177215
3.121583 0.239147 25.289157 15018.289157
3.141593 0.187534 25.198182 9743.233766
3.161603 0.236398 25.169449 11193.346457
3.181613 0.252386 25.214454 11707.991597
3.201623 0.262087 25.174957 11726.686957
3.221633 0.246958 25.179835 11977.586777
3.241643 0.261237 25.142759 11976.836207
3.261654 0.256344 25.119310 11851.301724
3.281664 0.254093 25.183932 12137.598291
3.301674 0.264650 25.121739 12127.652174
3.321684 0.252477 25.228136 12196.601695
3.341694 0.260840 25.248276 12291.060345
3.361704 0.261691 25.224211 12285.333333
3.381714 0.248312 25.241653 12477.900826
3.401725 0.260253 25.171966 12510.752137
3.421735 0.253088 25.192759 12451.215517
3.441745 0.257770 25.209573 12747.213675
3.461755 0.262775 25.191795 12709.658120
3.481765 0.247531 25.243051 4903.415254
3.501775 0.259823 25.223448 1663.948276
3.521785 0.256823 25.196610 1745.347458
3.541796 0.251503 25.204706 1770.378151
3.561806 0.264808 25.295000 1925.553571
3.581816 0.254560 25.228235 1948.453782
3.601826 0.264461 25.217544 2006.877193
3.621836 0.267168 25.182703 2108.855856
3.641846 0.254119 25.140000 2097.864407
3.661856 0.265314 25.211826 2241.260870
3.681867 0.254850 25.176271 2271.406780
3.701877 0.260152 25.201770 2329.230088
3.721887 0.268064 25.195752 2429.274336
3.741897 0.254264 25.201368 2452.854701
3.761907 0.271271 25.167500 2580.589286
3.781917 0.268226 25.176071 2639.589286
3.801927 0.261929 25.258783 2675.504348
3.821938 0.270103 25.201802 2710.729730
3.841948 0.256047 25.212069 2824.491379
3.861958 0.266689 25.222655 2926.327434
3.881968 0.268726 25.181786 2959.017857
3.901978 0.258385 25.175593 3026.813559
3.921988 0.265073 25.167207 3028.027027
3.941998 0.257379 25.174017 3121.282051
3.962009 0.262643 25.179649 3117.219298
3.982019 0.268258 25.209286 3228.071429
4.002029 0.254066 25.265983 3268.444444
4.022039 0.266056 25.220000 3362.745614
4.042049 0.257724 25.346364 2586.659091
4.062059 0.250105 25.330000 2263.350000
4.082069 0.263926 25.285789 2322.921053
4.102080 0.250385 25.255190 2369.506329
4.122090 0.264128 25.281067 2439.293333
4.142100 0.269765 25.263467 2482.186667
4.162110 0.252631 25.245063 2539.518987
4.182120 0.265229 25.237333 2602.520000
4.202130 0.258459 25.272308 2641.666667
4.222140 0.258762 25.191392 2707.126582
4.242151 0.264298 25.285333 2752.200000
4.262161 0.249195 25.308861 2800.417722
4.282171 0.263699 25.241579 2862.289474
4.302181 0.262278 25.368831 2896.792208
4.322191 0.256335 25.374872 2953.858974
4.342201 0.268940 25.306133 3000.666667
4.362211 0.256011 25.228052 3039.740260
4.382222 0.265733 25.292105 3096.394737
4.402232 0.267797 25.318378 3130.337838
4.422242 0.255546 25.307179 3176.910256
4.442252 0.263735 25.218701 3223.090909
4.462262 0.257419 25.368831 3256.025974
4.482272 0.263968 25.226494 3306.285714
4.502282 0.270471 25.405000 3338.319444
4.522293 0.254080 25.259747 3377.126582
4.542303 0.273087 25.234595 3420.662162
4.562313 0.268845 25.347568 3447.162162
4.582323 0.261551 25.268421 3488.815789
4.602333 0.270705 25.365789 3519.368421
4.622343 0.257299 25.389610 3550.714286
4.642353 0.269805 25.312877 3588.643836
4.662364 0.270993 25.257838 3612.351351
4.682374 0.258090 25.271795 3648.000000
4.702384 0.264100 25.297067 3680.533333
4.722394 0.260485 25.318442 3707.000000
4.742404 0.265603 25.302933 3747.626667
4.762414 0.271909 25.377297 3774.108108
4.782424 0.259641 25.288312 3813.350649
4.802435 0.273334 25.265753 3852.986301
4.822445 0.269566 25.349333 3885.013333
4.842455 0.265409 25.338667 3933.920000
4.862465 0.274216 25.277222 3968.097222
4.882475 0.261741 25.345455 4013.987013
4.902485 0.274191 25.255890 4061.493151
4.922495 0.274248 25.311351 4100.027027
4.942506 0.264735 25.370811 4153.418919
4.962516 0.278143 25.377222 4193.069444
4.982526 0.269002 25.316316 4239.394737
5.002536 0.274515 25.366667 4287.222222
5.022546 0.280090 25.358333 4323.541667
5.042556 0.267410 25.264737 4374.907895
5.062567 0.281665 25.291176 4407.897059
5.082577 0.274620 25.243784 4448.567568
5.102587 0.270425 25.357838 4492.716216
5.122597 0.280579 25.320563 4520.408451
5.142607 0.265916 25.219200 4564.266667
5.162617 0.276054 25.301111 4594.388889
5.182627 0.271691 25.343784 4626.081081
5.202638 0.262927 25.317368 4665.921053
5.222648 0.274494 25.342466 4687.643836
5.242658 0.266265 25.317333 4724.933333
5.262668 0.275784 25.326575 4753.150685
5.282678 0.284352 25.372394 4776.197183
5.302688 0.269026 25.291351 4813.108108
5.322698 0.285679 25.371429 4831.714286
5.342709 0.277888 25.364444 4862.569444
5.362719 0.274513 25.361644 4894.794521
5.382729 0.281671 25.385915 4911.929577
5.402739 0.268171 25.316216 4951.364865
5.422749 0.283371 25.293521 4972.633803
5.442759 0.280792 25.446197 5002.225352
5.462769 0.272708 25.342466 5040.753425
5.482780 0.283930 25.371831 5059.971831
5.502790 0.271959 25.344865 5103.594595
5.522800 0.275756 25.320533 5133.853333
5.542810 0.277045 25.333714 5161.942857
5.562820 0.267883 25.298378 5207.459459
5.582830 0.283486 25.210704 5228.183099
5.602840 0.277669 25.272778 5271.791667
5.622851 0.274571 25.445263 5308.986842
5.642861 0.273336 25.326761 5334.563380
5.662871 0.264388 25.400533 5384.466667
5.682881 0.278147 25.331111 5410.069444
5.702891 0.276719 25.341370 5450.547945
5.722901 0.272776 25.356667 5496.555556
5.742911 0.287220 25.342857 5522.014286
5.762922 0.275474 25.348493 5575.589041
5.782932 0.280185 25.343662 5610.788732
5.802942 0.281602 25.341408 5649.239437
5.822952 0.270773 25.323158 5706.828947
5.842962 0.287039 25.433433 5734.402985
5.862972 0.281202 25.302222 5790.347222
5.882982 0.280616 25.372394 5838.901408
5.902993 0.288106 25.427429 5873.671429
5.923003 0.273057 25.345753 5937.780822
5.943013 0.287197 25.417143 5973.914286
5.963023 0.283444 25.326857 6026.985714
5.983033 0.277547 25.237808 6087.054795
6.003043 0.289391 25.321176 6121.661765
6.023053 0.273901 25.315056 6194.247191
6.043064 0.287487 25.241165 6237.766990
6.063074 0.291798 25.274615 6287.173077
6.083084 0.276174 25.264444 6358.277778
6.103094 0.287244 25.258113 6399.311321
6.123104 0.279266 25.286415 6468.547170
6.143114 0.279266 25.255413 6529.449541
6.163124 0.284568 25.222913 6578.058252
6.183135 0.270731 25.257857 6656.205357
6.203145 0.281304 25.262056 6708.130841
6.223155 0.276932 25.286606 6776.064220
6.243165 0.273330 25.245607 6851.112150
6.263175 0.285361 25.202642 6903.820755
