serial number: RI70_21217414
torque: 8
start_temp: 26 (26)
finish_temp: 26 (27)
note: po poprawkach z flansza wyjsciowa
0.000000 0.370930 26.006422 8445.123853
0.020010 0.366958 26.018419 8290.902326
0.040020 0.373565 26.026986 8866.043062
0.060030 0.368545 26.017857 8099.763393
0.080041 0.369389 26.006197 7539.915493
0.100051 0.373853 26.012710 7623.948598
0.120061 0.367316 26.011872 8253.406393
0.140071 0.372982 26.018065 8693.843318
0.160081 0.370047 26.017116 8663.665116
0.180091 0.368094 26.006512 8138.223256
0.200101 0.375585 26.018618 8049.110599
0.220112 0.368153 26.005926 7569.129630
0.240122 0.372873 26.005794 7941.172897
0.260132 0.373397 26.007512 7588.713615
0.280142 0.370028 26.001826 7474.908676
0.300152 0.376904 26.003774 8118.523585
0.320162 0.371875 26.004717 7967.028302
0.340172 0.373491 26.000000 7416.651163
0.360183 0.377998 26.003654 7952.961538
0.380193 0.371918 26.005688 8274.247706
0.400203 0.377835 26.004695 7846.643192
0.420213 0.375903 26.002642 7720.551887
0.440223 0.374050 26.005849 7337.382075
0.460233 0.382457 26.015962 7537.140845
0.480243 0.375749 26.014953 7834.345794
0.500254 0.380185 26.003671 8686.797101
0.520264 0.381561 26.016571 8305.385714
0.540274 0.378018 26.006415 7856.882075
0.560284 0.385163 26.003269 8105.336538
0.580294 0.380415 26.006226 7949.301887
0.600304 0.381608 26.009082 8122.797101
0.620314 0.385858 26.019808 7593.350962
0.640325 0.380764 26.017358 8199.655660
0.660335 0.387292 26.022330 7765.878641
0.680345 0.384869 26.016505 7783.033981
0.700355 0.382832 26.004906 7879.353774
0.720365 0.390462 26.001773 8011.300493
0.740375 0.383793 26.008462 8160.793269
0.760385 0.389449 26.005714 7684.738916
0.780396 0.390518 26.002718 7916.135922
0.800406 0.387702 26.005538 6956.117949
0.820416 0.394053 26.000000 7812.005682
0.840426 0.390059 26.003333 7903.122222
0.860436 0.392222 26.006591 7789.073864
0.880446 0.396234 26.016536 7994.731844
0.900456 0.391590 26.001573 7966.022472
0.920467 0.398609 26.000000 8109.544944
0.940477 0.397268 26.000000 7578.514124
0.960487 0.396942 26.006171 7540.125714
0.980497 0.404266 26.013257 7991.617143
1.000507 0.397770 26.005287 8023.201149
1.020517 0.402541 26.007485 8671.614035
1.040528 0.403141 26.011429 7671.954286
1.060538 0.400267 26.010455 7969.437500
1.080548 0.407208 26.008864 7290.039773
1.100558 0.401940 26.000000 8081.913295
1.120568 0.405387 26.000000 8126.070175
1.140578 0.408905 26.000000 8129.529412
1.160588 0.404625 26.008046 7656.413793
1.180599 0.411567 26.005476 8334.738095
1.200609 0.409713 26.003953 8074.505814
1.220619 0.408373 26.000000 8222.751445
1.240629 0.415760 26.000000 7635.597633
1.260639 0.408961 26.000000 7282.982353
1.280649 0.414285 26.000000 8166.786982
1.300659 0.413702 26.000000 8333.900000
1.320670 0.410608 26.001176 8017.623529
1.340680 0.418276 26.023273 8162.733333
1.360690 0.412926 26.005614 8061.608187
1.380700 0.417099 26.000000 7842.357143
1.400710 0.419065 26.000000 8498.773256
1.420720 0.415364 26.005644 7786.515337
1.440730 0.421548 26.006988 7854.259036
1.460741 0.419912 26.015000 7481.136905
1.480751 0.418820 26.002439 7531.109756
1.500761 0.426394 26.000000 7633.321212
1.520771 0.420657 26.002683 8286.079268
1.540781 0.427257 26.003394 7769.242424
1.560791 0.427321 26.008293 7996.036585
1.580801 0.425080 26.015904 8147.734940
1.600812 0.431911 26.000000 7147.216561
1.620822 0.427271 26.006506 8107.102410
1.640832 0.430633 26.007362 8575.110429
1.660842 0.432156 26.013171 8350.750000
1.680852 0.429638 26.009630 7009.858025
1.700862 0.434362 26.000000 8253.636943
1.720872 0.432397 26.000000 7470.825301
1.740883 0.431701 26.003750 7419.531250
1.760893 0.436289 26.008805 7654.257862
1.780903 0.431266 26.007654 6961.104938
1.800913 0.436801 26.004634 7734.060976
1.820923 0.435608 26.017325 7041.980892
1.840933 0.433397 26.007317 7763.926829
1.860943 0.439921 26.006792 7946.566038
1.880954 0.434581 26.000000 7586.302469
1.900964 0.438068 26.000000 8482.880503
1.920974 0.439119 26.000000 8282.750000
1.940984 0.436136 26.010955 8309.184713
1.960994 0.441383 26.012500 8070.281250
1.981004 0.438824 26.001761 6934.823899
2.001014 0.438430 26.003230 8025.913043
2.021025 0.442482 26.003057 7158.522293
2.041035 0.438424 26.000988 8227.030864
2.061045 0.442796 26.009172 7906.031847
2.081055 0.442386 26.008805 7253.911950
2.101065 0.440489 26.000000 7955.869565
2.121075 0.447052 26.000000 8724.201299
2.141085 0.442297 26.000000 7223.803797
2.161096 0.447044 26.005750 7296.368750
2.181106 0.447222 26.016667 7582.134615
2.201116 0.444542 26.003077 7613.929487
2.221126 0.449098 26.001806 7241.451613
2.241136 0.445129 26.011026 8757.698718
2.261146 0.446240 26.006792 8074.402516
2.281156 0.449031 26.005935 8132.154839
2.301167 0.444585 26.000000 7913.165605
2.321177 0.448900 26.003333 7509.038462
2.341187 0.447437 26.003057 6971.668790
2.361197 0.445473 26.003057 7825.579618
2.381207 0.450564 26.006234 8485.545455
2.401217 0.443822 26.009427 8496.732484
2.421227 0.447953 26.009367 7113.765823
2.441238 0.447398 26.028790 8362.000000
2.461248 0.444328 26.013165 8544.886076
2.481258 0.448079 26.000769 8073.955128
2.501268 0.444217 26.019355 7851.083871
2.521278 0.444862 26.005399 7232.453988
2.541288 0.447556 26.000000 7653.440789
2.561298 0.441727 26.000000 7471.025157
2.581309 0.446770 26.001500 8194.268750
2.601319 0.445299 26.016000 7581.522581
2.621329 0.444494 26.011871 7426.109677
2.641339 0.449512 26.011795 7715.320513
2.661349 0.443135 26.003774 9607.603774
2.681359 0.447319 26.000000 7783.438710
2.701369 0.446778 26.009620 7880.613924
2.721380 0.445403 26.015404 8012.652174
2.741390 0.448973 26.002876 8006.816993
2.761400 0.444068 26.009936 7463.605096
2.781410 0.446532 26.000000 8149.987179
2.801420 0.448734 26.000000 7636.780645
2.821430 0.443093 26.009560 7545.874214
2.841440 0.447414 26.015796 7774.777070
2.861451 0.444600 26.000000 7673.888199
2.881461 0.442982 26.003947 8613.046053
2.901471 0.448461 26.008750 8315.418750
2.921481 0.441287 26.000000 8019.206250
2.941491 0.445205 26.012645 7907.903226
2.961501 0.444645 26.006582 7197.854430
2.981511 0.442548 26.000000 8021.254658
3.001522 0.448078 26.005526 7124.730263
3.021532 0.443963 26.007389 7464.656051
3.041542 0.445689 26.000000 8589.300000
3.061552 0.446762 26.000000 7716.421053
3.081562 0.441299 26.002000 8398.056250
3.101572 0.445934 26.004224 8276.242236
3.121583 0.441502 26.007898 7830.057325
3.141593 0.440708 26.004810 8442.487342
3.161603 0.445537 26.000000 7769.858974
3.181613 0.438570 26.001718 7845.226994
3.201623 0.443083 26.010818 8146.113208
3.221633 0.442292 26.000000 7852.745223
3.241643 0.438050 26.000000 8030.835443
3.261654 0.442405 26.000000 8154.584906
3.281664 0.436313 26.000000 7692.924528
3.301674 0.438923 26.000000 7207.031250
3.321684 0.440161 26.003704 8678.888889
3.341694 0.434125 26.002564 7663.185897
3.361704 0.438885 26.009689 7506.621118
3.381714 0.434624 26.002699 8319.588957
3.401725 0.434044 26.005466 8372.801242
3.421735 0.438880 26.000755 8040.937107
3.441745 0.430558 26.001739 7295.055901
3.461755 0.434871 26.009250 7899.275000
3.481765 0.432234 26.007561 8120.121951
3.501775 0.428620 26.000000 7596.650602
3.521785 0.433632 26.010065 7964.045161
3.541796 0.426558 26.002588 7754.747059
3.561806 0.428854 26.007160 8597.185185
3.581816 0.429462 26.023133 7404.271084
3.601826 0.424491 26.004720 7827.869565
3.621836 0.429720 26.007470 7962.662651
3.641846 0.424810 26.002651 8230.807229
3.661856 0.424499 26.018537 7949.963415
3.681867 0.428751 26.003171 7735.835366
3.701877 0.420409 26.005644 8132.901840
3.721887 0.425983 26.013012 8519.861446
3.741897 0.422962 26.005542 7794.921687
3.761907 0.419207 26.000000 7168.000000
3.781917 0.424440 26.002195 7217.402439
3.801927 0.416522 26.009762 7823.369048
3.821938 0.419286 26.000000 7997.592814
3.841948 0.419273 26.000000 7862.720238
3.861958 0.415322 26.000244 8468.664634
3.881968 0.421040 26.005549 8764.508671
3.901978 0.416239 26.000000 8448.638554
3.921988 0.415205 26.005000 8331.779762
3.941998 0.419037 26.001446 7496.391566
3.962009 0.411190 26.005444 7547.633136
3.982019 0.417329 26.006316 7603.725146
4.002029 0.413614 26.019880 7403.784431
4.022039 0.410241 26.006512 7677.110465
4.042049 0.416766 26.008333 8309.059524
4.062059 0.408287 26.007059 7357.788235
4.082069 0.412233 26.005848 8285.233918
4.102080 0.410496 26.005087 8584.676301
4.122090 0.405212 26.009357 7809.842105
4.142100 0.411544 26.025476 7315.523810
4.162110 0.405022 26.000690 8180.500000
4.182120 0.405334 26.005747 7668.591954
4.202130 0.408040 26.009231 7245.556213
4.222140 0.400154 26.015642 8232.569832
4.242151 0.406860 26.020941 7960.500000
4.262161 0.402370 26.006171 8088.811429
4.282171 0.399473 26.010286 7755.680000
4.302181 0.406452 26.004186 7586.970930
4.322191 0.397198 26.015730 7584.117978
4.342201 0.402497 26.014971 7416.000000
4.362211 0.400920 26.004545 7677.357955
4.382222 0.395747 26.007374 8205.318436
4.402232 0.402146 26.005614 8460.877193
4.422242 0.394773 26.009778 8195.900000
4.442252 0.395017 26.007314 8097.908571
4.462262 0.397789 26.000000 7980.866667
4.482272 0.391600 26.009944 8467.248588
4.502282 0.398168 26.007006 6899.186441
4.522293 0.393505 26.004045 7785.724719
4.542303 0.391668 26.012809 7895.831461
4.562313 0.398756 26.000000 8121.594286
4.582323 0.390274 26.002905 7759.055866
4.602333 0.395268 26.004318 8499.096591
4.622343 0.394034 26.008889 7929.994444
4.642353 0.390173 26.008539 8062.848315
4.662364 0.397352 26.009492 8315.576271
4.682374 0.390096 26.008398 8378.209945
4.702384 0.391046 26.005778 8021.711111
4.722394 0.392709 26.010636 8134.768786
4.742404 0.385695 26.008128 7434.903743
4.762414 0.391530 26.009143 8011.325714
4.782424 0.385834 26.013187 7734.554945
4.802435 0.382682 26.004516 7994.784946
4.822445 0.389538 26.014382 8665.073034
4.842455 0.381200 26.008387 7726.983871
4.862465 0.386495 26.032000 7391.005556
4.882475 0.384720 26.009503 8099.845304
4.902485 0.380969 26.013763 7475.037634
4.922495 0.388055 26.007640 8310.640449
4.942506 0.380394 26.003478 8190.385870
4.962516 0.382031 26.001497 8202.160428
4.982526 0.384565 26.004000 7348.283333
5.002536 0.379000 26.003478 7810.070652
5.022546 0.385595 26.003352 8174.536313
5.042556 0.381661 26.004064 7732.283422
5.062567 0.379748 26.010162 8077.378378
5.082577 0.386210 26.022320 7980.022099
5.102587 0.377628 26.000430 8170.483871
5.122597 0.382748 26.007391 7903.103261
5.142607 0.381433 26.024835 8699.956044
5.162617 0.377451 26.000645 8355.311828
5.182627 0.384693 26.014645 7712.830601
5.202638 0.377401 26.018142 7822.852459
5.222648 0.380081 26.002623 7900.546448
5.242658 0.381813 26.021505 7853.241935
5.262668 0.375884 26.008216 6813.405405
5.282678 0.311356 26.000000 8153.041322
5.302688 0.338560 26.014421 8423.493562
5.322698 0.356366 26.014159 8007.146018
5.342709 0.368704 26.004093 7833.911628
5.362719 0.364016 26.007123 7337.853881
5.382729 0.371878 26.001096 8116.858447
5.402739 0.370793 26.007070 7839.293023
5.422749 0.367951 26.005714 8167.364055
5.442759 0.375783 26.000000 7359.929577
5.462769 0.369361 26.004093 7883.455814
5.482780 0.372770 26.006884 7913.372093
5.502790 0.373617 26.012279 7792.772093
5.522800 0.369102 26.016406 8043.866359
5.542810 0.375912 26.015211 7781.896714
5.562820 0.371665 26.013395 7945.376744
5.582830 0.372224 26.010959 8179.744292
5.602840 0.377385 26.020190 8261.071429
5.622851 0.369153 26.016514 7744.288991
5.642861 0.374760 26.005192 8031.427885
5.662871 0.372292 26.003134 7598.248848
5.682881 0.369289 26.007926 8212.958525
5.702891 0.376946 26.008598 9186.775701
5.722901 0.368428 26.009074 7960.949074
5.742911 0.371736 26.009533 7931.079439
5.762922 0.372014 26.006972 8636.899083
5.782932 0.367597 26.009770 8093.497696
5.802942 0.374389 26.028837 8006.795349
5.822952 0.369762 26.027664 7761.808411
5.842962 0.368899 26.004587 7898.779817
5.862972 0.373680 26.001296 7893.199074
5.882982 0.366510 26.008807 7691.376147
5.902993 0.373008 26.003774 7668.886792
5.923003 0.370403 26.015556 7849.250000
5.943013 0.368277 26.014064 7694.178082
5.963023 0.375019 26.016038 7447.896226
5.983033 0.366328 26.008326 8145.565611
6.003043 0.370688 26.019815 7753.648148
6.023053 0.370462 26.004837 7565.688372
6.043064 0.365971 26.002009 7716.132420
6.063074 0.372556 26.004673 8019.719626
6.083084 0.367528 26.002593 7882.657407
6.103094 0.367558 26.004525 7892.393665
6.123104 0.372070 26.004630 7628.319444
6.143114 0.365503 26.000000 7757.383562
6.163124 0.372373 26.012958 7944.892019
6.183135 0.369183 26.016667 8108.652778
6.203145 0.366760 26.014000 7147.972727
6.223155 0.373423 26.007222 8228.717593
6.243165 0.365496 26.000000 8067.088372
6.263175 0.369902 26.004630 8039.050926
