serial number: RI70_21209061_PCB_d21
torque: 7
start_temp: 24 (25)
finish_temp: 25 (26)
note: montaz na obrotach_test pcb
0.000000 0.924169 24.640460 6201.505747
0.020010 0.929923 24.626982 6249.017751
0.040020 0.926222 24.608398 6297.917127
0.060030 0.928988 24.641928 6348.391566
0.080041 0.927209 24.643678 6398.994253
0.100051 0.925797 24.672542 6450.813559
0.120061 0.930504 24.645581 6503.505814
0.140071 0.927767 24.639086 6556.205714
0.160081 0.928905 24.653171 6608.957317
0.180091 0.930146 24.648090 6663.235955
0.200101 0.928090 24.661714 6718.297143
0.220112 0.931931 24.668982 6773.988024
0.240122 0.929087 24.654186 6829.191860
0.260132 0.929115 24.656879 6886.323699
0.280142 0.932202 24.662759 6944.367816
0.300152 0.928034 24.673600 7002.485714
0.320162 0.932144 24.649212 7062.036364
0.340172 0.931599 24.635657 7121.680000
0.360183 0.928588 24.605176 7182.776471
0.380193 0.936041 24.646012 7243.393064
0.400203 0.930709 24.653107 7307.389831
0.420213 0.931564 24.677605 7370.898204
0.440223 0.933688 24.667746 7433.583815
0.460233 0.929645 24.637647 7497.935294
0.480243 0.935570 24.646588 7562.235294
0.500254 0.933078 24.642273 7628.142045
0.520264 0.932266 24.620920 7695.965517
0.540274 0.935529 24.639018 7760.742331
0.560284 0.931867 24.650115 7827.057471
0.580294 0.935193 24.643041 7896.918129
0.600304 0.935472 24.657143 7964.815476
0.620314 0.932193 24.634971 8032.005714
0.640325 0.937982 24.659200 8103.668571
0.660335 0.932682 24.646429 8173.345238
0.680345 0.935432 24.641850 8242.971098
0.700355 0.936911 24.636407 8312.892216
0.720365 0.933075 24.662222 8381.415205
0.740375 0.937956 24.637870 8451.964497
0.760385 0.935089 24.659200 8521.468571
0.780396 0.934412 24.640231 8591.612717
0.800406 0.938549 24.624852 8661.869822
0.820416 0.935625 24.638129 8730.415205
0.840426 0.937357 24.597176 8798.694118
0.860436 0.936157 24.608706 8867.129412
0.880446 0.935343 24.654737 8934.491228
0.900456 0.939234 24.648362 9004.237288
0.920467 0.934953 24.638343 9072.207101
0.940477 0.936139 24.637882 9138.817647
0.960487 0.938213 24.666118 9205.611765
0.980497 0.932538 24.639281 9271.215569
1.000507 0.939493 24.661965 9336.658960
1.020517 0.935500 24.656374 9402.649123
1.040528 0.935317 24.658743 9467.834286
1.060538 0.938398 24.678303 9531.806061
1.080548 0.932566 24.646012 9595.115607
1.100558 0.937752 24.658824 9657.988235
1.120568 0.934384 24.656842 9720.204678
1.140578 0.934227 24.669708 9781.432749
1.160588 0.936151 24.637029 9842.074286
1.180599 0.931893 24.653801 9903.157895
1.200609 0.935977 24.662428 9961.196532
1.220619 0.935571 24.659302 10020.563953
1.240629 0.930975 24.638049 10077.128049
1.260639 0.937296 24.653029 10132.777143
1.280649 0.932513 24.672326 10190.534884
1.300659 0.932519 24.670824 10245.417647
1.320670 0.934682 24.656364 10301.221591
1.340680 0.929749 24.657110 10357.173410
1.360690 0.935872 24.680238 10409.494048
1.380700 0.931024 24.656185 10463.063584
1.400710 0.931252 24.655906 10515.584795
1.420720 0.934070 24.632899 10567.053254
1.440730 0.928512 24.638161 10618.948276
1.460741 0.932155 24.651561 10670.774566
1.480751 0.933106 24.651860 10722.168605
1.500761 0.928237 24.647865 10773.707865
1.520771 0.934259 24.663457 10824.604938
1.540781 0.927817 24.652360 10873.460674
1.560791 0.929464 24.673412 10923.223529
1.580801 0.930403 24.636959 10971.467836
1.600812 0.926405 24.624971 11019.225434
1.620822 0.932346 24.659181 11066.508772
1.640832 0.927773 24.647399 11113.387283
1.660842 0.926363 24.655029 11158.520231
1.680852 0.930706 24.649524 11204.226190
1.700862 0.926250 24.633793 11248.413793
1.720872 0.929070 24.625028 11293.871508
1.740883 0.928958 24.656429 11338.886905
1.760893 0.924451 24.667586 11381.431034
1.780903 0.931534 24.681860 11426.459302
1.800913 0.924507 24.673708 11469.662921
1.820923 0.927471 24.679036 11513.879518
1.840933 0.927701 24.663815 11559.023121
1.860943 0.922560 24.638844 11602.473988
1.880954 0.928855 24.643575 11651.100559
1.900964 0.924518 24.644096 11697.843373
1.920974 0.924336 24.631543 11745.497143
1.940984 0.926975 24.608686 11798.514286
1.960994 0.922675 24.646118 11847.211765
1.981004 0.926502 24.648315 11901.247191
2.001014 0.924100 24.665952 11954.785714
2.021025 0.921207 24.666136 12006.409091
2.041035 0.927529 24.678372 12064.784884
2.061045 0.923112 24.677714 12117.914286
2.081055 0.925201 24.657544 12174.146199
2.101065 0.924762 24.659887 12231.960452
2.121075 0.920902 24.675789 12286.040936
2.141085 0.927164 24.677209 12344.232558
2.161096 0.921955 24.682326 12397.982558
2.181106 0.922635 24.707416 12452.101124
2.201116 0.926668 24.688675 12508.903614
2.221126 0.918017 24.649451 12559.263736
2.241136 0.925383 24.671214 12615.080925
2.261146 0.921628 24.673526 12667.601156
2.281156 0.920255 24.648372 12716.156977
2.301167 0.924403 24.619770 12770.419540
2.321177 0.918617 24.644598 12817.936782
2.341187 0.922577 24.693801 12868.175439
2.361197 0.920979 24.684855 12919.387283
2.381207 0.917884 24.687251 12963.871345
2.401217 0.924194 24.666592 13013.642458
2.421227 0.918416 24.645087 13059.965318
2.441238 0.919450 24.656568 13104.236686
2.461248 0.923426 24.680904 13151.966102
2.481258 0.916030 24.653407 13194.604396
2.501268 0.922930 24.658571 13240.892857
2.521278 0.918695 24.647045 13284.306818
2.541288 0.917398 24.646437 13327.551724
2.561298 0.923444 24.674913 13374.057803
2.581309 0.916506 24.680225 13416.230337
2.601319 0.918202 24.667657 13461.891429
2.621329 0.918871 24.678363 13507.461988
2.641339 0.914814 24.676818 13550.579545
2.661349 0.919847 24.653721 13597.494186
2.681359 0.915657 24.676136 13641.630682
2.701369 0.915787 24.681356 13687.361582
2.721380 0.918802 24.676047 13734.976744
2.741390 0.911595 24.653029 13779.845714
2.761400 0.919727 24.675632 13827.816092
2.781410 0.914984 24.670112 13874.730337
2.801420 0.912213 24.677500 13922.789773
2.821430 0.918812 24.680000 13971.798817
2.841440 0.910766 24.684086 14019.505376
2.861451 0.912860 24.684260 14069.621302
2.881461 0.915018 24.704884 14116.726744
2.901471 0.909630 24.672914 14165.342857
2.921481 0.916009 24.679330 14215.977654
2.941491 0.909503 24.674083 14263.550296
2.961501 0.910837 24.687735 14314.464088
2.981511 0.913198 24.667126 14364.954023
3.001522 0.906762 24.630391 14415.340782
3.021532 0.913817 24.653714 14466.457143
3.041542 0.910619 24.686207 14515.816092
3.061552 0.905866 24.665251 14568.279330
3.081562 0.911518 24.658971 14618.800000
3.101572 0.907833 24.682889 14668.950000
3.121583 0.909973 24.666744 14721.075581
3.141593 0.671338 24.474308 14767.383399
3.161603 0.805771 24.574218 14822.473934
3.181613 0.841243 24.626533 14873.638191
3.201623 0.841121 24.584677 14923.537313
3.221633 0.859959 24.617822 14977.321782
3.241643 0.865476 24.638947 15028.021053
3.261654 0.865236 24.610408 15078.887755
3.281664 0.875867 24.602667 15131.266667
3.301674 0.873031 24.627143 15181.413265
3.321684 0.876127 24.656788 15233.917098
3.341694 0.878933 24.635282 15285.497436
3.361704 0.878683 24.618274 15337.086294
3.381714 0.882053 24.623135 15389.140541
3.401725 0.883713 24.634372 15440.055276
3.421735 0.879504 24.631878 15494.690355
3.441745 0.887995 24.644255 15546.617021
3.461755 0.881788 24.631250 15597.619792
3.481765 0.884591 24.625078 15650.746114
3.501775 0.887972 24.633797 15702.877005
3.521785 0.884644 24.642462 15754.825641
3.541796 0.888214 24.617938 15808.298969
3.561806 0.884345 24.638756 15859.259067
3.581816 0.884022 24.660638 15909.755319
3.601826 0.889591 24.634947 15960.642105
3.621836 0.883418 24.609388 16013.545918
3.641846 0.885805 24.628000 16065.310526
3.661856 0.887854 24.646250 16116.515625
3.681867 0.882526 24.645361 16166.010309
3.701877 0.888707 24.628148 16218.375661
3.721887 0.883441 24.629263 16270.094737
3.741897 0.883484 24.624646 16320.272727
3.761907 0.888405 24.619683 11172.502646
3.781917 0.881619 24.614154 39.707692
3.801927 0.886078 24.619259 91.317460
3.821938 0.883681 24.661429 145.188776
3.841948 0.883238 24.660833 195.854167
3.861958 0.885446 24.643333 249.807292
3.881968 0.879822 24.640000 300.943005
3.901978 0.883679 24.654526 350.168421
3.921988 0.883655 24.663756 405.847716
3.941998 0.879143 24.652842 455.421053
3.962009 0.884034 24.630208 508.562500
3.982019 0.879155 24.607423 562.195876
4.002029 0.879927 24.627579 609.821053
4.022039 0.883412 24.670909 665.898990
4.042049 0.876539 24.629948 718.575916
4.062059 0.882066 24.625608 769.925926
4.082069 0.879308 24.659200 827.930000
4.102080 0.877701 24.683655 878.847716
4.122090 0.881275 24.654815 934.116402
4.142100 0.875528 24.619282 988.497436
4.162110 0.879517 24.621780 1039.235602
4.182120 0.877130 24.598154 1096.312821
4.202130 0.874509 24.633542 1147.635417
4.222140 0.879069 24.629239 1201.634518
4.242151 0.875527 24.670259 1256.932642
4.262161 0.875574 24.662857 1307.969388
4.282171 0.877965 24.643938 1363.549223
4.302181 0.873436 24.653822 1415.910995
4.322191 0.877930 24.654416 1468.294416
4.342201 0.875542 24.643770 1523.895288
4.362211 0.874319 24.638400 1576.795000
4.382222 0.876953 24.625185 1631.925926
4.402232 0.873792 24.620103 1686.728205
4.422242 0.876853 24.644767 1740.191710
4.442252 0.876340 24.651111 1795.717172
4.462262 0.872762 24.637917 1850.666667
4.482272 0.878256 24.632245 1905.913265
4.502282 0.875302 24.663918 1962.500000
4.522293 0.874952 24.660305 2018.974619
4.542303 0.878312 24.664516 2074.193548
4.562313 0.873438 24.631330 2131.660099
4.582323 0.879727 24.637320 2189.768041
4.602333 0.877137 24.623711 2247.252577
4.622343 0.876672 24.639786 2304.743316
4.642353 0.880060 24.655714 2362.928571
4.662364 0.878284 24.669897 2423.262887
4.682374 0.881015 24.649167 2482.984375
4.702384 0.880807 24.635417 2544.276042
4.722394 0.880166 24.642051 2606.333333
4.742404 0.885164 24.658737 2668.515789
4.762414 0.882097 24.656853 2731.248731
4.782424 0.884946 24.647668 2795.010363
4.802435 0.886879 24.669375 2858.656250
4.822445 0.882200 24.646667 2921.296875
4.842455 0.890646 24.656508 2983.111111
4.862465 0.886524 24.619689 3044.341969
4.882475 0.887169 24.631179 3105.261538
4.902485 0.891504 24.658242 3163.554945
4.922495 0.888137 24.685400 3221.470000
4.942506 0.892677 24.669011 3277.236264
4.962516 0.892239 24.667216 3331.458763
4.982526 0.892663 24.701875 3385.052083
5.002536 0.896781 24.650000 3436.367021
5.022546 0.894926 24.649184 3486.362245
5.042556 0.896684 24.645652 3535.114130
5.062567 0.900007 24.649840 3581.133690
5.082577 0.895837 24.637551 3627.520408
5.102587 0.903943 24.643830 3672.319149
5.122597 0.900092 24.659787 3715.218085
5.142607 0.901051 24.646452 3756.155914
5.162617 0.904697 24.635208 3796.052083
5.182627 0.902938 24.668913 3835.000000
5.202638 0.905942 24.645870 3871.951087
5.222648 0.906528 24.674555 3909.209424
5.242658 0.904674 24.665684 3945.052632
5.262668 0.909994 24.653978 3980.666667
5.282678 0.906591 24.656170 4014.351064
5.302688 0.910146 24.668235 4048.582888
5.322698 0.910323 24.656774 4081.123656
5.342709 0.908253 24.665263 4114.810526
5.362719 0.914326 24.667978 4147.273224
5.382729 0.910852 24.682723 4181.261780
5.402739 0.911261 24.662766 4216.446809
5.422749 0.913811 24.655691 4252.629834
5.442759 0.910682 24.659140 4289.844086
5.462769 0.915835 24.650681 4329.717277
5.482780 0.915174 24.647821 4372.229050
5.502790 0.912017 24.629362 4415.638298
5.522800 0.917776 24.636304 4461.581522
5.542810 0.913800 24.650426 4509.005319
5.562820 0.916957 24.662888 4558.042781
5.582830 0.917458 24.674439 4608.171123
5.602840 0.914411 24.661436 4657.198895
5.622851 0.920388 24.665730 4706.508108
5.642861 0.916349 24.657382 4756.633508
5.662871 0.919039 24.676923 4806.247253
5.682881 0.920032 24.642963 4854.539683
5.702891 0.916478 24.628324 4903.281081
5.722901 0.920390 24.640649 4950.124324
5.742911 0.920388 24.654525 4995.156425
5.762922 0.916594 24.616471 5039.951872
5.782932 0.923003 24.654157 5084.151685
5.802942 0.918414 24.673750 5128.057292
5.822952 0.921766 24.660222 5172.150000
5.842962 0.921457 24.628864 5215.670455
5.862972 0.919076 24.627500 5259.142045
5.882982 0.922426 24.620000 5301.500000
5.902993 0.921494 24.637225 5344.127168
5.923003 0.919706 24.634743 5387.154286
5.943013 0.923087 24.642573 5430.181287
5.963023 0.921490 24.677870 5473.183432
5.983033 0.923415 24.661029 5517.091429
6.003043 0.922720 24.651173 5561.837989
6.023053 0.921486 24.611034 5607.252874
6.043064 0.926325 24.636686 5651.076923
6.063074 0.920930 24.639773 5696.306818
6.083084 0.924872 24.627500 5742.085227
6.103094 0.923684 24.614566 5787.549133
6.123104 0.923183 24.640952 5833.107143
6.143114 0.925945 24.636444 5878.411111
6.163124 0.923581 24.641463 5923.310976
6.183135 0.924917 24.640000 5968.176471
6.203145 0.927060 24.628066 6014.375691
6.223155 0.922975 24.625057 6061.350575
6.243165 0.930014 24.658605 6107.982558
6.263175 0.925082 24.663432 6154.142012
