serial number: JANUSZ_2_RI80_21414858
torque: 16
start_temp: 21 (21)
finish_temp: 21 (22)
note: z janusza 2, os 2
0.000000 0.309449 21.010964 12495.390863
0.020010 0.315337 21.010471 12524.387435
0.040020 0.322496 21.011739 12522.347826
0.060030 0.305814 21.019695 12551.045685
0.080041 0.322347 21.031746 12571.846561
0.100051 0.315472 21.029474 12575.594737
0.120061 0.312764 21.035054 12605.456989
0.140071 0.325511 21.031368 12612.773684
0.160081 0.309146 21.042708 12633.838542
0.180091 0.322774 21.004444 12662.798942
0.200101 0.323071 21.030164 12666.928962
0.220112 0.312069 21.052708 12696.354167
0.240122 0.327892 21.019235 12713.644809
0.260132 0.316424 21.030265 12728.444444
0.280142 0.322438 21.015450 12755.460317
0.300152 0.328792 21.010387 12761.093923
0.320162 0.313719 21.006042 12795.218750
0.340172 0.328659 21.014505 12808.615385
0.360183 0.321714 21.016296 12822.089947
0.380193 0.318796 21.022246 12863.101604
0.400203 0.328525 21.001600 12865.820000
0.420213 0.312249 21.010633 12892.354430
0.440223 0.325752 21.010701 12925.649682
0.460233 0.325813 21.003158 12928.993421
0.480243 0.314933 21.007134 12969.694268
0.500254 0.331481 21.005789 12984.539474
0.520264 0.319244 21.012346 13003.629630
0.540274 0.324432 21.002895 13045.651316
0.560284 0.330351 21.010331 13050.278146
0.580294 0.314795 21.000000 13089.365385
0.600304 0.331036 21.001879 13114.181208
0.620314 0.324744 21.004528 13132.088050
0.640325 0.320713 21.013947 13179.736842
0.660335 0.333625 21.017949 13191.076923
0.680345 0.317215 21.006667 13231.166667
0.700355 0.330165 21.022041 13269.721088
0.720365 0.329165 21.013671 13283.620253
0.740375 0.318330 21.004129 13337.709677
0.760385 0.334113 21.000000 13355.581081
0.780396 0.322244 21.011871 13393.458065
0.800406 0.326698 21.002839 13445.632258
0.820416 0.332392 21.013067 13461.680000
0.840426 0.318071 21.017436 13518.410256
0.860436 0.333719 21.003709 13554.801325
0.880446 0.327297 21.023200 13588.393333
0.900456 0.324172 21.002548 13655.006369
0.920467 0.337011 21.011111 13678.458333
0.940477 0.321319 21.018634 13738.913043
0.960487 0.334000 21.000000 13798.489796
0.980497 0.333020 21.005229 13832.424837
1.000507 0.323420 21.001299 13915.077922
1.020517 0.339015 21.001918 13956.184932
1.040528 0.326455 21.010256 14021.064103
1.060538 0.332826 21.008108 14108.391892
1.080548 0.336017 21.006053 14148.223684
1.100558 0.323609 21.019608 14246.333333
1.120568 0.338550 21.023243 14318.331081
1.140578 0.330567 21.008980 14384.190476
1.160588 0.329334 21.008947 14502.026316
1.180599 0.340372 21.011467 14561.693333
1.200609 0.324595 21.007532 14672.474026
1.220619 0.336815 21.006174 14786.536913
1.240629 0.334335 21.026667 14859.381944
1.260639 0.326367 21.009673 15006.352941
1.280649 0.340916 21.013514 15099.648649
1.300659 0.328710 21.016000 15215.006667
1.320670 0.333653 21.004533 15374.980000
1.340680 0.336859 21.015263 15459.638158
1.360690 0.325218 21.013506 15625.915584
1.380700 0.339936 21.022162 15760.432432
1.400710 0.330866 21.014497 15869.395973
1.420720 0.329635 21.024052 16057.712418
1.440730 0.339715 21.007945 16159.904110
1.460741 0.324468 21.000000 13744.450980
1.480751 0.336225 21.007733 104.666667
1.500761 0.333395 21.016376 199.959732
1.520771 0.325500 21.002597 386.324675
1.540781 0.339196 21.012703 514.162162
1.560791 0.326273 21.003974 633.748344
1.580801 0.332125 21.003467 819.340000
1.600812 0.335584 21.020000 904.040000
1.620822 0.325029 21.005974 1056.961039
1.640832 0.338638 21.014966 1199.088435
1.660842 0.328374 21.020263 1278.434211
1.680852 0.327853 21.005229 1442.594771
1.700862 0.338251 21.015570 1527.261745
1.720872 0.323178 21.004503 1630.556291
1.740883 0.334905 21.000000 1769.640523
1.760893 0.331417 21.013067 1824.106667
1.780903 0.326040 21.004211 1950.625000
1.800913 0.339483 21.015839 2038.489933
1.820923 0.325721 21.006887 2101.933775
1.840933 0.333415 21.007320 2223.797386
1.860943 0.334909 21.012703 2268.175676
1.880954 0.324915 21.000000 2356.619355
1.900964 0.337851 21.006757 2442.770270
1.920974 0.326799 21.015000 2477.447368
1.940984 0.329004 21.013691 2574.436242
1.960994 0.337389 21.030728 2619.139073
1.981004 0.324022 21.027467 2673.646667
2.001014 0.334837 21.013775 2756.006623
2.021025 0.329467 21.029281 2778.633987
2.041035 0.326650 21.038701 2855.259740
2.061045 0.337777 21.005556 2900.270833
2.081055 0.323340 21.023896 2933.006494
2.101065 0.330942 21.038675 3007.304636
2.121075 0.331525 21.019871 3026.541935
2.141085 0.321665 21.000000 3083.019481
2.161096 0.333659 21.003974 3132.781457
2.181106 0.322541 21.002597 3150.772727
2.201116 0.324566 21.000000 3215.923077
2.221126 0.331314 21.012715 3238.635762
2.241136 0.317603 21.028129 3270.129032
2.261146 0.328599 21.018039 3322.189542
2.281156 0.322608 21.031795 3329.852564
2.301167 0.320039 21.003019 3382.339623
2.321177 0.330419 21.033020 3410.577181
2.341187 0.315244 21.022716 3428.555556
2.361197 0.323477 21.013691 3482.469799
2.381207 0.323508 21.013924 3490.373418
2.401217 0.313856 21.023145 3524.591195
2.421227 0.326675 21.008054 3562.080537
2.441238 0.314271 21.024845 3566.850932
2.461248 0.317217 21.023750 3616.956250
2.481258 0.323906 21.020260 3628.487013
2.501268 0.310305 21.013418 3653.607595
2.521278 0.321480 21.007595 3694.449367
2.541288 0.315396 21.003544 3698.069620
2.561298 0.313427 21.006211 3739.689441
2.581309 0.324116 21.020131 3757.150327
2.601319 0.307530 21.016242 3772.751515
2.621329 0.317026 20.995097 3808.587097
2.641339 0.315846 21.014788 3816.981818
2.661349 0.307718 21.009873 3852.050633
2.681359 0.319604 21.000519 3875.590909
2.701369 0.307416 21.011018 3886.335329
2.721380 0.311784 21.010818 3932.138365
2.741390 0.316777 21.010769 3938.025641
2.761400 0.304746 21.021687 3963.596386
2.781410 0.316397 21.022278 3992.518987
2.801420 0.308981 21.028148 4000.197531
2.821430 0.308347 21.015802 4033.623457
2.841440 0.318626 21.003038 4040.822785
2.861451 0.302006 20.999759 4069.801205
2.881461 0.312790 21.000000 4096.759494
2.901471 0.311418 21.007407 4101.345679
2.921481 0.303151 21.017178 4140.926380
2.941491 0.314226 21.000000 4154.000000
2.961501 0.301502 21.017647 4169.917647
2.981511 0.308296 21.007643 4205.764331
3.001522 0.311820 21.041198 4209.814371
3.021532 0.297803 21.002424 4241.139394
3.041542 0.309543 21.036203 4259.202532
3.061552 0.302039 21.016667 4275.440476
3.081562 0.243306 21.006250 4315.241071
3.101572 0.291992 21.013265 4317.045918
3.121583 0.294112 21.005060 4346.313253
3.141593 0.296190 21.015661 4360.291005
3.161603 0.291744 21.000952 4370.395238
3.181613 0.288055 21.004683 4413.614634
3.201623 0.302303 21.000202 4415.540404
3.221633 0.289232 21.000000 4443.914692
3.241643 0.298112 21.010000 4474.210000
3.261654 0.300891 21.008159 4476.741294
3.281664 0.287854 21.005437 4519.475728
3.301674 0.302465 21.006327 4529.035714
3.321684 0.292495 21.001722 4550.947368
3.341694 0.295037 21.022829 4583.331707
3.361704 0.303376 21.010051 4582.241026
3.381714 0.287116 21.004093 4626.339535
3.401725 0.300479 21.009167 4639.062500
3.421735 0.297161 21.010200 4650.415000
3.441745 0.290529 21.024306 4693.258373
3.461755 0.302937 21.021095 4694.298507
3.481765 0.287719 21.009952 4738.421053
3.501775 0.297532 21.015294 4758.485294
3.521785 0.298199 21.000404 4764.434343
3.541796 0.286913 21.008230 4827.239234
3.561806 0.300520 21.002985 4825.074627
3.581816 0.289536 21.007729 4860.579710
3.601826 0.292948 21.018627 4898.475490
3.621836 0.299775 21.009800 4894.425000
3.641846 0.284069 21.009524 4952.504762
3.661856 0.298476 21.028119 4960.940594
3.681867 0.292497 21.011569 4980.617647
3.701877 0.287377 21.011923 5032.745192
3.721887 0.298655 21.018235 5028.382353
3.741897 0.283711 21.030093 5084.733645
3.761907 0.295113 21.017286 5110.854271
3.781917 0.293925 21.023269 5121.894231
3.801927 0.283391 21.014597 5191.284360
3.821938 0.297205 21.008122 5196.781726
3.841948 0.285950 21.021972 5240.901408
3.861958 0.289727 21.004058 5291.821256
3.881968 0.295668 21.010693 5298.212871
3.901978 0.280515 21.008402 5368.164384
3.921988 0.294526 21.006200 5388.730000
3.941998 0.287935 21.005550 5420.263158
3.962009 0.285108 21.011483 5493.253589
3.982019 0.295802 21.018128 5505.778325
4.002029 0.280469 21.012837 5569.497674
4.022039 0.292456 21.021359 5624.233010
4.042049 0.290193 21.013654 5648.038462
4.062059 0.280515 21.009479 5736.990521
4.082069 0.296059 21.026732 5771.985366
4.102080 0.283058 21.005849 5830.570755
4.122090 0.288039 21.008804 5916.177033
4.142100 0.294124 21.015050 5950.831683
4.162110 0.279789 21.024112 6047.345794
4.182120 0.294746 21.012174 6117.260870
4.202130 0.286031 21.000583 6174.330097
4.222140 0.285112 21.011564 6292.767773
4.242151 0.296639 21.019296 6348.884422
4.262161 0.280424 21.013818 6451.468182
4.282171 0.293631 21.027129 6567.252475
4.302181 0.289423 21.000939 6634.004695
4.322191 0.282637 21.006019 6784.407767
4.342201 0.297489 21.025941 6880.069307
4.362211 0.283839 21.036651 6989.404651
4.382222 0.289732 21.007961 7159.572816
4.402232 0.293757 21.006897 7247.522167
4.422242 0.282323 21.003349 7417.311628
4.442252 0.297260 21.021818 7564.873737
4.462262 0.287019 21.007393 7674.630332
4.482272 0.286992 21.024601 7883.474178
4.502282 0.296694 21.007600 8000.125000
4.522293 0.281883 21.001121 8159.929907
4.542303 0.294798 21.010246 8354.871921
4.562313 0.290553 21.005686 8463.024510
4.582323 0.284485 21.011028 8666.869159
4.602333 0.298780 21.029146 8811.050251
4.622343 0.284244 21.009860 8942.167442
4.642353 0.290754 21.032563 9142.216080
4.662364 0.295518 21.009569 9244.004785
4.682374 0.283327 21.017089 9410.150235
4.702384 0.298675 21.025641 9555.097436
4.722394 0.287839 21.020187 9647.799065
4.742404 0.288975 21.023883 9819.728155
4.762414 0.299812 21.009447 9910.542714
4.782424 0.283301 21.015283 10019.787736
4.802435 0.297761 21.008200 10153.985000
4.822445 0.293296 21.036078 10219.833333
4.842455 0.286540 21.038491 10345.971698
4.862465 0.302433 21.009293 10429.045455
4.882475 0.286014 21.021905 10497.314286
4.902485 0.295156 21.018800 10610.390000
4.922495 0.298869 21.014493 10659.111111
4.942506 0.287001 21.003654 10745.375000
4.962516 0.303049 21.010816 10820.903061
4.982526 0.290310 21.026280 10862.729469
5.002536 0.293155 21.013659 10953.643902
5.022546 0.303390 21.020200 10995.235000
5.042556 0.286473 21.006286 11052.657143
5.062567 0.301122 21.016566 11121.636364
5.082577 0.294944 21.014400 11151.365000
5.102587 0.289837 21.009615 11219.009615
5.122597 0.305622 21.005510 11259.127551
5.142607 0.288220 21.027048 11295.971429
5.162617 0.298255 21.021307 11359.934673
5.182627 0.301440 21.016716 11378.945274
5.202638 0.290138 21.016077 11430.325359
5.222648 0.305883 21.007879 11470.303030
5.242658 0.292689 21.005123 11491.108374
5.262668 0.295919 21.023600 11544.305000
5.282678 0.306575 21.009026 11563.235897
5.302688 0.287884 21.025714 11594.385714
5.322698 0.303518 21.031156 11636.025126
5.342709 0.297940 21.018522 11646.714286
5.362719 0.294054 21.021294 11690.502488
5.382729 0.307897 21.017576 11709.606061
5.402739 0.290004 21.015098 11725.691176
5.422749 0.301194 21.020000 11770.765000
5.442759 0.302729 21.009950 11775.980100
5.462769 0.291536 21.011823 11808.778325
5.482780 0.307453 21.008122 11835.695431
5.502790 0.293795 21.009064 11842.536946
5.522800 0.299106 21.028223 11884.588832
5.542810 0.308391 21.020704 11895.477387
5.562820 0.290554 21.017714 11913.123810
5.582830 0.306832 21.034583 11943.687500
5.602840 0.300519 21.027000 11951.915000
5.622851 0.298070 21.022886 11978.621891
5.642861 0.311663 21.023280 11988.788360
5.662871 0.293934 21.029714 12007.352381
5.682881 0.306243 21.036042 12035.390625
5.702891 0.307111 21.048081 12036.262626
5.722901 0.296464 21.040398 12063.348259
5.742911 0.311590 21.011667 12084.567708
5.762922 0.297636 21.030739 12084.482759
5.782932 0.303777 21.037949 12115.487179
5.802942 0.312532 21.009843 12119.717277
5.822952 0.294252 21.018128 12133.822660
5.842962 0.311020 21.023093 12156.680412
5.862972 0.303842 21.017487 12162.020101
5.882982 0.302147 21.023711 12190.654639
5.902993 0.315513 21.014583 12195.666667
5.923003 0.298219 21.022244 12213.204878
5.943013 0.312116 21.029167 12240.098958
5.963023 0.312396 21.022408 12241.235602
5.983033 0.302404 21.003383 12271.761194
6.003043 0.318220 21.004398 12279.340314
6.023053 0.304765 21.027010 12290.128866
6.043064 0.311453 21.021762 12319.735751
6.063074 0.318919 21.011640 12322.957672
6.083084 0.302995 21.008283 12348.075758
6.103094 0.318968 21.029362 12360.468085
6.123104 0.312005 21.029206 12365.973545
6.143114 0.309272 21.022974 12404.420513
6.163124 0.321647 21.010968 12405.516129
6.183135 0.304671 21.018571 12420.683673
6.203145 0.317334 21.012421 12444.673684
6.223155 0.317888 21.019787 12448.382979
6.243165 0.306421 21.028163 12478.801020
6.263175 0.321785 21.026522 12484.244565
