serial number: JANUSZ_2_RI80_21414858
torque: 16
start_temp: 21 (21)
finish_temp: 21 (22)
note: montaz na obrotach_PCB d16
0.000000 0.257404 21.000000 10559.158974
0.020010 0.262547 21.000000 10613.410526
0.040020 0.259634 21.000000 10694.358974
0.060030 0.259206 21.000000 10711.777778
0.080041 0.261295 21.000000 10790.597938
0.100051 0.257463 21.000000 10838.871134
0.120061 0.261355 21.000000 10870.901042
0.140071 0.260005 21.000000 10955.152632
0.160081 0.257012 21.000000 10974.304124
0.180091 0.262583 21.000000 11037.315789
0.200101 0.257980 21.000000 11099.627551
0.220112 0.259781 21.000000 11122.689119
0.240122 0.261507 21.000000 11203.544041
0.260132 0.256971 21.000000 11232.603093
0.280142 0.262522 21.000000 11282.428571
0.300152 0.259892 21.000000 11349.335052
0.320162 0.258791 21.000000 11370.963731
0.340172 0.262364 20.997708 11441.755208
0.360183 0.257869 20.992000 11479.538462
0.380193 0.261916 21.000000 11519.147368
0.400203 0.260566 21.000000 11583.068783
0.420213 0.257291 21.000000 11603.206186
0.440223 0.263221 21.000000 11658.062176
0.460233 0.258091 21.000000 11698.062176
0.480243 0.260021 21.000000 11722.984293
0.500254 0.262387 21.000000 11775.507937
0.520264 0.256904 21.000000 11792.801020
0.540274 0.262712 21.000000 11835.063158
0.560284 0.259881 21.000000 11872.684211
0.580294 0.258151 21.000000 11895.413265
0.600304 0.262346 21.000000 11944.790576
0.620314 0.256825 21.000000 11971.492228
0.640325 0.261478 21.000000 12011.300518
0.660335 0.260898 21.000000 12055.523316
0.680345 0.257587 21.000000 12082.450777
0.700355 0.263723 21.000000 12134.197861
0.720365 0.258576 21.000000 12164.867347
0.740375 0.260556 21.000000 12205.309278
0.760385 0.263330 21.000000 12247.713514
0.780396 0.257586 21.000000 12270.994924
0.800406 0.263186 21.000000 12320.240838
0.820416 0.260649 21.000000 12347.649215
0.840426 0.259684 21.000000 12380.170103
0.860436 0.263528 21.000000 12422.613757
0.880446 0.258461 21.000000 12439.943005
0.900456 0.262716 21.000000 12488.567708
0.920467 0.262232 21.000000 12514.032258
0.940477 0.258799 21.000000 12542.158163
0.960487 0.264223 21.000000 12588.647368
0.980497 0.260037 21.000000 12605.068063
1.000507 0.261977 21.000000 12651.146597
1.020517 0.264495 21.000000 12681.520833
1.040528 0.258967 21.000000 12702.209424
1.060538 0.264435 21.000000 12752.719577
1.080548 0.262212 21.000000 12764.445026
1.100558 0.261328 21.000000 12804.699482
1.120568 0.265768 21.000000 12836.540541
1.140578 0.260208 21.000000 12849.324742
1.160588 0.264725 21.000000 12900.568421
1.180599 0.265264 21.000000 12915.208556
1.200609 0.261484 21.000000 12946.302083
1.220619 0.266629 21.000000 12991.100529
1.240629 0.263192 21.000000 12999.803191
1.260639 0.264725 21.000000 13052.968085
1.280649 0.267632 21.000000 13077.439153
1.300659 0.261946 21.000000 13102.073684
1.320670 0.267465 21.000000 13159.138298
1.340680 0.265847 21.000000 13173.256684
1.360690 0.264574 21.000000 13225.835979
1.380700 0.268616 21.000000 13267.058824
1.400710 0.262789 21.000000 13284.294737
1.420720 0.267513 21.000000 13352.946237
1.440730 0.268166 21.000000 13376.165775
1.460741 0.264000 21.000000 13418.544974
1.480751 0.268873 21.000000 13473.326087
1.500761 0.265761 21.000000 13489.989474
1.520771 0.266720 21.004444 13562.777778
1.540781 0.269795 21.000870 13592.576087
1.560791 0.263966 21.000000 13628.105263
1.580801 0.269408 21.000000 13703.684783
1.600812 0.268200 21.000000 13718.079787
1.620822 0.267056 21.000000 13786.417112
1.640832 0.271181 21.000000 13838.260870
1.660842 0.264114 21.000000 13861.647799
1.680852 0.269225 21.000000 13945.293706
1.700862 0.269724 21.000000 13969.324503
1.720872 0.264451 21.000000 14022.826667
1.740883 0.269644 21.000000 14089.167785
1.760893 0.266823 21.000000 14108.400000
1.780903 0.268007 21.000000 14189.060811
1.800913 0.271229 21.000000 14227.818792
1.820923 0.264729 21.000000 14267.416107
1.840933 0.271004 21.000000 14347.912752
1.860943 0.269315 21.000000 14372.919463
1.880954 0.268099 21.000000 14444.945946
1.900964 0.272858 21.000000 14504.287671
1.920974 0.265879 21.000000 14535.532895
1.940984 0.271270 21.000000 14627.696552
1.960994 0.271870 21.000000 14664.543624
1.981004 0.266571 21.000000 14727.092715
2.001014 0.273105 21.000000 14807.923611
2.021025 0.269369 21.000000 14840.726667
2.041035 0.270954 21.000000 14934.567568
2.061045 0.273790 21.000000 14992.784722
2.081055 0.267312 21.000000 15045.151316
2.101065 0.273867 21.000000 15146.544218
2.121075 0.271429 21.000000 15190.305556
2.141085 0.270112 21.000000 15276.395973
2.161096 0.275420 21.000000 15363.068493
2.181106 0.268279 21.000000 15413.945578
2.201116 0.274327 21.000000 15528.422819
2.221126 0.274729 21.000000 15596.220690
2.241136 0.269728 21.000000 15673.863946
2.261146 0.276046 21.000000 15788.136054
2.281156 0.271457 21.000000 15847.378378
2.301167 0.273536 21.000000 15958.573427
2.321177 0.276522 21.000000 16053.103448
2.341187 0.269867 21.000000 16121.263514
2.361197 0.276361 21.000000 16248.791667
2.381207 0.274136 21.000000 16321.906040
2.401217 0.272768 21.000000 4778.503448
2.421227 0.277847 21.000000 145.694444
2.441238 0.270936 21.000000 210.224490
2.461248 0.277149 21.000000 328.041096
2.481258 0.276778 21.000000 415.611111
2.501268 0.272164 21.000000 488.393103
2.521278 0.277824 21.000000 609.224490
2.541288 0.273781 21.000000 675.273973
2.561298 0.276091 21.000000 770.482517
2.581309 0.278047 21.000000 871.179310
2.601319 0.271873 21.000000 928.972789
2.621329 0.277749 21.000000 1042.301370
2.641339 0.275133 21.000000 1112.805556
2.661349 0.274683 21.000000 1182.103448
2.681359 0.277966 21.000000 1287.547945
2.701369 0.271909 21.000000 1337.909722
2.721380 0.277759 21.000000 1428.315068
2.741390 0.275966 21.000000 1505.722222
2.761400 0.273249 21.000000 1554.547945
2.781410 0.277541 21.000000 1653.634483
2.801420 0.273694 21.000000 1703.700680
2.821430 0.276440 21.000000 1770.386207
2.841440 0.277071 21.000000 1851.762238
2.861451 0.272245 21.000000 1890.414966
2.881461 0.276620 21.000000 1975.696552
2.901471 0.275157 21.000000 2028.765517
2.921481 0.274738 21.000000 2076.226027
2.941491 0.277010 21.000000 2157.111111
2.961501 0.273071 21.000000 2191.664384
2.981511 0.277025 21.000000 2258.755102
3.001522 0.275625 21.000000 2315.395833
3.021532 0.274472 21.000000 2348.875000
3.041542 0.276621 21.000000 2423.834483
3.061552 0.273427 21.000000 2456.547297
3.081562 0.275344 21.000000 2508.375000
3.101572 0.275085 21.000000 2567.802721
3.121583 0.271627 21.000000 2594.648276
3.141593 0.214773 21.000000 2658.356522
3.161603 0.257485 21.000000 2697.751295
3.181613 0.265756 21.000000 2734.470899
3.201623 0.269743 21.000000 2795.637363
3.221633 0.268462 21.000000 2819.994652
3.241643 0.271435 21.000000 2874.795699
3.261654 0.270809 21.000000 2918.016216
3.281664 0.270510 21.000000 2945.691892
3.301674 0.270474 21.000000 3008.396739
3.321684 0.269008 21.000000 3035.372973
3.341694 0.270938 21.000000 3082.627027
3.361704 0.270185 21.000000 3135.122995
3.381714 0.268146 21.000000 3159.641304
3.401725 0.269607 21.000000 3222.352941
3.421735 0.268926 21.000000 3257.913514
3.441745 0.269097 21.000000 3295.510753
3.461755 0.269260 21.000000 3349.713514
3.481765 0.267568 21.000000 3377.904255
3.501775 0.269248 21.000000 3430.281915
3.521785 0.268417 21.000000 3463.241935
3.541796 0.268519 21.000000 3489.329730
3.561806 0.267500 21.000000 3538.168478
3.581816 0.266589 21.000000 3560.298429
3.601826 0.268524 21.000000 3600.408602
3.621836 0.267437 21.000000 3628.613757
3.641846 0.265844 21.000000 3653.688172
3.661856 0.266529 21.000000 3704.405263
3.681867 0.266223 21.000000 3716.609626
3.701877 0.266416 21.000000 3750.320856
3.721887 0.265879 21.000000 3781.505376
3.741897 0.265139 21.000000 3798.036458
3.761907 0.265552 21.000000 3838.005348
3.781917 0.265089 21.000000 3855.680851
3.801927 0.265489 21.002723 3876.790576
3.821938 0.264853 21.002540 3915.396825
3.841948 0.264240 21.000000 3928.143617
3.861958 0.265562 21.000000 3952.910053
3.881968 0.263843 21.000000 3978.549738
3.901978 0.263568 21.000000 3994.777778
3.921988 0.263665 21.000000 4019.248677
3.941998 0.263646 21.000000 4030.317460
3.962009 0.263661 21.000000 4056.838542
3.982019 0.262998 21.000000 4069.818182
4.002029 0.262410 21.000000 4079.419689
4.022039 0.262430 21.000000 4115.349206
4.042049 0.261576 21.000000 4123.155440
4.062059 0.262644 21.000000 4134.404255
4.082069 0.261603 21.000000 4159.659686
4.102080 0.261552 21.000000 4165.819588
4.122090 0.263422 21.000000 4190.866310
4.142100 0.261568 21.000000 4202.340206
4.162110 0.262039 21.000000 4220.657895
4.182120 0.261138 21.000000 4253.869792
4.202130 0.260943 21.000000 4262.953125
4.222140 0.262071 21.000000 4295.047368
4.242151 0.260768 21.000000 4322.777202
4.262161 0.261037 21.000000 4340.942708
4.282171 0.260823 21.000000 4384.301587
4.302181 0.259482 21.000000 4399.144330
4.322191 0.260884 21.000000 4438.703125
4.342201 0.259679 21.000000 4476.442708
4.362211 0.259514 21.000000 4499.744792
4.382222 0.260914 21.000000 4542.047120
4.402232 0.259151 21.000000 4569.221649
4.422242 0.260875 21.000000 4593.269430
4.442252 0.259023 21.000000 4639.165803
4.462262 0.259070 21.000000 4654.156250
4.482272 0.260674 21.000000 4689.411458
4.502282 0.259284 21.000000 4716.414508
4.522293 0.260075 21.000000 4734.082051
4.542303 0.259388 21.000000 4776.417526
4.562313 0.257742 21.000000 4790.666667
4.582323 0.260183 21.000000 4827.777202
4.602333 0.258371 21.000000 4866.229167
4.622343 0.258359 21.000000 4880.210256
4.642353 0.259070 21.000000 4931.139896
4.662364 0.257055 21.000000 4946.561856
4.682374 0.259759 21.000000 4982.969231
4.702384 0.256788 21.000000 5025.583333
4.722394 0.257257 21.000000 5042.000000
4.742404 0.259294 21.000000 5088.746114
4.762414 0.256526 21.000000 5119.371134
4.782424 0.257849 21.000000 5143.830769
4.802435 0.256393 21.000000 5197.314433
4.822445 0.255708 21.000000 5214.773196
4.842455 0.258732 21.000000 5262.753846
4.862465 0.255461 21.000000 5307.213198
4.882475 0.256704 21.000000 5325.948454
4.902485 0.256951 21.000000 5387.040404
4.922495 0.255199 21.000000 5411.974359
4.942506 0.258996 21.000000 5455.052083
4.962516 0.255259 21.000000 5510.343590
4.982526 0.256307 21.000000 5534.261538
5.002536 0.258882 21.000000 5600.451777
5.022546 0.255506 21.000000 5638.809278
5.042556 0.258202 21.000000 5683.144330
5.062567 0.256388 21.000000 5754.969388
5.082577 0.255682 21.000000 5783.585492
5.102587 0.258874 21.000000 5851.097436
5.122597 0.254843 21.000000 5911.457286
5.142607 0.256623 21.000000 5950.647368
5.162617 0.256518 21.000000 6033.856410
5.182627 0.255648 21.000000 6072.979798
5.202638 0.259541 21.000000 6139.394737
5.222648 0.255314 21.000000 6218.492386
5.242658 0.256198 21.000000 6256.929648
5.262668 0.259286 21.000000 6346.544503
5.282678 0.255375 21.000000 6403.317949
5.302688 0.257687 21.000000 6463.487047
5.322698 0.256021 20.994845 6559.376289
5.342709 0.255772 21.000000 6604.449495
5.362719 0.259101 21.000000 6695.907692
5.382729 0.255570 21.000000 6778.150259
5.402739 0.257259 21.000000 6835.649485
5.422749 0.257564 21.000000 6945.671795
5.442759 0.256309 21.000000 7008.137755
5.462769 0.259479 21.000000 7094.115183
5.482780 0.255598 21.000000 7202.398990
5.502790 0.256385 21.000000 7260.523316
5.522800 0.259311 21.005128 7372.082051
5.542810 0.256495 21.000000 7459.953608
5.562820 0.258560 21.000000 7534.642487
5.582830 0.256755 21.000000 7657.994872
5.602840 0.256847 21.000000 7725.783505
5.622851 0.259562 21.000000 7828.979275
5.642861 0.256780 21.000000 7944.163265
5.662871 0.257569 21.000000 8011.567010
5.682881 0.258301 21.000000 8137.415385
5.702891 0.256448 20.994792 8226.760417
5.722901 0.259344 21.000000 8310.969388
5.742911 0.256824 21.000000 8441.890625
5.762922 0.256625 21.000000 8506.725888
5.782932 0.260252 21.000000 8614.563158
5.802942 0.257547 21.000000 8724.229592
5.822952 0.258966 21.000000 8786.290155
5.842962 0.258372 21.000000 8913.146597
5.862972 0.258496 21.000000 8990.647959
5.882982 0.260897 21.000000 9071.643979
5.902993 0.258757 21.000000 9194.886598
5.923003 0.258556 20.995464 9246.463918
5.943013 0.260717 20.999368 9354.063158
5.963023 0.258521 21.000000 9445.248705
5.983033 0.260901 21.000000 9497.676923
6.003043 0.259458 21.000000 9617.429319
6.023053 0.257777 21.000000 9669.158974
6.043064 0.261710 21.000000 9748.005236
6.063074 0.259085 21.000000 9850.704663
6.083084 0.259382 21.000000 9885.750000
6.103094 0.260599 21.000000 9990.418848
6.123104 0.258859 21.000000 10054.572165
6.143114 0.261629 21.000000 10106.036842
6.163124 0.259845 21.000000 10212.487179
6.183135 0.257962 21.000000 10243.216495
6.203145 0.262332 21.000000 10325.417989
6.223155 0.259078 21.000000 10401.211340
6.243165 0.260646 21.000000 10429.575916
6.263175 0.260880 21.000000 10524.645833
