0.494049 16.308492 27.000000
0.449718 15.476254 27.000000
0.396529 14.234578 27.000000
0.348929 13.910789 27.000000
0.298569 13.175239 27.000000
0.246824 11.845792 27.000000
0.199561 10.743466 27.000000
0.147500 9.727463 27.000000
0.100933 8.720957 27.000000
0.049020 7.528429 27.000000
0.000000 0.000000 27.000000
-0.048161 -7.425899 27.000000
-0.100380 -8.639786 27.000000
-0.147196 -9.641653 27.000000
-0.199277 -10.569335 27.000000
-0.245191 -11.556277 27.000000
-0.297245 -12.813038 27.000000
-0.349952 -13.744344 27.000000
-0.397193 -14.110930 27.000000
-0.447504 -15.241522 27.000000
-0.495592 -15.904468 27.000000
-0.546890 -16.354837 27.000000
