0.493937 16.033276 27.000000
0.449776 15.161982 27.080000
0.396516 13.973990 27.120000
0.348912 13.702330 27.360000
0.298601 12.949145 27.720000
0.246857 11.589146 27.800000
0.199343 10.513703 27.800000
0.147556 9.520751 27.760000
0.100875 8.565769 27.760000
0.049457 7.358136 27.600000
0.000000 0.000000 27.880000
-0.047684 -7.233472 27.600000
-0.100111 -8.413687 27.360000
-0.147053 -9.395973 27.480000
-0.199447 -10.314635 27.280000
-0.245274 -11.259897 27.440000
-0.297346 -12.465182 27.440000
-0.349974 -13.394454 27.480000
-0.397153 -13.757462 27.800000
-0.447254 -14.865844 27.760000
-0.495649 -15.626468 27.960000
-0.546768 -15.991695 27.960000
