0.494483 17.014759 26.000000
0.450578 16.136783 26.000000
0.397055 14.890589 26.000000
0.349401 14.531557 26.000000
0.299132 13.694921 26.000000
0.247509 12.256698 26.000000
0.199936 11.095450 26.000000
0.148138 10.014898 26.000000
0.100863 8.988382 26.000000
0.049091 7.711631 26.000000
0.000000 0.000000 26.000000
-0.048984 -7.508555 26.000000
-0.100282 -8.841733 26.000000
-0.147490 -9.927730 26.000000
-0.199761 -10.934096 26.000000
-0.245664 -11.982326 26.000000
-0.297841 -13.340827 26.000000
-0.350499 -14.325433 26.000000
-0.397617 -14.743534 26.000000
-0.447711 -15.862407 26.000000
-0.496327 -16.632950 26.000000
-0.547318 -17.025031 26.000000
