-0.495509 -16.683243 26.000000
-0.450156 -15.541862 26.000000
-0.396145 -14.829818 26.000000
-0.350335 -14.274496 26.000000
-0.299240 -13.143954 26.000000
-0.247186 -11.842260 26.000000
-0.199364 -10.991619 26.000000
-0.148214 -10.027402 26.000000
-0.101713 -8.956747 26.000000
-0.049989 -7.565037 26.000000
0.000000 0.000000 26.000000
0.049095 7.873073 26.000000
0.100659 9.260093 26.000000
0.147299 10.386609 26.000000
0.199956 11.336657 26.000000
0.246265 12.118654 26.000000
0.297475 13.411039 26.000000
0.350073 14.830584 26.000000
0.398339 15.102127 26.000000
0.448041 15.814631 26.000000
0.495462 17.283744 26.000000
0.548312 17.248362 26.000000
