0.494512 16.868376 26.000000
0.450626 15.953221 26.000000
0.396870 14.746011 26.000000
0.349187 14.468231 26.000000
0.299227 13.543613 26.000000
0.247541 12.097169 26.000000
0.199873 10.972496 26.000000
0.147924 9.911477 26.000000
0.101086 8.918687 26.000000
0.049735 7.614451 26.000000
0.000000 0.000000 26.000000
-0.048708 -7.445157 26.000000
-0.100304 -8.754705 26.000000
-0.147623 -9.757271 26.000000
-0.199929 -10.741052 26.000000
-0.245605 -11.744663 26.000000
-0.297642 -13.102278 26.000000
-0.350383 -14.135147 26.000000
-0.397716 -14.462973 26.000000
-0.447847 -15.654881 26.000000
-0.496288 -16.490840 26.000000
-0.547525 -16.767818 26.000000
