-0.495430 -16.459187 26.000000
-0.450196 -15.364516 26.000000
-0.396180 -14.608431 26.000000
-0.350225 -14.102656 26.000000
-0.299199 -13.004165 26.000000
-0.247334 -11.750683 26.000000
-0.199754 -10.833038 26.000000
-0.147772 -9.900077 26.000000
-0.101304 -8.858127 26.000000
-0.049490 -7.514150 26.000000
0.000000 0.000000 26.000000
0.048788 7.823568 26.000000
0.100931 9.114080 26.000000
0.147220 10.233759 26.000000
0.199930 11.147837 26.000000
0.246190 11.952416 26.000000
0.297323 13.178201 26.000000
0.349985 14.648094 26.000000
0.398221 14.893505 26.000000
0.447933 15.720966 26.000000
0.495502 17.009850 26.000000
0.548228 16.974895 26.000000
