0.494396 16.715543 26.000000
0.450674 15.720797 26.000000
0.396732 14.617250 26.000000
0.349322 14.313322 26.000000
0.299271 13.401325 26.000000
0.247540 11.939153 26.000000
0.199867 10.854727 26.000000
0.147921 9.781433 26.000000
0.101126 8.844753 26.000000
0.049960 7.540733 26.000000
0.000000 0.000000 26.000000
-0.048785 -7.373495 26.000000
-0.100384 -8.654103 26.000000
-0.147534 -9.651332 26.000000
-0.199769 -10.660568 26.000000
-0.245716 -11.633059 26.000000
-0.297638 -12.928885 26.000000
-0.350330 -13.990308 26.000000
-0.397756 -14.369566 26.000000
-0.447651 -15.420888 26.000000
-0.496179 -16.280393 26.000000
-0.547238 -16.629026 26.000000
