-0.495447 -16.254717 26.000000
-0.450014 -15.304570 26.000000
-0.396031 -14.500071 26.040000
-0.350330 -13.974837 26.360000
-0.299226 -12.868344 26.640000
-0.247136 -11.604963 26.920000
-0.199585 -10.736438 26.800000
-0.148220 -9.802407 26.720000
-0.101619 -8.775532 26.880000
-0.049924 -7.458523 26.960000
0.000000 0.000000 26.960000
0.049718 7.665899 27.000000
0.100503 9.072006 26.920000
0.147873 10.089412 27.000000
0.199862 11.018686 27.000000
0.246259 11.823788 27.000000
0.297213 13.064625 27.000000
0.350050 14.468873 27.000000
0.398254 14.719077 27.000000
0.448037 15.556121 27.000000
0.495705 16.796254 27.000000
0.548181 16.765535 27.000000
