0.494392 16.564704 27.000000
0.450682 15.540521 27.000000
0.396789 14.447139 27.000000
0.349410 14.216856 27.000000
0.299175 13.263618 27.000000
0.247562 11.788946 27.000000
0.199750 10.768248 27.000000
0.147883 9.718338 27.000000
0.101276 8.801375 27.000000
0.049847 7.533628 27.000000
0.000000 0.000000 27.000000
-0.048922 -7.363905 27.000000
-0.100360 -8.602040 27.000000
-0.147653 -9.590208 27.000000
-0.199686 -10.540862 27.000000
-0.245727 -11.478659 27.000000
-0.297564 -12.777961 27.000000
-0.350254 -13.832596 27.000000
-0.397796 -14.210369 27.000000
-0.447718 -15.284614 27.000000
-0.496047 -16.177248 27.000000
-0.547511 -16.489884 27.000000
