-0.495444 -15.979019 27.000000
-0.449255 -14.955004 27.000000
-0.395694 -14.154733 27.000000
-0.350003 -13.717701 27.000000
-0.298526 -12.648664 27.000000
-0.246813 -11.436912 27.000000
-0.199015 -10.691058 27.000000
-0.147521 -9.778756 27.000000
-0.101021 -8.733385 27.000000
-0.049478 -7.470470 27.000000
0.000000 0.000000 27.000000
0.048433 7.771214 27.000000
0.100391 9.026611 27.000000
0.146719 10.102973 27.000000
0.199511 10.995176 27.000000
0.245815 11.696269 27.000000
0.297024 12.876580 27.000000
0.349407 14.199967 27.000000
0.397773 14.476654 27.000000
0.447613 15.209669 27.000000
0.494838 16.532351 27.000000
0.547911 16.502224 27.000000
