-0.495403 -16.139562 27.000000
-0.450073 -15.114898 27.000000
-0.396196 -14.274050 27.000000
-0.350167 -13.841803 27.000000
-0.299226 -12.762121 27.000000
-0.247040 -11.552096 27.000000
-0.199530 -10.647940 27.000000
-0.148144 -9.728503 27.000000
-0.101572 -8.720928 27.000000
-0.049980 -7.376939 27.000000
0.000000 0.000000 27.000000
0.048942 7.699366 27.000000
0.100366 9.011274 27.000000
0.147353 10.059544 27.000000
0.199869 10.932855 27.000000
0.246191 11.727002 27.000000
0.297220 13.003816 27.000000
0.350068 14.367941 27.000000
0.398029 14.560910 27.000000
0.448078 15.406394 27.000000
0.495766 16.659624 27.000000
0.548031 16.644448 27.000000
