-0.495341 -16.018265 27.000000
-0.449809 -15.003733 27.000000
-0.396464 -14.188668 27.000000
-0.350117 -13.678476 27.000000
-0.299301 -12.659781 27.000000
-0.247028 -11.437520 27.000000
-0.199511 -10.535744 27.000000
-0.147994 -9.681251 27.000000
-0.101220 -8.669967 27.000000
-0.049133 -7.405847 27.000000
0.000000 0.000000 27.000000
0.049533 7.610232 27.000000
0.100524 8.972201 27.000000
0.147833 9.954116 27.000000
0.199910 10.839468 27.000000
0.246226 11.657760 27.000000
0.297414 12.850948 27.000000
0.350124 14.224495 27.000000
0.398071 14.424762 27.000000
0.448074 15.293037 27.000000
0.495695 16.481758 27.000000
0.548105 16.474257 27.000000
