0.494474 16.302572 27.000000
0.450454 15.250728 27.000000
0.396782 14.165396 27.000000
0.349454 13.939484 27.000000
0.299133 13.047634 27.000000
0.247356 11.625104 27.000000
0.199977 10.580515 27.000000
0.147729 9.577661 27.000000
0.101044 8.666154 27.000000
0.049494 7.493354 27.000000
0.000000 0.000000 27.000000
-0.048925 -7.311250 27.000000
-0.100374 -8.478574 27.000000
-0.147682 -9.476858 27.000000
-0.199688 -10.401965 27.000000
-0.245588 -11.309824 27.000000
-0.297526 -12.606980 27.000000
-0.350301 -13.640645 27.000000
-0.397694 -13.973598 27.000000
-0.447559 -14.995925 27.000000
-0.496062 -15.820915 27.000000
-0.547657 -16.108388 27.000000
