-0.495212 -15.882602 27.000000
-0.449253 -14.831103 27.000000
-0.395741 -14.099409 27.000000
-0.349827 -13.612834 27.000000
-0.298636 -12.532020 27.000000
-0.246665 -11.406791 27.000000
-0.199098 -10.592577 27.000000
-0.147423 -9.711805 27.000000
-0.100991 -8.677310 27.000000
-0.049774 -7.413520 27.000000
0.000000 0.000000 27.000000
0.048056 7.799269 27.000000
0.100078 8.983101 27.000000
0.146745 10.047025 27.000000
0.199328 10.936391 27.000000
0.245742 11.598622 27.000000
0.297039 12.804553 27.000000
0.349344 14.138095 27.000000
0.397775 14.444616 27.000000
0.447567 15.119947 27.000000
0.494694 16.443868 27.000000
0.547905 16.479352 27.000000
