0.494096 16.174473 27.000000
0.449777 15.280597 27.000000
0.396415 14.125069 27.000000
0.348932 13.821558 27.000000
0.298630 13.001630 27.000000
0.246864 11.685156 27.000000
0.199354 10.574357 27.000000
0.147573 9.562315 27.000000
0.100872 8.621401 27.000000
0.049415 7.439404 27.000000
0.000000 0.000000 27.000000
-0.047464 -7.333578 27.000000
-0.100205 -8.486703 27.000000
-0.147200 -9.454126 27.000000
-0.199249 -10.397050 27.000000
-0.245074 -11.351196 27.000000
-0.297120 -12.618498 27.000000
-0.350113 -13.491128 27.000000
-0.397106 -13.916903 27.000000
-0.447528 -15.021715 27.000000
-0.495816 -15.800737 27.000000
-0.546987 -16.108169 27.000000
