-0.495170 -15.761800 27.000000
-0.449653 -14.726739 27.000000
-0.395594 -14.030123 27.000000
-0.350001 -13.554038 27.000000
-0.298707 -12.458689 27.000000
-0.246712 -11.310389 27.000000
-0.199173 -10.476227 27.000000
-0.147513 -9.615229 27.000000
-0.100988 -8.602233 27.000000
-0.049499 -7.373250 27.000000
0.000000 0.000000 27.000000
0.048680 7.683418 27.000000
0.100321 8.913623 27.000000
0.146931 9.959291 27.000000
0.199355 10.810678 27.000000
0.245684 11.510285 27.000000
0.297003 12.709074 27.000000
0.349415 14.047543 27.000000
0.397819 14.353502 27.000000
0.447535 15.077442 27.000000
0.494975 16.382604 27.000000
0.547727 16.440698 27.000000
