0.494058 16.134214 27.000000
0.449863 15.265264 27.000000
0.396438 14.040234 27.000000
0.348939 13.801090 27.000000
0.298603 12.975170 27.000000
0.246939 11.641549 27.000000
0.199269 10.541687 27.000000
0.147590 9.519805 27.000000
0.100868 8.610217 27.000000
0.049465 7.469976 27.000000
0.000000 0.000000 27.000000
-0.047905 -7.323643 27.000000
-0.099728 -8.493157 27.000000
-0.147213 -9.446645 27.000000
-0.199283 -10.361464 27.000000
-0.245093 -11.305118 27.000000
-0.297104 -12.574969 27.000000
-0.349801 -13.431859 27.000000
-0.397101 -13.794239 27.000000
-0.447273 -14.977200 27.000000
-0.495593 -15.675462 27.000000
-0.546748 -16.003658 27.000000
