-0.495081 -15.754614 27.000000
-0.449357 -14.735436 27.000000
-0.395356 -13.999607 27.000000
-0.349991 -13.520479 27.000000
-0.298842 -12.452187 27.000000
-0.246694 -11.282484 27.000000
-0.199238 -10.486563 27.000000
-0.147382 -9.600071 27.000000
-0.100888 -8.600693 27.000000
-0.049667 -7.347723 27.000000
0.000000 0.000000 27.000000
0.047972 7.692609 27.000000
0.100129 8.890024 27.000000
0.146862 9.935138 27.000000
0.199389 10.790263 27.000000
0.245819 11.471845 27.000000
0.296970 12.632463 27.000000
0.349253 13.997214 27.000000
0.397739 14.281917 27.000000
0.447641 14.984616 27.000000
0.494695 16.298388 27.000000
0.547776 16.300980 27.000000
