0.494010 16.047565 27.000000
0.449806 15.255323 27.000000
0.396373 14.054494 27.000000
0.348943 13.772630 27.000000
0.298532 12.961859 27.000000
0.246823 11.632836 27.000000
0.199312 10.533649 27.000000
0.147610 9.517615 27.000000
0.100776 8.593416 27.000000
0.049598 7.404539 27.000000
0.000000 0.000000 27.000000
-0.047693 -7.251812 27.000000
-0.099936 -8.446817 27.000000
-0.147149 -9.399801 27.000000
-0.199183 -10.316198 27.000000
-0.245136 -11.280638 27.000000
-0.297162 -12.523416 27.000000
-0.349940 -13.437707 27.000000
-0.397185 -13.741388 27.000000
-0.447492 -14.832598 27.000000
-0.495657 -15.688637 27.000000
-0.546617 -15.972244 27.000000
