0.496998 17.522564 30.000000
0.448916 16.269941 30.000000
0.396504 15.899671 30.000000
0.351244 14.920841 30.000000
0.299304 13.532458 30.000000
0.246196 12.694457 30.000000
0.200019 11.435108 30.000000
0.101190 8.752520 30.000000
0.048031 7.492025 30.000000
0.000000 0.000000 30.000000
-0.101305 -9.123032 30.000000
-0.298964 -14.030659 30.000000
-0.350214 -14.749132 30.000000
-0.395865 -16.016922 30.000000
-0.450123 -16.862490 30.000000
-0.495625 -17.188692 30.000000
-0.547210 -18.740357 30.000000
