-0.497607 -17.839279 28.000000
-0.448382 -16.891711 28.000000
-0.397284 -16.290299 28.000000
-0.351616 -14.912294 28.000000
-0.298462 -13.738263 28.000000
-0.246700 -12.788311 28.000000
-0.200200 -11.770047 28.000000
-0.148445 -10.391361 28.000000
-0.101274 -8.924990 28.000000
-0.049761 -7.322282 28.000000
0.000000 0.000000 28.000000
0.047767 7.317697 28.000000
0.100788 8.800556 28.000000
0.147341 10.312104 28.000000
0.199556 11.730591 28.000000
0.246453 12.851509 28.000000
0.298879 13.694114 28.000000
0.349357 14.927257 28.000000
0.397449 16.128104 28.000000
0.450012 16.491675 28.000000
0.494364 17.545588 28.000000
0.548830 18.536173 28.000000
