0.495729 17.061277 28.000000
0.448918 16.797019 28.000000
0.398331 15.498985 28.000000
0.350030 14.284029 28.000000
0.298103 13.721030 28.000000
0.247206 12.545376 28.000000
0.200336 11.309852 28.000000
0.148831 9.830459 28.000000
0.101226 8.496469 28.000000
0.049460 7.034123 28.000000
0.000000 0.000000 28.000000
-0.047830 -7.029551 28.040000
-0.100554 -8.641039 28.040000
-0.147294 -10.188176 28.000000
-0.199242 -11.686439 28.000000
-0.246426 -12.958707 28.000000
-0.298967 -14.050334 28.000000
-0.350836 -14.647835 28.000000
-0.396203 -15.925982 28.000000
-0.449371 -17.129600 28.000000
-0.496339 -17.374785 28.000000
-0.547264 -18.949084 28.000000
