0.495048 21.947124 21.000000
0.450197 21.166569 21.000000
0.397599 19.316871 21.000000
0.349881 18.521339 21.000000
0.298896 17.381996 21.000000
0.247703 15.711792 21.000000
0.200796 13.906283 21.000000
0.148406 12.165019 21.000000
0.101396 10.484586 21.000000
0.049987 8.439853 21.000000
0.000000 0.000000 21.000000
-0.048129 -8.323516 21.000000
-0.100746 -10.421832 21.000000
-0.199993 -14.476686 21.000000
-0.247100 -15.760521 21.000000
-0.297998 -17.236725 21.000000
-0.351054 -18.525582 21.000000
-0.396685 -19.429782 21.000000
-0.448181 -21.226677 21.000000
-0.497372 -21.707211 21.000000
-0.545751 -22.845647 21.000000
