0.496470 21.464345 22.000000
0.449744 19.755138 22.000000
0.396073 19.029103 22.000000
0.350899 18.119054 22.000000
0.299762 16.332133 22.000000
0.246447 15.061573 22.000000
0.199849 13.585278 22.000000
0.101091 10.062149 22.720000
0.047701 8.235871 23.000000
0.000000 0.000000 22.920000
-0.047163 -8.067831 22.920000
-0.247011 -15.180302 23.000000
-0.299087 -16.197222 23.000000
-0.349412 -17.661631 23.000000
-0.397283 -18.958434 23.000000
-0.450015 -19.569436 23.000000
-0.494292 -20.854309 23.000000
-0.549461 -22.063934 23.000000
