serial number: RI70_21209061_PCB_d14
torque: 8
start_temp: 25 (26)
finish_temp: 25 (26)
note: montaz na obrotach_test pcb
0.000000 0.888008 25.001989 9809.469613
0.020010 0.891709 25.000000 9868.148352
0.040020 0.890862 25.000000 9928.310734
0.060030 0.888313 25.000000 9988.483333
0.080041 0.891227 25.002273 10044.028409
0.100051 0.886676 25.002444 10102.788889
0.120061 0.889424 25.000874 10160.961749
0.140071 0.889245 25.000000 10218.577778
0.160081 0.887106 25.000000 10277.763736
0.180091 0.889377 25.001600 10333.222857
0.200101 0.887006 25.005246 10390.120219
0.220112 0.885057 25.004222 10447.188889
0.240122 0.887950 25.000000 10503.789189
0.260132 0.885539 25.000000 10561.247126
0.280142 0.887502 25.000659 10615.719780
0.300152 0.886439 24.999777 10672.044693
0.320162 0.886519 24.997363 10728.126374
0.340172 0.888566 24.999116 10782.745856
0.360183 0.883542 25.003297 10837.807692
0.380193 0.887132 25.002889 10891.088889
0.400203 0.886681 25.002444 10944.366667
0.420213 0.884004 24.999780 10996.659341
0.440223 0.887461 24.997569 11048.392265
0.460233 0.884181 24.997542 11099.905028
0.480243 0.884843 24.999558 11149.674033
0.500254 0.887442 25.001319 11200.500000
0.520264 0.883058 25.002391 11250.733696
0.540274 0.886437 25.001798 11299.713483
0.560284 0.884167 24.997802 11350.774725
0.580294 0.884275 24.992135 11398.606742
0.600304 0.887756 24.996284 11449.661202
0.620314 0.882899 25.002011 11500.173184
0.640325 0.885551 25.000659 11550.549451
0.660335 0.885032 24.999318 11604.806818
0.680345 0.884250 24.997622 11655.567568
0.700355 0.886073 24.997542 11711.189944
0.720365 0.883917 25.000000 11768.524324
0.740375 0.884559 25.000000 11823.129944
0.760385 0.887122 25.001538 11884.362637
0.780396 0.883374 25.002458 11940.871508
0.800406 0.886399 25.001582 12000.903955
0.820416 0.884686 25.000000 12064.187500
0.840426 0.885134 24.999351 12121.800000
0.860436 0.888254 24.997079 12186.382022
0.880446 0.883995 24.998000 12247.416667
0.900456 0.886292 25.000000 12308.962366
0.920467 0.887760 25.000000 12374.668571
0.940477 0.884919 24.998242 12430.450549
0.960487 0.888261 25.000667 12492.416667
0.980497 0.885359 25.003315 12553.491713
1.000507 0.886789 25.003352 12608.307263
1.020517 0.888417 25.000000 12670.513514
1.040528 0.885455 24.997753 12724.320225
1.060538 0.889793 24.997528 12780.000000
1.080548 0.887045 24.999130 12838.826087
1.100558 0.886834 25.002404 12890.519126
1.120568 0.891749 25.005029 12947.205714
1.140578 0.886315 25.003934 12998.972678
1.160588 0.890229 25.002500 13049.869318
1.180599 0.890072 24.996444 13103.538889
1.200609 0.888176 24.995385 13150.142857
1.220619 0.892415 25.000000 13201.174157
1.240629 0.889022 25.000000 13250.043243
1.260639 0.889291 25.000229 13295.702857
1.280649 0.893482 25.001564 13345.620112
1.300659 0.888305 25.002637 13390.049451
1.320670 0.892167 25.000904 13437.333333
1.340680 0.890215 25.000226 13484.757062
1.360690 0.890524 25.002458 13528.530726
1.380700 0.895184 25.004944 13576.662921
1.400710 0.888078 25.003478 13622.565217
1.420720 0.892377 25.000220 13669.945055
1.440730 0.894295 25.000231 13718.635838
1.460741 0.889953 25.002418 13762.846154
1.480751 0.894951 25.001778 13811.400000
1.500761 0.891783 25.000225 13858.803371
1.520771 0.891954 25.000856 13907.128342
1.540781 0.896338 25.000000 13956.454023
1.560791 0.891361 25.000223 14002.262570
1.580801 0.894543 25.002418 14051.901099
1.600812 0.893874 25.008889 14101.027778
1.620822 0.892093 25.008187 14148.280702
1.640832 0.897101 25.002889 14197.361111
1.660842 0.892369 25.000000 14246.043011
1.680852 0.895358 25.002022 14296.876404
1.700862 0.897528 25.002604 14345.852071
1.720872 0.892553 25.001117 14393.703911
1.740883 0.897910 25.000000 14443.700565
1.760893 0.893912 25.000000 14492.294444
1.780903 0.894721 24.999779 14542.801105
1.800913 0.897935 24.994802 14591.983051
1.820923 0.893618 24.992000 14640.840000
1.840933 0.897159 24.996404 14690.488764
1.860943 0.896466 25.000000 14739.307263
1.880954 0.894526 25.000000 14788.931818
1.900964 0.898674 24.998913 14839.418478
1.920974 0.896989 24.997955 14888.846591
1.940984 0.896469 24.997556 14939.588889
1.960994 0.897342 25.000000 14987.491429
1.981004 0.893687 25.000000 15036.241573
2.001014 0.900122 25.000000 15085.535912
2.021025 0.894445 24.997500 15133.289773
2.041035 0.895438 24.997288 15183.011299
2.061045 0.898094 24.999560 15231.280220
2.081055 0.893082 25.000000 15279.829670
2.101065 0.898299 25.000000 15329.173410
2.121075 0.894303 25.000000 15376.307692
2.141085 0.893491 25.000000 15425.308989
2.161096 0.897298 24.994190 15473.525140
2.181106 0.893264 24.994444 15520.916667
2.201116 0.892396 25.000219 15569.792350
2.221126 0.890186 25.000000 15617.302564
2.241136 0.886609 24.998054 15664.848649
2.261146 0.891141 24.997347 15712.744898
2.281156 0.887458 24.999355 15759.876344
2.301167 0.887933 25.000000 15807.355330
2.321177 0.890247 25.002781 15853.582888
2.341187 0.886140 25.002051 15899.174359
2.361197 0.888214 25.000421 15945.957895
2.381207 0.888093 25.006138 15992.820106
2.401217 0.885952 25.006218 16038.005181
2.421227 0.888382 25.004718 16083.846154
2.441238 0.884444 25.009263 16129.310526
2.461248 0.887100 25.011042 16172.552083
2.481258 0.885451 24.998173 16219.700508
2.501268 0.882507 24.993478 16263.608696
2.521278 0.886319 24.998995 16307.989950
2.541288 0.882591 25.002540 16354.656085
2.561298 0.881218 25.000625 3085.078125
2.581309 0.885012 24.998953 58.507853
2.601319 0.880134 24.995423 103.985075
2.621329 0.881538 24.993089 148.246073
2.641339 0.881337 24.996000 195.600000
2.661349 0.877166 24.995208 238.036458
2.681359 0.882416 24.996421 281.910526
2.701369 0.877327 24.996617 328.855721
2.721380 0.879771 24.997249 370.904762
2.741390 0.878464 24.997696 417.895288
2.761400 0.875692 24.997778 464.060606
2.781410 0.879302 24.999365 509.116402
2.801420 0.874450 25.000000 557.671717
2.821430 0.875542 25.000000 600.256545
2.841440 0.876278 24.998794 648.613065
2.861451 0.871935 24.995158 698.010526
2.881461 0.874170 24.995960 743.883838
2.901471 0.873996 25.002062 794.283505
2.921481 0.870595 25.002051 841.241026
2.941491 0.874550 24.999798 889.853535
2.961501 0.870396 25.000829 940.336788
2.981511 0.871532 25.002513 987.052356
3.001522 0.871629 25.005226 1037.070352
3.021532 0.869160 25.002680 1087.036082
3.041542 0.870109 25.000000 1136.598985
3.061552 0.870122 25.000821 1186.497436
3.081562 0.868789 25.002902 1235.834197
3.101572 0.868796 25.007551 1286.857143
3.121583 0.867677 25.007143 1338.474490
3.141593 0.868167 25.002020 1389.868687
3.161603 0.867704 24.997600 1442.890000
3.181613 0.865613 24.997460 1495.439153
3.201623 0.868638 24.999798 1547.737374
3.221633 0.865963 24.997186 1602.386935
3.241643 0.866846 24.997157 1657.106599
3.261654 0.867740 24.997744 1712.271795
3.281664 0.863794 25.000404 1769.303030
3.301674 0.868441 25.002400 1825.955000
3.321684 0.865770 24.998743 1883.136126
3.341694 0.865153 24.996269 1939.502591
3.361704 0.866985 24.995800 1998.505000
3.381714 0.866085 24.998974 2059.394872
3.401725 0.868567 25.000000 2120.543590
3.421735 0.867409 25.000000 2182.025773
3.441745 0.866921 24.997347 2244.188776
3.461755 0.869524 24.992764 2309.819095
3.481765 0.868505 24.990157 2374.806283
3.501775 0.869771 24.995200 2441.775000
3.521785 0.870429 24.997083 2508.776042
3.541796 0.868898 24.994694 2577.826531
3.561806 0.871709 24.998557 2648.644330
3.581816 0.871813 25.002694 2718.170984
3.601826 0.872154 25.001624 2789.035533
3.621836 0.873590 25.007000 2859.815000
3.641846 0.873734 25.003191 2929.457447
3.661856 0.875136 24.995000 2998.271739
3.681867 0.873712 24.994945 3067.060440
3.701877 0.874521 24.997647 3134.903743
3.721887 0.875730 25.000000 3203.451613
3.741897 0.876897 25.000000 3267.636872
3.761907 0.877637 25.000000 3330.100559
3.781917 0.878942 25.000000 3391.191257
3.801927 0.877620 25.000000 3450.983240
3.821938 0.883079 25.000000 3509.798913
3.841948 0.879401 25.001326 3567.392265
3.861958 0.881441 25.002938 3621.887006
3.881968 0.881598 25.004324 3675.767568
3.901978 0.881750 24.995410 3729.142077
3.921988 0.884537 24.992273 3779.176136
3.941998 0.883487 24.998033 3828.540984
3.962009 0.883694 25.006409 3876.508287
3.982019 0.885958 25.003333 3923.405556
4.002029 0.884787 24.999111 3968.622222
4.022039 0.885667 24.996791 4013.887701
4.042049 0.887173 25.001609 4057.971264
4.062059 0.884736 25.002391 4100.418478
4.082069 0.888913 25.001582 4142.197740
4.102080 0.887308 25.000000 4183.445652
4.122090 0.887335 25.000000 4224.510989
4.142100 0.888025 25.000000 4264.797753
4.162110 0.888626 24.999330 4305.782123
4.182120 0.888744 24.991638 4347.932203
4.202130 0.888650 24.989831 4390.723164
4.222140 0.889704 24.996648 4435.927374
4.242151 0.889608 25.000000 4482.642857
4.262161 0.890709 25.000000 4532.413408
4.282171 0.889461 25.000000 4584.120219
4.302181 0.891180 24.996444 4638.033333
4.322191 0.889161 24.991186 4692.254237
4.342201 0.893239 24.995531 4748.083799
4.362211 0.891115 25.000000 4803.308571
4.382222 0.891477 25.000000 4860.500000
4.402232 0.892015 25.000000 4918.224719
4.422242 0.890860 25.000000 4974.967568
4.442252 0.892447 25.001341 5032.770950
4.462262 0.892215 25.004773 5087.534091
4.482272 0.892155 25.004783 5143.929348
4.502282 0.892447 24.998605 5197.563953
4.522293 0.893019 24.997596 5249.672131
4.542303 0.892588 24.998444 5301.783333
4.562313 0.892310 25.000000 5352.084746
4.582323 0.890887 25.000000 5401.431818
4.602333 0.894672 25.000000 5450.494382
4.622343 0.892947 24.999333 5497.744444
4.642353 0.893094 24.997158 5545.978142
4.662364 0.892319 24.997955 5592.630682
4.682374 0.892253 25.000000 5638.259887
4.702384 0.893238 25.000000 5686.123656
4.722394 0.893870 25.000000 5732.250000
4.742404 0.893418 25.000000 5777.983333
4.762414 0.893113 25.001117 5823.452514
4.782424 0.893126 25.002712 5869.259887
4.802435 0.894531 25.005495 5915.670330
4.822445 0.893106 25.008814 5960.847458
4.842455 0.891253 25.012324 6006.302703
4.862465 0.894364 25.000465 6051.877907
4.882475 0.891927 24.993913 6096.739130
4.902485 0.894072 24.997500 6142.517045
4.922495 0.892090 25.002472 6186.365169
4.942506 0.893332 25.002472 6230.292135
4.962516 0.894638 25.000430 6275.854839
4.982526 0.891829 25.000000 6321.184971
5.002536 0.893230 25.000884 6365.038674
5.022546 0.893573 25.002366 6409.548387
5.042556 0.892175 25.002971 6452.594286
5.062567 0.894276 25.002543 6495.826590
5.082577 0.894051 25.002404 6539.885246
5.102587 0.892242 25.000000 6584.134078
5.122597 0.895646 25.004022 6629.754190
5.142607 0.891579 25.005618 6676.634831
5.162617 0.894608 25.004835 6722.626374
5.182627 0.893184 24.995307 6768.748603
5.202638 0.893221 24.992179 6815.011173
5.222648 0.895798 24.999351 6862.675676
5.242658 0.893715 25.006936 6909.179191
5.262668 0.892940 25.007458 6955.237288
5.282678 0.893715 25.001297 7001.805405
5.302688 0.892943 25.000000 7049.212644
5.322698 0.893915 24.999111 7096.938889
5.342709 0.892937 24.997045 7144.159091
5.362719 0.892046 24.998242 7191.752747
5.382729 0.895740 25.000000 7241.327778
5.402739 0.892791 25.000225 7289.117978
5.422749 0.892331 25.000000 7338.289773
5.442759 0.894011 24.995217 7388.701087
5.462769 0.892878 24.997288 7438.977401
5.482780 0.894254 25.002873 7489.491713
5.502790 0.892682 25.005333 7540.705556
5.522800 0.894485 25.004719 7592.123596
5.542810 0.893454 25.000000 7644.307263
5.562820 0.891999 25.000000 7696.477778
5.582830 0.895612 25.001798 7748.713483
5.602840 0.892796 25.002391 7802.141304
5.622851 0.893445 25.001379 7857.385057
5.642861 0.895179 25.000000 7912.379121
5.662871 0.892471 25.000000 7966.306358
5.682881 0.893704 24.998453 8020.679558
5.702891 0.893465 24.995556 8076.033333
5.722901 0.892593 24.994831 8133.162921
5.742911 0.895306 25.000000 8190.342541
5.762922 0.892227 25.000457 8247.565714
5.782932 0.893136 24.999777 8305.463687
5.802942 0.893277 24.999779 8363.591160
5.822952 0.891676 24.998453 8422.005525
5.842962 0.896122 24.994286 8480.548571
5.862972 0.891846 24.995111 8538.572222
5.882982 0.893063 24.997333 8598.788889
5.902993 0.894316 24.997318 8659.072626
5.923003 0.892047 25.000000 8717.648352
5.943013 0.893602 24.996136 8777.102273
5.963023 0.891482 24.996114 8837.914286
5.983033 0.890073 25.004641 8898.519337
6.003043 0.895373 25.006629 8959.091429
6.023053 0.891278 25.002697 9019.353933
6.043064 0.893202 25.000000 9080.989011
6.063074 0.891795 25.000000 9142.418079
6.083084 0.889441 25.000000 9202.831461
6.103094 0.894050 24.998232 9263.381215
6.123104 0.891207 24.997158 9326.398907
6.143114 0.890492 24.999096 9387.819209
6.163124 0.892104 25.002000 9447.422222
6.183135 0.890094 25.004222 9509.738889
6.203145 0.891654 25.003128 9569.184358
6.223155 0.889479 25.001808 9629.220339
6.243165 0.889842 25.001304 9690.467391
6.263175 0.892660 25.002286 9748.914286
