serial number: JANUSZ_4_RI70_21209057
torque: 8.0
start_temp: 30 (32)
finish_temp: 29 (31)
note: joint J4 dodatkowy, pcb 3_4
0.000000 nan
0.021014 0.535938
0.042028 0.528601
0.063042 0.537557
0.084056 0.530350
0.105070 0.532603
0.126084 0.535469
0.147098 0.529801
0.168112 0.538715
0.189126 0.530755
0.210140 0.534263
0.231154 0.536670
0.252168 0.532469
0.273182 0.541845
0.294196 0.534069
0.315210 0.538506
0.336224 0.538624
0.357238 0.534481
0.378252 0.542757
0.399266 0.535099
0.420280 0.541551
0.441294 0.540990
0.462308 0.537839
0.483322 0.545391
0.504336 0.537381
0.525350 0.544319
0.546364 0.541952
0.567378 0.539532
0.588392 0.547042
0.609406 0.540183
0.630420 0.548231
0.651434 0.544622
0.672448 0.542821
0.693462 0.548390
0.714476 0.541293
0.735490 0.550666
0.756504 0.546364
0.777518 0.545918
0.798532 0.550821
0.819546 0.543827
0.840560 0.552787
0.861574 0.546740
0.882588 0.547227
0.903602 0.551167
0.924616 0.544360
0.945630 0.553172
0.966644 0.546381
0.987658 0.547173
1.008672 0.549760
1.029686 0.543470
1.050700 0.552525
1.071714 0.546157
1.092728 0.549039
1.113742 0.550020
1.134756 0.544285
1.155770 0.552531
1.176784 0.545011
1.197798 0.548328
1.218812 0.547719
1.239826 0.542423
1.260840 0.549620
1.281854 0.541167
1.302868 0.545832
1.323882 0.544919
1.344896 0.542219
1.365910 0.549684
1.386924 0.541907
1.407938 0.548530
1.428952 0.546449
1.449966 0.543773
1.470980 0.549972
1.491994 0.542205
1.513008 0.549797
1.534022 0.546281
1.555036 0.544300
1.576050 0.549939
1.597064 0.542453
1.618078 0.550172
1.639092 0.545260
1.660106 0.544793
1.681120 0.549198
1.702134 0.540935
1.723148 0.549006
1.744162 0.543182
1.765176 0.543234
1.786190 0.547103
1.807204 0.540547
1.828218 0.549361
1.849232 0.543395
1.870246 0.544789
1.891260 0.547885
1.912274 0.542126
1.933288 0.549830
1.954302 0.542945
1.975316 0.545217
1.996330 0.547420
2.017344 0.542299
2.038358 0.550154
2.059372 0.543411
2.080386 0.546330
2.101400 0.547311
2.122414 0.543491
2.143428 0.551601
2.164442 0.543318
2.185456 0.547483
2.206470 0.546877
2.227484 0.543415
2.248498 0.551295
2.269512 0.544114
2.290526 0.549942
2.311540 0.547635
2.332554 0.544952
2.353568 0.552248
2.374582 0.545014
2.395596 0.551194
2.416610 0.547942
2.437624 0.546254
2.458638 0.552195
2.479652 0.544556
2.500666 0.551248
2.521680 0.548011
2.542694 0.546943
2.563708 0.552169
2.584722 0.545314
2.605736 0.553395
2.626750 0.548477
2.647764 0.548287
2.668778 0.552899
2.689792 0.546375
2.710806 0.554866
2.731820 0.548742
2.752834 0.549897
2.773848 0.552939
2.794862 0.546266
2.815876 0.553583
2.836890 0.547222
2.857904 0.549995
2.878918 0.552200
2.899932 0.546967
2.920946 0.554955
2.941960 0.548020
2.962974 0.551638
2.983988 0.551815
3.005002 0.546879
3.026016 0.553936
3.047030 0.546114
3.068044 0.550625
3.089058 0.549292
3.110072 0.544533
3.131086 0.550857
3.152100 0.542864
3.173114 0.548295
3.194128 0.545363
3.215142 0.542351
3.236156 0.547929
3.257170 0.540135
3.278184 0.546649
3.299198 0.542791
3.320212 0.540898
3.341226 0.545930
3.362240 0.537944
3.383254 0.545155
3.404268 0.540224
3.425282 0.540202
3.446296 0.543615
3.467310 0.536651
3.488324 0.544736
3.509338 0.539254
3.530352 0.540701
3.551366 0.543536
3.572380 0.537377
3.593394 0.544592
3.614408 0.537678
3.635422 0.539772
3.656436 0.541689
3.677450 0.536379
3.698464 0.544435
3.719478 0.536455
3.740492 0.539133
3.761506 0.538799
3.782520 0.534054
3.803534 0.541329
3.824548 0.533341
3.845562 0.536538
3.866576 0.535134
3.887590 0.531312
3.908604 0.538394
3.929618 0.530567
3.950632 0.535932
3.971646 0.533997
3.992660 0.531958
4.013674 0.538103
4.034688 0.530845
4.055702 0.537911
4.076716 0.534110
4.097730 0.532701
4.118744 0.538255
4.139758 0.530897
4.160772 0.538194
4.181786 0.533221
4.202800 0.532525
4.223814 0.536602
4.244828 0.529611
4.265842 0.538246
4.286856 0.532309
4.307870 0.532141
4.328884 0.534816
4.349898 0.528511
4.370912 0.537072
4.391926 0.530080
4.412940 0.531589
4.433954 0.533948
4.454968 0.528418
4.475982 0.537587
4.496996 0.531344
4.518010 0.534732
4.539023 0.536032
4.560037 0.531661
4.581051 0.540358
4.602065 0.532452
4.623079 0.537747
4.644093 0.537598
4.665107 0.534262
4.686121 0.542485
4.707135 0.533948
4.728149 0.540215
4.749163 0.538944
4.770177 0.536153
4.791191 0.542994
4.812205 0.535048
4.833219 0.541928
4.854233 0.539548
4.875247 0.538398
4.896261 0.545457
4.917275 0.537594
4.938289 0.545623
4.959303 0.541429
4.980317 0.540444
5.001331 0.546157
5.022345 0.537613
5.043359 0.545308
5.064373 0.539294
5.085387 0.538370
5.106401 0.543305
5.127415 0.536150
5.148429 0.545642
5.169443 0.539111
5.190457 0.539643
5.211471 0.543080
5.232485 0.535506
5.253499 0.544647
5.274513 0.537122
5.295527 0.538828
5.316541 0.540946
5.337555 0.535061
5.358569 0.543911
5.379583 0.535828
5.400597 0.538975
5.421611 0.540517
5.442625 0.535008
5.463639 0.543739
5.484653 0.535440
5.505667 0.540123
5.526681 0.539951
5.547695 0.534601
5.568709 0.542763
5.589723 0.533598
5.610737 0.538870
5.631751 0.537295
5.652765 0.533424
5.673779 0.540710
5.694793 0.531981
5.715807 0.538199
5.736821 0.535489
5.757835 0.531963
5.778849 0.539228
5.799863 0.530634
5.820877 0.538576
5.841891 0.535292
5.862905 0.533469
5.883919 0.540119
5.904933 0.531055
5.925947 0.538312
5.946961 0.533723
5.967975 0.531747
5.988989 0.537457
6.010003 0.528789
6.031017 0.537223
6.052031 0.531421
6.073045 0.531169
6.094059 0.536772
6.115073 0.528521
6.136087 0.537460
6.157101 0.531115
6.178115 0.532100
6.199129 0.536227
6.220143 0.528838
6.241157 0.538017
6.262171 0.530852
6.283185 0.532218
