serial number: JANUSZ_2_RI70_21111530
torque: 8
start_temp: 27 (28)
finish_temp: 28 (29)
note: skladane na obrotach - nowe pcb d23
0.000000 0.879451 27.987027 0.000000
0.020010 0.875527 27.981921 0.000000
0.040020 0.879411 27.992982 0.000000
0.060030 0.877379 27.994854 0.000000
0.080041 0.877247 27.977485 0.000000
0.100051 0.881238 27.978140 0.000000
0.120061 0.878337 27.994588 0.000000
0.140071 0.881463 27.989176 0.000000
0.160081 0.880636 27.978353 0.000000
0.180091 0.879593 27.980465 0.000000
0.200101 0.883417 27.986667 0.000000
0.220112 0.881136 27.995476 0.000000
0.240122 0.881305 27.996763 0.000000
0.260132 0.884221 27.983023 0.000000
0.280142 0.882502 27.967442 0.000000
0.300152 0.884782 27.973576 0.000000
0.320162 0.883047 27.991813 0.000000
0.340172 0.883745 27.991084 0.000000
0.360183 0.886255 27.984046 0.000000
0.380193 0.883907 27.990118 0.000000
0.400203 0.885625 27.988772 0.000000
0.420213 0.885539 27.979286 0.000000
0.440223 0.884543 27.974503 0.000000
0.460233 0.888051 27.979645 0.000000
0.480243 0.885554 27.982195 0.000000
0.500254 0.885767 27.983584 0.000000
0.520264 0.887037 27.988276 0.000000
0.540274 0.886618 27.988121 0.000000
0.560284 0.889662 27.987317 0.000000
0.580294 0.885402 27.988902 0.000000
0.600304 0.887671 27.981205 0.000000
0.620314 0.889832 27.979649 0.000000
0.640325 0.886846 27.985896 0.000000
0.660335 0.889054 27.985185 0.000000
0.680345 0.888871 27.984327 0.000000
0.700355 0.886190 27.981190 0.000000
0.720365 0.889950 27.975059 0.000000
0.740375 0.886750 27.984142 0.000000
0.760385 0.888009 27.989474 0.000000
0.780396 0.888647 27.977725 0.000000
0.800406 0.887385 27.980359 0.000000
0.820416 0.888145 27.993216 0.000000
0.840426 0.885916 27.995210 0.000000
0.860436 0.886080 27.992771 0.000000
0.880446 0.886446 27.992874 0.000000
0.900456 0.885093 27.989586 0.000000
0.920467 0.885326 27.981040 0.000000
0.940477 0.884842 27.975858 0.000000
0.960487 0.883152 27.982428 0.000000
0.980497 0.885090 27.983571 0.000000
1.000507 0.882298 27.977751 0.000000
1.020517 0.881932 27.976727 0.000000
1.040528 0.882735 27.978057 0.000000
1.060538 0.880956 27.983529 0.000000
1.080548 0.881883 27.985882 0.000000
1.100558 0.879244 27.969535 0.000000
1.120568 0.878752 27.973491 0.000000
1.140578 0.880070 27.984971 0.000000
1.160588 0.877599 27.992619 0.000000
1.180599 0.877213 27.990698 0.000000
1.200609 0.875671 27.986746 0.000000
1.220619 0.874533 27.989302 0.000000
1.240629 0.876802 27.993412 0.000000
1.260639 0.873059 27.992457 0.000000
1.280649 0.872310 27.992899 0.000000
1.300659 0.872790 27.991910 0.000000
1.320670 0.870751 27.982690 0.000000
1.340680 0.871684 27.984000 0.000000
1.360690 0.869082 27.987052 0.000000
1.380700 0.869383 27.987977 0.000000
1.400710 0.869246 27.990115 0.000000
1.420720 0.867203 27.988605 0.000000
1.440730 0.867756 27.986667 0.000000
1.460741 0.866110 27.979765 0.000000
1.480751 0.865714 27.973256 0.000000
1.500761 0.866595 27.981257 0.000000
1.520771 0.863657 27.981040 0.000000
1.540781 0.862192 27.985763 0.000000
1.560791 0.862966 27.987429 0.000000
1.580801 0.861627 27.966897 0.000000
1.600812 0.861989 27.975260 0.000000
1.620822 0.860296 27.994091 0.000000
1.640832 0.858552 27.992139 0.000000
1.660842 0.859955 27.986127 0.000000
1.680852 0.857503 27.985698 0.000000
1.700862 0.857137 27.992982 0.000000
1.720872 0.856741 27.992457 0.000000
1.740883 0.855954 27.986136 0.000000
1.760893 0.856088 27.985829 0.000000
1.780903 0.854180 27.984914 0.000000
1.800913 0.854399 27.969425 0.000000
1.820923 0.853149 27.969143 0.000000
1.840933 0.852604 27.979218 0.000000
1.860943 0.853432 27.965146 0.000000
1.880954 0.851030 27.969438 0.000000
1.900964 0.849927 27.982921 0.000000
1.920974 0.851367 27.986816 0.000000
1.940984 0.851377 27.983294 0.000000
1.960994 0.849702 27.977654 0.000000
1.981004 0.849062 27.978864 0.000000
2.001014 0.848644 27.984045 0.000000
2.021025 0.848932 27.980782 0.000000
2.041035 0.847929 27.982428 0.000000
2.061045 0.847959 27.981257 0.000000
2.081055 0.848624 27.981622 0.000000
2.101065 0.848372 27.986512 0.000000
2.121075 0.848988 27.979310 0.000000
2.141085 0.846375 27.974505 0.000000
2.161096 0.847609 27.984407 0.000000
2.181106 0.847769 27.993034 0.000000
2.201116 0.847287 27.996800 0.000000
2.221126 0.848282 27.995000 0.000000
2.241136 0.847366 27.992265 0.000000
2.261146 0.848211 27.993672 0.000000
2.281156 0.850474 27.991591 0.000000
2.301167 0.847003 27.990112 0.000000
2.321177 0.848988 27.994451 0.000000
2.341187 0.848124 27.992849 0.000000
2.361197 0.849461 27.994607 0.000000
2.381207 0.851665 27.991264 0.000000
2.401217 0.848797 27.986207 0.000000
2.421227 0.851069 27.985393 0.000000
2.441238 0.850573 27.976229 0.000000
2.461248 0.850749 27.970286 0.000000
2.481258 0.852156 27.981364 0.000000
2.501268 0.850615 27.987727 0.000000
2.521278 0.853134 27.984530 0.000000
2.541288 0.854839 27.992749 0.000000
2.561298 0.852847 27.992486 0.000000
2.581309 0.854945 27.986588 0.000000
2.601319 0.853740 27.985455 0.000000
2.621329 0.855239 27.990112 0.000000
2.641339 0.857445 27.984045 0.000000
2.661349 0.854986 27.974035 0.000000
2.681359 0.857365 27.978983 0.000000
2.701369 0.857908 27.993450 0.000000
2.721380 0.857673 27.995084 0.000000
2.741390 0.860244 27.985029 0.000000
2.761400 0.857488 27.987273 0.000000
2.781410 0.859659 27.998171 0.000000
2.801420 0.861526 27.989545 0.000000
2.821430 0.859397 27.980351 0.000000
2.841440 0.862662 27.986667 0.000000
2.861451 0.860691 27.987746 0.000000
2.881461 0.861710 27.977727 0.000000
2.901471 0.864997 27.980578 0.000000
2.921481 0.861566 27.992914 0.000000
2.941491 0.864681 27.997225 0.000000
2.961501 0.864172 27.991529 0.000000
2.981511 0.864915 27.984944 0.000000
3.001522 0.866027 27.979765 0.000000
3.021532 0.863405 27.989655 0.000000
3.041542 0.866078 27.996136 0.000000
3.061552 0.866496 27.992045 0.000000
3.081562 0.865263 27.994620 0.000000
3.101572 0.867681 27.996114 0.000000
3.121583 0.865842 27.995322 0.000000
3.141593 0.663319 27.971240 0.000000
3.161603 0.786719 27.974851 0.000000
3.181613 0.801086 27.982714 0.000000
3.201623 0.821533 27.988601 0.000000
3.221633 0.828293 27.991837 0.000000
3.241643 0.828166 27.993089 0.000000
3.261654 0.840004 27.985550 0.000000
3.281664 0.837192 27.976508 0.000000
3.301674 0.843479 27.973895 0.000000
3.321684 0.847866 27.978316 0.000000
3.341694 0.846945 27.980317 0.000000
3.361704 0.850462 27.967273 0.000000
3.381714 0.847726 27.967196 0.000000
3.401725 0.854380 27.977989 0.000000
3.421735 0.853013 27.983111 0.000000
3.441745 0.852432 27.983333 0.000000
3.461755 0.855471 27.978182 0.000000
3.481765 0.854100 27.975319 0.000000
3.501775 0.856161 27.975054 0.000000
3.521785 0.858777 27.983830 0.000000
3.541796 0.854691 27.992632 0.000000
3.561806 0.857422 27.981935 0.000000
3.581816 0.858696 27.973115 0.000000
3.601826 0.856749 27.982553 0.000000
3.621836 0.860196 27.987609 0.000000
3.641846 0.855866 27.984043 0.000000
3.661856 0.858611 27.980215 0.000000
3.681867 0.861459 27.978105 0.000000
3.701877 0.857199 27.981319 0.000000
3.721887 0.860116 27.976304 0.000000
3.741897 0.858279 27.984255 0.000000
3.761907 0.856692 27.989529 0.000000
3.781917 0.861029 27.987624 0.000000
3.801927 0.855941 27.985263 0.000000
3.821938 0.859108 27.978610 0.000000
3.841948 0.856442 27.965989 0.000000
3.861958 0.856774 27.979676 0.000000
3.881968 0.858622 27.983191 0.000000
3.901978 0.854503 27.988415 0.000000
3.921988 0.856418 27.990000 0.000000
3.941998 0.857334 27.987225 0.000000
3.962009 0.852788 27.985591 0.000000
3.982019 0.855402 27.972903 0.000000
4.002029 0.854093 27.975106 0.000000
4.022039 0.851578 27.982340 0.000000
4.042049 0.856186 27.988877 0.000000
4.062059 0.849643 27.984339 0.000000
4.082069 0.853564 27.980324 0.000000
4.102080 0.852326 27.977826 0.000000
4.122090 0.848354 27.978010 0.000000
4.142100 0.852074 27.979892 0.000000
4.162110 0.848196 27.991710 0.000000
4.182120 0.847751 27.995243 0.000000
4.202130 0.850437 27.985474 0.000000
4.222140 0.844261 27.968290 0.000000
4.242151 0.848313 27.972688 0.000000
4.262161 0.845702 27.985969 0.000000
4.282171 0.843988 27.981799 0.000000
4.302181 0.847213 27.981915 0.000000
4.322191 0.841539 27.981571 0.000000
4.342201 0.844425 27.975661 0.000000
4.362211 0.843352 27.968912 0.000000
4.382222 0.839814 27.968649 0.000000
4.402232 0.843797 27.975417 0.000000
4.422242 0.839765 27.982737 0.000000
4.442252 0.839726 27.985625 0.000000
4.462262 0.841882 27.984084 0.000000
4.482272 0.836243 27.980733 0.000000
4.502282 0.840670 27.985699 0.000000
4.522293 0.837673 27.985131 0.000000
4.542303 0.837635 27.976216 0.000000
4.562313 0.840214 27.970370 0.000000
4.582323 0.834712 27.973807 0.000000
4.602333 0.837788 27.975208 0.000000
4.622343 0.837207 27.978298 0.000000
4.642353 0.835829 27.992410 0.000000
4.662364 0.837731 27.989841 0.000000
4.682374 0.834426 27.987358 0.000000
4.702384 0.834578 27.981176 0.000000
4.722394 0.838204 27.986735 0.000000
4.742404 0.833187 27.992653 0.000000
4.762414 0.836797 27.986596 0.000000
4.782424 0.834469 27.977113 0.000000
4.802435 0.833479 27.984550 0.000000
4.822445 0.838026 27.989787 0.000000
4.842455 0.831379 27.987538 0.000000
4.862465 0.836502 27.993118 0.000000
4.882475 0.835367 27.979798 0.000000
4.902485 0.832692 27.973478 0.000000
4.922495 0.837873 27.983529 0.000000
4.942506 0.832975 27.972910 0.000000
4.962516 0.835240 27.968410 0.000000
4.982526 0.838090 27.983665 0.000000
5.002536 0.833375 27.986872 0.000000
5.022546 0.837626 27.969947 0.000000
5.042556 0.835555 27.964607 0.000000
5.062567 0.834932 27.978125 0.000000
5.082577 0.839941 27.982054 0.000000
5.102587 0.835356 27.980305 0.000000
5.122597 0.838075 27.987459 0.000000
5.142607 0.839307 27.985102 0.000000
5.162617 0.836338 27.981152 0.000000
5.182627 0.842191 27.985608 0.000000
5.202638 0.837422 27.988063 0.000000
5.222648 0.839762 27.987917 0.000000
5.242658 0.842461 27.980851 0.000000
5.262668 0.839654 27.979375 0.000000
5.282678 0.843165 27.977684 0.000000
5.302688 0.841084 27.979789 0.000000
5.322698 0.841011 27.989474 0.000000
5.342709 0.846363 27.986455 0.000000
5.362719 0.840734 27.975000 0.000000
5.382729 0.844771 27.981818 0.000000
5.402739 0.845275 27.989684 0.000000
5.422749 0.843647 27.989738 0.000000
5.442759 0.848375 27.982553 0.000000
5.462769 0.845765 27.988421 0.000000
5.482780 0.846684 27.990638 0.000000
5.502790 0.849382 27.989430 0.000000
5.522800 0.845451 27.984385 0.000000
5.542810 0.849663 27.984599 0.000000
5.562820 0.848501 27.980107 0.000000
5.582830 0.848976 27.977617 0.000000
5.602840 0.853159 27.982418 0.000000
5.622851 0.848647 27.978105 0.000000
5.642861 0.851617 27.984000 0.000000
5.662871 0.852910 27.994162 0.000000
5.682881 0.852221 27.984731 0.000000
5.702891 0.856408 27.979037 0.000000
5.722901 0.853302 27.985208 0.000000
5.742911 0.855040 27.985946 0.000000
5.762922 0.858375 27.979355 0.000000
5.782932 0.855304 27.985297 0.000000
5.802942 0.859853 27.999144 0.000000
5.822952 0.858513 27.999158 0.000000
5.842962 0.858603 27.997377 0.000000
5.862972 0.863773 27.992903 0.000000
5.882982 0.860712 27.986096 0.000000
5.902993 0.862948 27.981075 0.000000
5.923003 0.864326 27.981390 0.000000
5.943013 0.863236 27.989274 0.000000
5.963023 0.867666 27.997474 0.000000
5.983033 0.864513 27.995191 0.000000
6.003043 0.867035 27.987097 0.000000
6.023053 0.869205 27.986374 0.000000
6.043064 0.867304 27.982391 0.000000
6.063074 0.871278 27.966522 0.000000
6.083084 0.869613 27.966522 0.000000
6.103094 0.870261 27.974348 0.000000
6.123104 0.874145 27.977753 0.000000
6.143114 0.871233 27.986526 0.000000
6.163124 0.873834 27.983687 0.000000
6.183135 0.875347 27.983656 0.000000
6.203145 0.873512 27.980851 0.000000
6.223155 0.877903 27.983503 0.000000
6.243165 0.875878 27.992308 0.000000
6.263175 0.876860 27.991209 0.000000
