serial number: JANUSZ_2_RI70_21111530
torque: 8
start_temp: 22 (23)
finish_temp: 22 (23)
note: skladane na obrotach - nowe pcb d23
0.000000 0.546332 22.000000 5573.795580
0.020010 0.544118 22.000000 5621.502674
0.040020 0.545301 22.000000 5668.011173
0.060030 0.543552 22.000000 5709.112299
0.080041 0.543585 22.000000 5764.055249
0.100051 0.545143 22.000000 5810.443243
0.120061 0.541194 22.000000 5860.912088
0.140071 0.542757 22.000000 5918.802139
0.160081 0.541331 22.000000 5967.091398
0.180091 0.540311 22.000000 6028.808743
0.200101 0.542670 22.000000 6084.577540
0.220112 0.538327 22.000000 6138.751381
0.240122 0.539105 22.000000 6207.201058
0.260132 0.540875 22.000000 6262.414894
0.280142 0.538757 22.000000 6328.945055
0.300152 0.540632 22.000000 6394.550000
0.320162 0.538711 22.000000 6454.814433
0.340172 0.539408 22.000000 6532.617486
0.360183 0.541294 22.000000 6597.983871
0.380193 0.539742 22.000000 6667.410811
0.400203 0.540366 22.000000 6749.010695
0.420213 0.540042 22.000000 6817.209945
0.440223 0.539494 22.000000 6900.994624
0.460233 0.541640 22.000000 6979.623656
0.480243 0.538318 22.000000 7054.934426
0.500254 0.539244 21.997005 7146.957219
0.520264 0.539947 21.998075 7226.171123
0.540274 0.538180 21.999568 7314.767568
0.560284 0.539202 22.000000 7405.016575
0.580294 0.537664 21.992593 7486.566138
0.600304 0.538053 21.996685 7583.508287
0.620314 0.539701 22.000000 7671.345550
0.640325 0.537487 22.000000 7762.326425
0.660335 0.538340 22.000000 7863.284091
0.680345 0.539354 22.000000 7947.839572
0.700355 0.539357 22.000000 8047.947368
0.720365 0.541754 22.000000 8143.792350
0.740375 0.540018 22.000000 8233.510638
0.760385 0.541104 22.000000 8334.636872
0.780396 0.542862 22.000000 8426.812834
0.800406 0.542369 22.000000 8520.315217
0.820416 0.542927 22.000000 8618.735135
0.840426 0.542052 22.000000 8708.219780
0.860436 0.542578 22.000000 8802.645161
0.880446 0.543247 22.000000 8893.896175
0.900456 0.542607 22.000000 8979.559783
0.920467 0.542729 22.000000 9072.532967
0.940477 0.542795 22.000000 9156.392473
0.960487 0.542571 22.000000 9242.276596
0.980497 0.544164 22.000000 9326.061798
1.000507 0.541985 22.000000 9403.164021
1.020517 0.542216 22.000000 9486.912088
1.040528 0.544408 22.000000 9563.043243
1.060538 0.543720 22.000000 9638.202186
1.080548 0.544537 22.000000 9715.322404
1.100558 0.545856 22.000000 9784.527473
1.120568 0.545542 22.000000 9857.190217
1.140578 0.547347 22.000000 9926.584699
1.160588 0.547627 22.000000 9990.670270
1.180599 0.546989 22.000000 10060.254054
1.200609 0.548545 22.000000 10121.743017
1.220619 0.548101 22.000000 10184.569892
1.240629 0.550224 22.000000 10245.520231
1.260639 0.548692 22.000000 10300.807692
1.280649 0.548869 22.000000 10363.819149
1.300659 0.550106 22.000000 10420.735135
1.320670 0.548871 22.000000 10475.489011
1.340680 0.549366 22.000000 10534.390110
1.360690 0.550460 22.000000 10583.949721
1.380700 0.549163 22.000000 10639.679144
1.400710 0.551176 22.000000 10691.620112
1.420720 0.551256 22.000000 10739.404372
1.440730 0.550775 22.000000 10793.662921
1.460741 0.552389 22.000000 10838.442623
1.480751 0.552822 22.000000 10887.073034
1.500761 0.553459 22.000000 10934.838889
1.520771 0.553430 22.000000 10976.530055
1.540781 0.552799 22.000000 11024.982955
1.560791 0.554928 22.000000 11066.147541
1.580801 0.553956 22.000000 11107.325967
1.600812 0.553819 22.000000 11153.741758
1.620822 0.554510 22.000000 11190.627778
1.640832 0.552521 22.000000 11234.835165
1.660842 0.554494 21.997528 11274.977528
1.680852 0.554361 21.996906 11310.292818
1.700862 0.552909 22.000000 11353.318182
1.720872 0.554609 21.996264 11387.923077
1.740883 0.553727 21.998232 11424.596685
1.760893 0.554457 22.000000 11462.366120
1.780903 0.554928 22.000000 11491.534483
1.800913 0.552935 22.000000 11529.442623
1.820923 0.555338 22.000000 11559.406593
1.840933 0.555010 22.000000 11589.011111
1.860943 0.554571 22.000000 11621.775281
1.880954 0.555997 22.000000 11647.366667
1.900964 0.554983 22.000000 11676.918033
1.920974 0.555833 21.999326 11706.567416
1.940984 0.556697 21.995892 11730.481081
1.960994 0.554800 21.999326 11765.359551
1.981004 0.556712 22.000000 11790.225989
2.001014 0.555973 22.000000 11821.612022
2.021025 0.555554 22.000000 11854.382857
2.041035 0.556367 22.000000 11882.872928
2.061045 0.553607 22.000000 11918.763736
2.081055 0.554659 22.000000 11949.923077
2.101065 0.555159 22.000000 11980.651685
2.121075 0.553691 22.000000 12016.668508
2.141085 0.554933 22.000000 12045.546448
2.161096 0.552644 22.000000 12081.195531
2.181106 0.553911 22.000000 12115.582418
2.201116 0.555791 22.000000 12148.227778
2.221126 0.552227 22.000000 12188.699454
2.241136 0.555216 22.000000 12223.405556
2.261146 0.553582 22.000000 12261.438889
2.281156 0.552094 21.999560 12300.824176
2.301167 0.553649 21.995955 12336.039326
2.321177 0.550032 21.998901 12376.005495
2.341187 0.550047 22.000000 12412.192090
2.361197 0.549418 21.995556 12448.327160
2.381207 0.545521 21.998303 12485.351515
2.401217 0.547443 22.000000 12519.255952
2.421227 0.545059 22.000000 12551.739394
2.441238 0.544448 22.000000 12583.335366
2.461248 0.546218 22.000000 12610.586826
2.481258 0.541934 22.000000 12640.538462
2.501268 0.543514 22.000000 12666.208589
2.521278 0.542575 22.000000 12691.678788
2.541288 0.540999 22.000000 12718.722892
2.561298 0.543844 22.000000 12742.792683
2.581309 0.540107 22.000000 12769.431138
2.601319 0.541699 22.000000 12795.202454
2.621329 0.542514 22.000000 12821.888889
2.641339 0.539267 22.000000 12851.520710
2.661349 0.541211 22.002909 12879.327273
2.681359 0.539205 22.003059 12912.494118
2.701369 0.538270 22.000000 12943.374233
2.721380 0.540733 22.000000 12979.452381
2.741390 0.536315 22.000000 13015.012270
2.761400 0.538768 21.999535 13054.046512
2.781410 0.536988 21.996706 13096.458824
2.801420 0.535833 22.003614 13137.054217
2.821430 0.538273 22.000241 13181.891566
2.841440 0.534286 22.000000 13227.524096
2.861451 0.534667 22.000000 13272.686391
2.881461 0.535791 22.000000 13321.445783
2.901471 0.533509 22.000000 13369.005952
2.921481 0.535638 22.000000 13418.976331
2.941491 0.533700 22.000000 13470.280702
2.961501 0.532981 22.000000 13518.389222
2.981511 0.536064 22.000000 13571.129412
3.001522 0.532415 22.000000 13620.981595
3.021532 0.534629 22.000000 13670.803468
3.041542 0.534076 22.000000 13724.916168
3.061552 0.532203 22.000000 13773.754386
3.081562 0.534976 22.000000 13828.216374
3.101572 0.531569 22.000000 13881.017964
3.121583 0.531962 22.000000 13929.547619
3.141593 0.404805 22.000000 13983.375000
3.161603 0.484113 22.004532 14035.965517
3.181613 0.501537 22.005320 14091.955665
3.201623 0.507796 22.000000 14148.917526
3.221633 0.512097 22.000000 14199.229167
3.241643 0.516557 22.000000 14260.224490
3.261654 0.516536 22.000000 14318.123711
3.281664 0.520460 22.000000 14375.819588
3.301674 0.520842 22.000000 14440.656250
3.321684 0.521842 22.000000 14498.051813
3.341694 0.526455 22.000000 14562.794595
3.361704 0.523519 22.000000 14627.566327
3.381714 0.524736 22.000000 14687.215054
3.401725 0.527450 22.000000 14758.156250
3.421735 0.525318 21.997068 14822.958115
3.441745 0.527294 21.997696 14891.382199
3.461755 0.527111 21.998280 14965.397849
3.481765 0.526699 21.996421 15029.863158
3.501775 0.529523 22.000000 15106.968750
3.521785 0.527252 22.000000 15181.627660
3.541796 0.527700 22.000000 15253.787565
3.561806 0.528419 22.000000 15337.101064
3.581816 0.528004 22.000000 15409.989130
3.601826 0.530827 22.000000 15489.523810
3.621836 0.528410 22.000000 15575.088542
3.641846 0.529481 22.000000 15652.750000
3.661856 0.531715 22.000000 15740.621053
3.681867 0.530468 22.000000 15823.267380
3.701877 0.532999 22.000000 15903.668421
3.721887 0.532933 22.000000 15995.935484
3.741897 0.533002 22.000000 16076.537234
3.761907 0.535777 22.000000 16163.038043
3.781917 0.534093 22.000000 16250.457895
3.801927 0.534618 22.000000 16331.037838
3.821938 0.536087 22.000000 1701.026738
3.841948 0.534954 21.998298 118.313830
3.861958 0.537140 21.996304 200.391304
3.881968 0.536422 22.000000 287.131579
3.901978 0.536397 22.000000 363.875000
3.921988 0.538232 22.000000 447.244681
3.941998 0.537245 22.000000 529.925532
3.962009 0.538888 22.000000 604.383333
3.982019 0.538918 22.000000 687.359788
4.002029 0.538358 22.000000 762.735135
4.022039 0.540730 22.000000 840.385870
4.042049 0.539832 22.000000 920.359788
4.062059 0.541436 21.994773 990.085227
4.082069 0.542711 21.994225 1067.235294
4.102080 0.542499 22.000000 1142.037634
4.122090 0.544699 22.000000 1213.213904
4.142100 0.543792 22.000000 1289.527778
4.162110 0.543922 22.000000 1355.854839
4.182120 0.546807 22.000000 1426.513966
4.202130 0.544697 22.000000 1496.693989
4.222140 0.546569 22.000000 1558.792553
4.242151 0.546724 22.000000 1629.213483
4.262161 0.545969 22.000000 1690.494565
4.282171 0.549142 22.000000 1753.779570
4.302181 0.548557 22.000000 1820.079545
4.322191 0.549118 22.000000 1874.369565
4.342201 0.549971 22.000000 1938.600000
4.362211 0.550156 21.999091 1997.738636
4.382222 0.552657 21.992299 2051.919786
4.402232 0.552195 21.997778 2115.761111
4.422242 0.553638 22.000000 2166.519337
4.442252 0.555890 22.000000 2223.911602
4.462262 0.555081 22.003820 2281.865169
4.482272 0.556351 22.005055 2329.153846
4.502282 0.555882 21.996591 2387.375000
4.522293 0.555378 22.000000 2437.404494
4.542303 0.557667 22.000000 2487.089888
4.562313 0.556364 22.000000 2544.934426
4.582323 0.555738 22.000000 2589.612022
4.602333 0.557820 22.000000 2644.977273
4.622343 0.556678 22.000000 2696.011050
4.642353 0.558599 22.000000 2741.242938
4.662364 0.557374 22.000000 2798.320442
4.682374 0.557297 22.000000 2842.514124
4.702384 0.559039 22.000000 2894.787709
4.722394 0.557761 22.000000 2949.178771
4.742404 0.559716 22.000000 2992.573034
4.762414 0.560306 22.000000 3048.051136
4.782424 0.559769 21.999355 3096.349462
4.802435 0.562330 21.996069 3145.358382
4.822445 0.561831 21.998889 3199.988889
4.842455 0.562066 22.000000 3240.264368
4.862465 0.563062 22.000000 3291.883333
4.882475 0.562532 21.999318 3340.937500
4.902485 0.563922 21.995730 3382.955056
4.922495 0.562483 21.999330 3433.525140
4.942506 0.562162 22.000000 3471.480226
4.962516 0.562831 22.000000 3516.474576
4.982526 0.562250 22.000000 3560.870056
5.002536 0.562213 22.000000 3594.422222
5.022546 0.562149 22.000000 3638.308989
5.042556 0.561289 21.998171 3671.588571
5.062567 0.562987 21.996222 3707.611111
5.082577 0.562501 21.997978 3745.022472
5.102587 0.561366 21.992229 3774.205714
5.122597 0.562740 21.998486 3808.097297
5.142607 0.561779 22.000000 3841.988571
5.162617 0.563320 22.000000 3867.432584
5.182627 0.563107 22.002011 3902.100559
5.202638 0.563072 22.003657 3924.697143
5.222648 0.563808 22.000000 3955.491620
5.242658 0.563946 22.000000 3980.971098
5.262668 0.563989 21.997095 4002.737430
5.282678 0.563614 21.997318 4030.564246
5.302688 0.562590 22.000000 4049.057471
5.322698 0.563514 22.000000 4071.494382
5.342709 0.563849 22.000000 4094.802260
5.362719 0.561984 22.000000 4109.240223
5.382729 0.562360 22.000000 4131.325843
5.402739 0.561597 22.000000 4152.383333
5.422749 0.561508 22.000000 4166.813559
5.442759 0.562043 22.000000 4187.335196
5.462769 0.560467 22.000000 4208.346369
5.482780 0.561040 21.995955 4229.247191
5.502790 0.562577 21.998409 4252.812500
5.522800 0.561427 22.000000 4278.391061
5.542810 0.562587 22.000000 4305.262570
5.562820 0.560999 22.000000 4335.426966
5.582830 0.561313 22.000000 4364.337143
5.602840 0.562674 21.996484 4399.010989
5.622851 0.559894 21.997978 4428.235955
5.642861 0.560805 22.000000 4464.039548
5.662871 0.559172 22.000000 4494.458101
5.682881 0.558291 22.000000 4528.741758
5.702891 0.559492 22.000000 4560.337079
5.722901 0.556487 21.996591 4590.681818
5.742911 0.556806 21.997802 4621.489011
5.762922 0.556959 22.000000 4651.967391
5.782932 0.555224 22.000000 4679.655367
5.802942 0.555923 21.999780 4708.637363
5.822952 0.554680 21.996180 4735.988764
5.842962 0.554152 21.998478 4763.527174
5.862972 0.555465 22.000000 4795.027933
5.882982 0.552294 22.000000 4819.513966
5.902993 0.553497 21.998659 4854.508380
5.923003 0.553428 21.996087 4880.222826
5.943013 0.551985 21.999778 4917.727778
5.963023 0.554238 22.000000 4947.167598
5.983033 0.550266 22.000000 4981.880435
6.003043 0.551360 22.000000 5018.134078
6.023053 0.551296 22.000000 5053.486339
6.043064 0.548386 22.000000 5090.548913
6.063074 0.550321 22.000000 5129.989011
6.083084 0.547125 22.000000 5164.983333
6.103094 0.547266 22.000000 5207.535519
6.123104 0.548787 22.000000 5245.598901
6.143114 0.544736 22.000000 5283.862637
6.163124 0.546634 22.000000 5327.389189
6.183135 0.545891 21.997377 5363.781421
6.203145 0.544481 21.997174 5409.293478
6.223155 0.547032 22.000000 5449.590164
6.243165 0.543965 22.000000 5487.800000
6.263175 0.545056 22.000000 5535.659459
