0.495568 26.716344 28.000000
0.450268 25.569113 28.000000
0.397537 23.897033 28.000000
0.350367 23.124383 28.000000
0.298849 21.833051 28.000000
0.247976 19.966344 28.000000
0.200111 18.255756 28.000000
0.148399 16.460457 28.000000
0.102055 14.956953 28.000000
0.050709 12.643747 28.000000
0.000000 0.000000 28.000000
-0.046075 -12.430365 28.000000
-0.100682 -14.756459 28.000000
-0.147483 -16.497166 28.000000
-0.198622 -18.273821 28.000000
-0.245675 -19.877422 28.000000
-0.297475 -21.892481 28.000000
-0.350422 -23.221687 28.000000
-0.397327 -23.980506 28.000000
-0.447276 -25.633760 28.000000
-0.495780 -27.059078 28.000000
-0.546831 -27.639283 28.000000
