0.495073 28.819337 26.000000
0.449908 27.662027 26.000000
0.398247 25.773746 26.000000
0.350031 24.807420 26.000000
0.298707 23.336071 26.000000
0.247992 21.498554 26.000000
0.200959 19.478871 26.000000
0.148350 17.363788 26.000000
0.102397 15.442611 26.000000
0.050311 13.121212 26.000000
0.000000 0.000000 26.000000
-0.048311 -12.615446 26.000000
-0.100730 -15.304632 26.000000
-0.147314 -17.261997 26.000000
-0.198203 -19.419414 26.000000
-0.244885 -21.493379 26.000000
-0.297595 -23.456339 26.000000
-0.350058 -25.030223 26.000000
-0.396462 -26.081543 26.000000
-0.447922 -27.917066 26.000000
-0.496794 -28.887394 26.000000
-0.546318 -29.663900 26.000000
