-0.496438 -28.751468 26.000000
-0.449755 -26.867164 26.000000
-0.396163 -25.904548 26.000000
-0.350944 -24.822938 26.000000
-0.300051 -22.699976 26.000000
-0.247085 -20.837014 26.000000
-0.199458 -19.375479 26.000000
-0.148837 -17.618029 26.000000
-0.102067 -15.745730 26.000000
-0.050138 -13.195545 26.000000
0.000000 0.000000 26.000000
0.047427 12.948444 26.000000
0.099410 15.486870 26.000000
0.147666 17.722977 26.000000
0.198949 19.544598 26.000000
0.245603 21.036327 26.000000
0.297103 22.916323 26.000000
0.349507 24.758128 26.000000
0.397695 25.799343 26.000000
0.448662 26.833575 26.000000
0.495074 28.420266 26.000000
0.548732 29.096330 26.000000
