0.495327 28.077223 26.000000
0.450132 26.854509 26.000000
0.398018 25.119790 26.000000
0.350359 24.168676 26.000000
0.298969 22.883107 26.000000
0.248060 21.024009 26.000000
0.201134 19.093713 26.000000
0.147970 17.185718 26.000000
0.100971 15.357066 26.000000
0.050913 13.151582 26.000000
0.000000 0.000000 26.000000
-0.047731 -12.666163 26.000000
-0.099667 -15.267312 26.000000
-0.147044 -17.079946 26.000000
-0.198647 -19.066474 26.000000
-0.244868 -20.901661 26.000000
-0.297504 -23.007505 26.000000
-0.350482 -24.504577 26.000000
-0.396950 -25.371417 26.000000
-0.447324 -27.167400 26.040000
-0.496520 -28.405490 26.160000
-0.546846 -29.184685 26.920000
