-0.496347 -28.246632 27.000000
-0.450227 -26.566604 27.000000
-0.396310 -25.441191 27.000000
-0.350998 -24.280662 27.000000
-0.300018 -22.355308 27.000000
-0.246981 -20.430348 27.000000
-0.200076 -18.961784 27.000000
-0.147985 -17.402619 27.000000
-0.102110 -15.655921 27.000000
-0.051014 -13.032949 27.000000
0.000000 0.000000 27.000000
0.047948 12.636708 27.000000
0.098998 15.424770 27.000000
0.148062 17.418729 27.000000
0.199364 19.199123 27.000000
0.245698 20.701416 27.000000
0.297386 22.549297 27.000000
0.349750 24.374434 27.000000
0.397852 25.389679 27.000000
0.448024 26.406880 27.000000
0.494811 28.037038 27.000000
0.548601 28.667439 27.000000
