0.495283 27.697805 27.000000
0.450521 26.449491 27.000000
0.397816 24.703501 27.000000
0.349877 23.888104 27.000000
0.298555 22.645928 27.000000
0.247706 20.644685 27.000000
0.200445 18.809571 27.000000
0.148635 16.971657 27.000000
0.100668 15.326123 27.000000
0.049616 13.060989 27.000000
0.000000 0.000000 27.000000
-0.046674 -12.637607 27.000000
-0.100014 -15.301647 27.000000
-0.147712 -17.034432 27.000000
-0.198794 -18.929970 27.000000
-0.245183 -20.638251 27.000000
-0.297521 -22.692181 27.000000
-0.350196 -24.225474 27.000000
-0.397213 -25.009120 27.000000
-0.447113 -26.826026 27.000000
-0.495969 -27.985940 27.000000
-0.547030 -28.828158 27.000000
