-0.496379 -28.011357 27.000000
-0.450455 -26.268771 27.000000
-0.396531 -24.931216 27.000000
-0.350718 -24.106403 27.000000
-0.300039 -22.187806 27.000000
-0.247110 -20.244921 27.000000
-0.199786 -18.814425 27.000000
-0.147599 -17.225060 27.000000
-0.101571 -15.643356 27.000000
-0.050723 -13.020009 27.000000
0.000000 0.000000 27.000000
0.047168 12.569879 27.000000
0.098843 15.449554 27.000000
0.147448 17.311956 27.000000
0.199118 18.962941 27.000000
0.245724 20.517289 27.000000
0.297665 22.353855 27.000000
0.350014 24.063309 27.000000
0.397710 25.004413 27.000000
0.448349 26.084295 27.000000
0.494984 27.681083 27.000000
0.548557 28.212722 27.000000
