0.495552 27.253495 27.000000
0.450538 26.064589 27.000000
0.397745 24.350927 27.000000
0.350073 23.592996 27.000000
0.298735 22.293707 27.000000
0.247570 20.402057 27.000000
0.200538 18.569144 27.000000
0.148576 16.865159 27.000000
0.101237 15.174576 27.000000
0.049747 12.921237 27.000000
0.000000 0.000000 27.000000
-0.046613 -12.515015 27.000000
-0.100119 -15.079483 27.000000
-0.147844 -16.774590 27.000000
-0.198759 -18.581765 27.000000
-0.245675 -20.244734 27.000000
-0.297340 -22.314095 27.000000
-0.350213 -23.742821 27.000000
-0.397114 -24.620811 27.000000
-0.447328 -26.363161 27.000000
-0.496102 -27.603884 27.000000
-0.547233 -28.285674 27.000000
