-0.495977 -27.450053 27.040000
-0.450547 -25.741514 27.360000
-0.396344 -24.508097 27.640000
-0.350715 -23.658993 28.000000
-0.300085 -21.877208 28.000000
-0.247306 -19.888661 28.000000
-0.199972 -18.469718 28.000000
-0.147843 -16.932989 28.000000
-0.101527 -15.281562 28.000000
-0.050576 -12.851304 28.000000
0.000000 0.000000 28.000000
0.046544 12.462069 28.000000
0.099641 15.299079 28.000000
0.147347 17.012598 28.000000
0.198981 18.688087 28.000000
0.246079 20.264662 28.000000
0.297319 22.044110 28.000000
0.350004 23.722093 28.000000
0.397793 24.667986 28.000000
0.447912 25.710208 28.000000
0.495222 27.269569 28.000000
0.548410 27.843183 28.000000
