serial number: RI80_21414854
torque: 12
start_temp: 26 (26)
finish_temp: 26 (27)
note: po
0.000000 0.138628 26.000000 3255.943262
0.020010 0.131737 26.000000 3286.097403
0.040020 0.133649 26.000000 3331.546667
0.060030 0.135070 26.000000 3359.081633
0.080041 0.134977 26.000000 3400.843537
0.100051 0.138681 26.000000 3438.812500
0.120061 0.132937 26.000000 3464.913333
0.140071 0.134882 26.000000 3515.147651
0.160081 0.137964 26.000000 3545.404110
0.180091 0.133865 26.000000 3587.671141
0.200101 0.136399 26.000000 3632.938356
0.220112 0.133453 26.000000 3664.710526
0.240122 0.133773 26.000000 3715.733333
0.260132 0.138431 26.000000 3754.580420
0.280142 0.133009 26.000000 3792.361842
0.300152 0.134840 26.000000 3839.153333
0.320162 0.135624 26.000000 3873.634483
0.340172 0.132601 26.000000 3914.033333
0.360183 0.136833 26.000000 3949.296552
0.380193 0.133363 26.000000 3978.741722
0.400203 0.134327 26.000000 4016.871622
0.420213 0.137976 26.000000 4039.721088
0.440223 0.131436 26.000000 4071.828947
0.460233 0.134665 26.000000 4095.594595
0.480243 0.134838 26.000000 4119.331081
0.500254 0.133889 26.000000 4150.067114
0.520264 0.138402 26.000000 4168.623288
0.540274 0.132558 26.000000 4199.443709
0.560284 0.134988 26.000000 4224.310811
0.580294 0.137094 26.000000 4250.363014
0.600304 0.133426 26.000000 4283.340000
0.620314 0.137553 26.000000 4305.937931
0.640325 0.133581 26.000000 4342.583893
0.660335 0.134400 26.000000 4371.248322
0.680345 0.138240 26.000000 4404.506849
0.700355 0.131129 26.000000 4440.953947
0.720365 0.136061 26.000000 4472.282759
0.740375 0.134604 26.000000 4510.386667
0.760385 0.133839 26.000000 4548.020134
0.780396 0.137737 26.000000 4580.993103
0.800406 0.131781 26.000000 4626.271523
0.820416 0.135874 26.000000 4661.438356
0.840426 0.136888 26.000000 4701.693878
0.860436 0.131763 26.000000 4745.655629
0.880446 0.135719 26.000000 4778.755102
0.900456 0.132679 26.000000 4828.509934
0.920467 0.134034 26.000000 4865.635762
0.940477 0.137379 26.000000 4905.763514
0.960487 0.130966 26.000000 4955.960000
0.980497 0.134753 26.000000 4986.209459
1.000507 0.134154 26.000000 5035.153333
1.020517 0.132402 26.000000 5074.660000
1.040528 0.135818 26.000000 5108.194631
1.060538 0.131865 26.000000 5163.589404
1.080548 0.134863 26.000000 5192.210884
1.100558 0.136338 26.000000 5239.100671
1.120568 0.130990 26.000000 5288.966887
1.140578 0.135213 26.000000 5317.472973
1.160588 0.133245 26.000000 5376.980132
1.180599 0.132949 26.000000 5415.195946
1.200609 0.136472 26.000000 5457.317568
1.220619 0.130027 26.000000 5519.825806
1.240629 0.134504 26.000000 5550.047945
1.260639 0.134618 26.000000 5608.506667
1.280649 0.132529 26.000000 5660.342105
1.300659 0.134387 26.000000 5695.804054
1.320670 0.130927 26.000000 5763.745098
1.340680 0.134325 26.000000 5799.000000
1.360690 0.134781 25.993333 5851.780000
1.380700 0.130816 26.000000 5912.562914
1.400710 0.134615 26.000000 5944.261745
1.420720 0.133672 26.000000 6012.516556
1.440730 0.134124 26.000000 6054.568493
1.460741 0.134588 26.000000 6100.456376
1.480751 0.130340 26.000000 6170.908497
1.500761 0.134785 26.000000 6204.490066
1.520771 0.134311 26.000000 6268.731544
1.540781 0.131957 26.000000 6325.781457
1.560791 0.133054 26.000000 6366.503311
1.580801 0.132098 26.000000 6441.754967
1.600812 0.134811 26.000000 6482.783784
1.620822 0.135051 26.000000 6542.931973
1.640832 0.131268 26.000000 6614.411765
1.660842 0.134200 26.000000 6655.331081
1.680852 0.133761 26.000000 6730.801370
1.700862 0.133570 26.000000 6788.573333
1.720872 0.134347 26.000000 6844.581081
1.740883 0.131917 26.000000 6927.192053
1.760893 0.135184 26.000000 6974.546667
1.780903 0.135247 26.000000 7050.234483
1.800913 0.132124 26.000000 7123.784314
1.820923 0.133105 26.000000 7178.913333
1.840933 0.133956 26.000000 7265.340000
1.860943 0.134909 26.000000 7323.127517
1.880954 0.134965 26.000000 7393.952381
1.900964 0.131497 26.000000 7477.633987
1.920974 0.133636 26.000000 7532.673333
1.940984 0.136207 26.000000 7617.315068
1.960994 0.133579 26.000000 7686.520000
1.981004 0.134142 26.000000 7751.178808
2.001014 0.133795 26.000000 7841.141892
2.021025 0.134821 26.000000 7903.046667
2.041035 0.136243 26.000000 7983.572414
2.061045 0.132100 26.000000 8063.820000
2.081055 0.133144 26.000000 8131.549020
2.101065 0.134995 26.000000 8222.695946
2.121075 0.134888 26.000000 8292.692308
2.141085 0.135077 26.000000 8369.472973
2.161096 0.132334 26.000000 8457.736842
2.181106 0.134911 26.000000 8525.310811
2.201116 0.136959 26.000000 8612.294521
2.221126 0.132024 26.000000 8689.000000
2.241136 0.132512 26.000000 8760.140940
2.261146 0.132945 26.000000 8848.562914
2.281156 0.135202 26.000000 8916.062069
2.301167 0.136701 26.000000 8993.285714
2.321177 0.132478 26.000000 9073.144737
2.341187 0.134276 26.000000 9138.486486
2.361197 0.135611 26.000000 9220.919463
2.381207 0.135568 26.000000 9288.462585
2.401217 0.135785 26.000000 9355.250000
2.421227 0.132616 26.000000 9433.933775
2.441238 0.134464 26.000000 9493.503401
2.461248 0.137481 26.000000 9566.116438
2.481258 0.133868 26.000000 9633.721854
2.501268 0.135020 26.000000 9693.040816
2.521278 0.134603 26.000000 9769.142857
2.541288 0.136573 26.000000 9827.816327
2.561298 0.138109 26.000000 9891.627586
2.581309 0.133147 26.000000 9962.322148
2.601319 0.135982 26.000000 10016.736486
2.621329 0.137062 26.000000 10089.301370
2.641339 0.136863 26.000000 10148.891156
2.661349 0.136542 26.000000 10205.547945
2.681359 0.134360 25.997297 10277.736486
2.701369 0.137308 25.995890 10330.000000
2.721380 0.138971 26.000000 10394.381944
2.741390 0.135138 26.000000 10457.646259
2.761400 0.137000 26.000000 10508.500000
2.781410 0.136502 26.000000 10578.675862
2.801420 0.138687 26.000000 10630.331034
2.821430 0.137640 26.000000 10686.275862
2.841440 0.134853 26.000000 10751.722973
2.861451 0.136987 26.000000 10797.931973
2.881461 0.137229 26.000000 10862.303448
2.901471 0.137579 26.000000 10913.868056
2.921481 0.136250 26.000000 10961.653061
2.941491 0.136163 26.000000 11024.292517
2.961501 0.138235 26.000000 11068.842466
2.981511 0.137873 26.000000 11120.945205
3.001522 0.135774 26.000000 11171.726027
3.021532 0.137036 26.000000 11212.547297
3.041542 0.137088 26.000000 11267.258741
3.061552 0.138374 26.000000 11305.213793
3.081562 0.137576 26.000000 11347.351724
3.101572 0.135807 26.000000 11396.876712
3.121583 0.137085 26.000000 11426.034014
3.141593 0.107983 26.000000 11469.898496
3.161603 0.130794 26.000000 11508.773913
3.181613 0.133081 26.000000 11539.000000
3.201623 0.134802 26.000000 11582.775785
3.221633 0.136665 26.000000 11609.266968
3.241643 0.138005 26.000000 11646.939815
3.261654 0.136329 26.000000 11683.217195
3.281664 0.135988 26.000000 11711.647059
3.301674 0.136990 26.000000 11750.866972
3.321684 0.137952 26.000000 11781.282407
3.341694 0.137035 26.000000 11813.831818
3.361704 0.136673 26.000000 11850.472477
3.381714 0.138012 26.000000 11879.247706
3.401725 0.138710 26.000000 11912.976744
3.421735 0.137992 26.000000 11948.666667
3.441745 0.137337 26.000000 11974.357798
3.461755 0.138944 26.000000 12013.400922
3.481765 0.138161 26.000000 12039.059361
3.501775 0.138320 26.000000 12075.629108
3.521785 0.138021 26.000000 12106.623853
3.541796 0.137968 26.000000 12139.077982
3.561806 0.139535 26.000000 12170.790698
3.581816 0.139222 26.000000 12206.027397
3.601826 0.138365 26.000000 12233.070093
3.621836 0.138888 26.000000 12269.741784
3.641846 0.139231 26.000000 12294.504587
3.661856 0.139400 26.000000 12329.916667
3.681867 0.138533 26.000000 12357.143519
3.701877 0.137426 26.000000 12389.755760
3.721887 0.139616 26.000000 12418.759259
3.741897 0.138587 26.000000 12451.699074
3.761907 0.139374 26.000000 12483.342593
3.781917 0.139570 26.000000 12519.261682
3.801927 0.138072 26.000000 12551.497696
3.821938 0.140033 26.000000 12588.545872
3.841948 0.138102 26.000000 12619.888889
3.861958 0.137953 26.000000 12658.827907
3.881968 0.139313 26.000000 12687.953917
3.901978 0.138557 26.000000 12723.944186
3.921988 0.139802 26.000000 12755.004651
3.941998 0.138592 26.000000 12785.666667
3.962009 0.138805 26.000000 12819.616822
3.982019 0.140951 26.000000 12846.382488
4.002029 0.138641 26.000000 12875.458333
4.022039 0.139220 26.000000 12908.611111
4.042049 0.139346 26.000000 12931.842593
4.062059 0.138079 26.000000 12968.939252
4.082069 0.140432 26.000000 12994.107477
4.102080 0.138156 26.000000 13028.986239
4.122090 0.140111 26.000000 13065.893023
4.142100 0.140653 26.000000 13097.154930
4.162110 0.136933 26.000000 13136.452055
4.182120 0.137945 26.000000 13172.990868
4.202130 0.137796 26.000000 13209.652778
4.222140 0.139040 26.000000 13255.208333
4.242151 0.141140 26.000000 13290.084906
4.262161 0.138160 26.000000 13331.129032
4.282171 0.139610 26.000000 13375.588785
4.302181 0.140266 26.000000 13411.837209
4.322191 0.139971 26.000000 13460.757009
4.342201 0.141529 26.000000 13498.532710
4.362211 0.138804 26.000000 13538.152381
4.382222 0.140844 26.000000 13589.439815
4.402232 0.141013 26.000000 13625.502347
4.422242 0.139058 26.000000 13673.693396
4.442252 0.140312 26.000000 13719.137615
4.462262 0.140020 26.000000 13759.855140
4.482272 0.140628 26.000000 13816.438679
4.502282 0.141625 26.000000 13854.413953
4.522293 0.138687 26.000000 13902.852381
4.542303 0.139908 26.000000 13958.018349
4.562313 0.141602 26.000000 13996.895238
4.582323 0.140014 26.000000 14054.898618
4.602333 0.140902 26.000000 14101.793427
4.622343 0.138150 26.000000 14148.532710
4.642353 0.139520 26.000000 14211.224771
4.662364 0.142577 26.000000 14254.604762
4.682374 0.139583 26.000000 14311.699531
4.702384 0.140044 26.000000 14370.187793
4.722394 0.140915 26.000000 14417.801887
4.742404 0.140179 26.000000 14485.433180
4.762414 0.141851 26.000000 14536.687204
4.782424 0.138647 26.000000 14594.449074
4.802435 0.139338 26.000000 14664.218605
4.822445 0.143023 26.000000 14718.203791
4.842455 0.140537 26.000000 14789.112150
4.862465 0.140831 26.000000 14855.209524
4.882475 0.139695 26.000000 14917.462963
4.902485 0.140623 26.000000 14998.967290
4.922495 0.143427 26.000000 15062.306220
4.942506 0.138920 26.000000 15135.580645
4.962516 0.139020 26.000000 15217.288372
4.982526 0.141456 26.000000 15284.853774
5.002536 0.140047 26.000000 15369.129630
5.022546 0.141960 26.000000 15446.185714
5.042556 0.139016 26.000000 15519.435185
5.062567 0.138927 26.000000 15610.787037
5.082577 0.142981 26.000000 15684.096618
5.102587 0.138378 26.000000 15766.375566
5.122597 0.139003 26.000000 15854.596244
5.142607 0.139198 26.000000 15928.866972
5.162617 0.139356 26.000000 16020.574074
5.182627 0.143391 26.000000 16102.204878
5.202638 0.138352 26.000000 16178.949772
5.222648 0.139053 26.000000 16275.745370
5.242658 0.141286 26.000000 14652.853774
5.262668 0.138589 26.000000 55.506912
5.282678 0.141491 26.000000 147.258373
5.302688 0.138459 26.000000 221.385321
5.322698 0.138676 26.000000 318.239631
5.342709 0.143854 26.000000 400.923077
5.362719 0.137957 26.000000 478.399083
5.382729 0.139240 26.000000 576.897196
5.402739 0.139257 26.000000 651.238532
5.422749 0.138766 26.000000 741.637209
5.442759 0.143188 26.000000 828.861244
5.462769 0.136991 26.000000 899.389908
5.482780 0.138460 26.000000 999.310185
5.502790 0.142101 26.000000 1074.266355
5.522800 0.137459 26.000000 1153.253456
5.542810 0.139759 26.000000 1245.274419
5.562820 0.137381 26.000000 1309.178082
5.582830 0.137776 26.000000 1398.912844
5.602840 0.143472 26.000000 1472.545455
5.622851 0.136462 26.000000 1535.371560
5.642861 0.138984 26.000000 1624.782407
5.662871 0.139147 26.000000 1682.880734
5.682881 0.137671 26.000000 1756.753425
5.702891 0.142112 26.000000 1829.581731
5.722901 0.135053 26.000000 1879.718750
5.742911 0.137382 26.000000 1960.958716
5.762922 0.140785 26.000000 2016.616822
5.782932 0.136670 26.000000 2073.251142
5.802942 0.139249 26.000000 2147.087963
5.822952 0.136157 26.000000 2190.350000
5.842962 0.136633 25.995434 2258.675799
5.862972 0.141769 26.000000 2313.445498
5.882982 0.134834 26.000000 2356.493274
5.902993 0.138380 26.000000 2426.949541
5.923003 0.138454 26.000000 2466.607306
5.943013 0.135829 26.000000 2522.063636
5.963023 0.139512 26.000000 2577.108491
5.983033 0.134880 26.000000 2611.484305
6.003043 0.137425 26.000000 2674.571429
6.023053 0.140600 26.000000 2713.247664
6.043064 0.136050 26.000000 2755.860360
6.063074 0.138091 26.000000 2814.004630
6.083084 0.135728 26.000000 2843.567568
6.103094 0.135434 26.000000 2897.631818
6.123104 0.140439 26.000000 2940.693023
6.143114 0.134145 26.000000 2969.567164
6.163124 0.136282 26.000000 3026.911565
6.183135 0.137455 26.000000 3059.979021
6.203145 0.134698 26.000000 3100.053691
6.223155 0.138642 26.000000 3144.431507
6.243165 0.133491 26.000000 3173.093960
6.263175 0.134777 26.000000 3221.986755
