serial number: JANUSZ_3_RI70_21414867
torque: 8
start_temp: 27 (22)
finish_temp: 27 (22)
note: asdf
0.000000 0.066732 27.000000 0.000000
0.020010 0.065953 27.000000 0.000000
0.040020 0.071266 27.000000 0.000000
0.060030 0.066713 27.000000 0.000000
0.080041 0.070443 27.000000 0.000000
0.100051 0.068855 27.000000 0.000000
0.120061 0.066461 27.000000 0.000000
0.140071 0.071219 27.000000 0.000000
0.160081 0.067199 27.000000 0.000000
0.180091 0.069065 27.000000 0.000000
0.200101 0.066884 27.000000 0.000000
0.220112 0.067756 27.000000 0.000000
0.240122 0.067642 27.000000 0.000000
0.260132 0.068241 27.000000 0.000000
0.280142 0.064692 27.000000 0.000000
0.300152 0.070706 27.000000 0.000000
0.320162 0.064917 27.000000 0.000000
0.340172 0.069443 27.000000 0.000000
0.360183 0.068939 27.000000 0.000000
0.380193 0.066814 27.000000 0.000000
0.400203 0.069053 27.000000 0.000000
0.420213 0.065120 27.000000 0.000000
0.440223 0.066402 27.000000 0.000000
0.460233 0.069592 27.000000 0.000000
0.480243 0.065660 27.000000 0.000000
0.500254 0.068763 27.000000 0.000000
0.520264 0.066864 27.000000 0.000000
0.540274 0.063412 27.000000 0.000000
0.560284 0.066603 27.000000 0.000000
0.580294 0.062841 27.000000 0.000000
0.600304 0.067317 27.000000 0.000000
0.620314 0.066345 27.000000 0.000000
0.640325 0.066859 27.000000 0.000000
0.660335 0.067214 27.000000 0.000000
0.680345 0.066205 27.000000 0.000000
0.700355 0.064772 27.000000 0.000000
0.720365 0.067660 27.000000 0.000000
0.740375 0.063117 27.000000 0.000000
0.760385 0.066788 27.000000 0.000000
0.780396 0.064051 27.000000 0.000000
0.800406 0.066819 27.000000 0.000000
0.820416 0.066624 27.000000 0.000000
0.840426 0.065934 27.000000 0.000000
0.860436 0.064776 27.000000 0.000000
0.880446 0.066945 27.000000 0.000000
0.900456 0.064975 27.000000 0.000000
0.920467 0.067861 27.000000 0.000000
0.940477 0.066949 27.000000 0.000000
0.960487 0.064432 27.000000 0.000000
0.980497 0.064539 27.000000 0.000000
1.000507 0.062073 27.000000 0.000000
1.020517 0.069593 27.000000 0.000000
1.040528 0.063289 27.000000 0.000000
1.060538 0.063567 27.000000 0.000000
1.080548 0.065254 27.000000 0.000000
1.100558 0.061833 27.000000 0.000000
1.120568 0.065477 27.000000 0.000000
1.140578 0.063642 27.000000 0.000000
1.160588 0.061848 27.000000 0.000000
1.180599 0.067761 27.000000 0.000000
1.200609 0.060046 27.000000 0.000000
1.220619 0.061550 27.000000 0.000000
1.240629 0.065818 27.000000 0.000000
1.260639 0.065003 27.000000 0.000000
1.280649 0.070321 27.000000 0.000000
1.300659 0.061373 27.000000 0.000000
1.320670 0.063063 27.000000 0.000000
1.340680 0.064738 27.000000 0.000000
1.360690 0.063979 27.000000 0.000000
1.380700 0.066428 27.000000 0.000000
1.400710 0.063450 27.000000 0.000000
1.420720 0.062476 27.000000 0.000000
1.440730 0.069746 27.000000 0.000000
1.460741 0.063219 27.000000 0.000000
1.480751 0.066151 27.000000 0.000000
1.500761 0.068188 27.000000 0.000000
1.520771 0.066260 27.000000 0.000000
1.540781 0.068510 27.000000 0.000000
1.560791 0.063584 27.000000 0.000000
1.580801 0.066600 27.000000 0.000000
1.600812 0.068088 27.000000 0.000000
1.620822 0.065301 27.000000 0.000000
1.640832 0.067544 27.000000 0.000000
1.660842 0.064480 27.000000 0.000000
1.680852 0.062822 27.000000 0.000000
1.700862 0.072750 27.000000 0.000000
1.720872 0.065827 27.000000 0.000000
1.740883 0.066073 27.000000 0.000000
1.760893 0.062560 27.000000 0.000000
1.780903 0.065235 27.000000 0.000000
1.800913 0.070079 27.000000 0.000000
1.820923 0.063534 27.000000 0.000000
1.840933 0.065087 27.000000 0.000000
1.860943 0.048488 27.000000 0.000000
1.880954 0.062648 27.000000 0.000000
1.900964 0.064208 27.000000 0.000000
1.920974 0.062659 27.000000 0.000000
1.940984 0.062591 27.000000 0.000000
1.960994 0.071284 27.000000 0.000000
1.981004 0.062106 27.000000 0.000000
2.001014 0.066678 27.000000 0.000000
2.021025 0.064952 27.000000 0.000000
2.041035 0.067177 27.000000 0.000000
2.061045 0.070051 27.000000 0.000000
2.081055 0.064573 27.000000 0.000000
2.101065 0.065991 27.000000 0.000000
2.121075 0.069379 27.000000 0.000000
2.141085 0.066140 27.000000 0.000000
2.161096 0.068878 27.000000 0.000000
2.181106 0.062862 27.000000 0.000000
2.201116 0.067408 27.000000 0.000000
2.221126 0.073024 27.000000 0.000000
2.241136 0.063110 27.000000 0.000000
2.261146 0.068548 27.000000 0.000000
2.281156 0.067028 27.000000 0.000000
2.301167 0.069904 27.000000 0.000000
2.321177 0.070370 27.000000 0.000000
2.341187 0.063207 27.000000 0.000000
2.361197 0.066543 27.000000 0.000000
2.381207 0.068704 27.000000 0.000000
2.401217 0.065078 27.000000 0.000000
2.421227 0.069390 27.000000 0.000000
2.441238 0.062846 27.000000 0.000000
2.461248 0.069216 27.000000 0.000000
2.481258 0.072207 27.000000 0.000000
2.501268 0.063712 27.000000 0.000000
2.521278 0.069417 27.000000 0.000000
2.541288 0.065878 27.000000 0.000000
2.561298 0.067568 27.000000 0.000000
2.581309 0.071049 27.000000 0.000000
2.601319 0.061661 27.000000 0.000000
2.621329 0.066933 27.000000 0.000000
2.641339 0.068210 27.000000 0.000000
2.661349 0.061816 27.000000 0.000000
2.681359 0.070175 27.000000 0.000000
2.701369 0.059758 27.000000 0.000000
2.721380 0.068594 27.000000 0.000000
2.741390 0.068334 27.000000 0.000000
2.761400 0.062310 27.000000 0.000000
2.781410 0.068724 27.000000 0.000000
2.801420 0.062874 27.000000 0.000000
2.821430 0.064597 27.000000 0.000000
2.841440 0.071096 27.000000 0.000000
2.861451 0.060937 27.000000 0.000000
2.881461 0.069508 27.000000 0.000000
2.901471 0.066518 27.000000 0.000000
2.921481 0.061967 27.000000 0.000000
2.941491 0.071028 27.000000 0.000000
2.961501 0.061689 27.000000 0.000000
2.981511 0.069379 27.000000 0.000000
3.001522 0.068009 27.000000 0.000000
3.021532 0.060377 27.000000 0.000000
3.041542 0.068126 27.000000 0.000000
3.061552 0.062579 27.000000 0.000000
3.081562 0.061936 27.000000 0.000000
3.101572 0.073594 27.000000 0.000000
3.121583 0.059070 27.000000 0.000000
3.141593 0.070645 27.000000 0.000000
3.161603 0.066318 27.000000 0.000000
3.181613 0.061961 27.000000 0.000000
3.201623 0.070798 27.000000 0.000000
3.221633 0.062002 27.000000 0.000000
3.241643 0.066479 27.000000 0.000000
3.261654 0.066873 27.000000 0.000000
3.281664 0.060975 27.000000 0.000000
3.301674 0.068739 27.000000 0.000000
3.321684 0.064879 27.000000 0.000000
3.341694 0.064648 27.000000 0.000000
3.361704 0.070606 27.000000 0.000000
3.381714 0.060931 27.000000 0.000000
3.401725 0.073427 27.000000 0.000000
3.421735 0.066553 27.000000 0.000000
3.441745 0.063895 27.000000 0.000000
3.461755 0.069897 27.000000 0.000000
3.481765 0.064803 27.000000 0.000000
3.501775 0.069340 27.000000 0.000000
3.521785 0.071459 27.000000 0.000000
3.541796 0.061371 27.000000 0.000000
3.561806 0.072984 27.000000 0.000000
3.581816 0.063793 27.000000 0.000000
3.601826 0.065500 27.000000 0.000000
3.621836 0.074094 27.000000 0.000000
3.641846 0.061866 27.000000 0.000000
3.661856 0.071910 27.000000 0.000000
3.681867 0.065456 27.000000 0.000000
3.701877 0.064155 27.000000 0.000000
3.721887 0.074444 27.000000 0.000000
3.741897 0.066105 27.000000 0.000000
3.761907 0.071142 27.000000 0.000000
3.781917 0.072310 27.000000 0.000000
3.801927 0.062030 27.000000 0.000000
3.821938 0.076988 27.000000 0.000000
3.841948 0.065912 27.000000 0.000000
3.861958 0.066443 27.000000 0.000000
3.881968 0.072873 27.000000 0.000000
3.901978 0.063904 27.000000 0.000000
3.921988 0.075472 27.000000 0.000000
3.941998 0.066822 27.000000 0.000000
3.962009 0.063216 27.000000 0.000000
3.982019 0.073347 27.000000 0.000000
4.002029 0.066733 27.000000 0.000000
4.022039 0.068283 27.000000 0.000000
4.042049 0.068730 27.000000 0.000000
4.062059 0.061442 27.000000 0.000000
4.082069 0.077454 27.000000 0.000000
4.102080 0.067519 27.000000 0.000000
4.122090 0.066601 27.000000 0.000000
4.142100 0.070883 27.000000 0.000000
4.162110 0.062981 27.000000 0.000000
4.182120 0.069220 27.000000 0.000000
4.202130 0.065529 27.000000 0.000000
4.222140 0.063250 27.000000 0.000000
4.242151 0.072654 27.000000 0.000000
4.262161 0.065607 27.000000 0.000000
4.282171 0.065811 27.000000 0.000000
4.302181 0.068941 27.000000 0.000000
4.322191 0.062451 27.000000 0.000000
4.342201 0.074302 27.000000 0.000000
4.362211 0.063499 27.000000 0.000000
4.382222 0.064027 27.000000 0.000000
4.402232 0.066494 27.000000 0.000000
4.422242 0.064161 27.000000 0.000000
4.442252 0.069778 27.000000 0.000000
4.462262 0.063207 27.000000 0.000000
4.482272 0.060886 27.000000 0.000000
4.502282 0.071769 27.000000 0.000000
4.522293 0.064657 27.000000 0.000000
4.542303 0.064873 27.000000 0.000000
4.562313 0.067095 27.000000 0.000000
4.582323 0.061042 27.000000 0.000000
4.602333 0.072883 27.000000 0.000000
4.622343 0.061402 27.000000 0.000000
4.642353 0.060597 27.000000 0.000000
4.662364 0.068879 27.000000 0.000000
4.682374 0.063443 27.000000 0.000000
4.702384 0.065584 27.000000 0.000000
4.722394 0.062022 27.000000 0.000000
4.742404 0.060118 27.000000 0.000000
4.762414 0.072332 27.000000 0.000000
4.782424 0.062484 27.000000 0.000000
4.802435 0.063520 27.000000 0.000000
4.822445 0.061184 27.000000 0.000000
4.842455 0.061342 27.000000 0.000000
4.862465 0.070868 27.000000 0.000000
4.882475 0.063663 27.000000 0.000000
4.902485 0.061472 27.000000 0.000000
4.922495 0.065562 27.000000 0.000000
4.942506 0.063634 27.000000 0.000000
4.962516 0.065529 27.000000 0.000000
4.982526 0.062725 27.000000 0.000000
5.002536 0.061262 27.000000 0.000000
5.022546 0.071387 27.000000 0.000000
5.042556 0.060264 27.000000 0.000000
5.062567 0.063382 27.000000 0.000000
5.082577 0.064163 27.000000 0.000000
5.102587 0.062912 27.000000 0.000000
5.122597 0.067620 27.000000 0.000000
5.142607 0.061045 27.000000 0.000000
5.162617 0.060003 27.000000 0.000000
5.182627 0.066713 27.000000 0.000000
5.202638 0.063734 27.000000 0.000000
5.222648 0.065890 27.000000 0.000000
5.242658 0.064238 27.000000 0.000000
5.262668 0.060725 27.000000 0.000000
5.282678 0.069978 27.000000 0.000000
5.302688 0.062033 27.000000 0.000000
5.322698 0.061563 27.000000 0.000000
5.342709 0.066530 27.000000 0.000000
5.362719 0.065685 27.000000 0.000000
5.382729 0.069860 27.000000 0.000000
5.402739 0.062259 27.000000 0.000000
5.422749 0.062741 27.000000 0.000000
5.442759 0.070394 27.000000 0.000000
5.462769 0.064578 27.000000 0.000000
5.482780 0.070822 27.000000 0.000000
5.502790 0.064737 27.000000 0.000000
5.522800 0.065355 27.000000 0.000000
5.542810 0.072555 27.000000 0.000000
5.562820 0.066931 27.000000 0.000000
5.582830 0.063946 27.000000 0.000000
5.602840 0.068740 27.000000 0.000000
5.622851 0.067500 27.000000 0.000000
5.642861 0.073325 27.000000 0.000000
5.662871 0.065336 27.000000 0.000000
5.682881 0.067513 27.000000 0.000000
5.702891 0.071493 27.000000 0.000000
5.722901 0.065099 27.000000 0.000000
5.742911 0.068356 27.000000 0.000000
5.762922 0.063156 27.000000 0.000000
5.782932 0.066309 27.000000 0.000000
5.802942 0.071609 27.000000 0.000000
5.822952 0.064553 27.000000 0.000000
5.842962 0.064237 27.000000 0.000000
5.862972 0.067845 27.000000 0.000000
5.882982 0.064393 27.000000 0.000000
5.902993 0.071919 27.000000 0.000000
5.923003 0.064974 27.000000 0.000000
5.943013 0.067767 27.000000 0.000000
5.963023 0.070554 27.000000 0.000000
5.983033 0.064487 27.000000 0.000000
6.003043 0.066305 27.000000 0.000000
6.023053 0.068907 27.000000 0.000000
6.043064 0.067820 27.000000 0.000000
6.063074 0.071383 27.000000 0.000000
6.083084 0.067969 27.000000 0.000000
6.103094 0.063618 27.000000 0.000000
6.123104 0.069928 27.000000 0.000000
6.143114 0.066312 27.000000 0.000000
6.163124 0.073931 27.000000 0.000000
6.183135 0.067110 27.000000 0.000000
6.203145 0.065639 27.000000 0.000000
6.223155 0.069713 27.000000 0.000000
6.243165 0.066096 27.000000 0.000000
6.263175 0.068710 27.000000 0.000000
