serial number: JANUSZ_3_RI80_21414850
torque: 16.0
start_temp: 30 (31)
finish_temp: 31 (32)
note: po crash'u w stopper
0.000000 nan
0.021014 0.506648
0.042028 0.501635
0.063042 0.499266
0.084056 0.510034
0.105070 0.495724
0.126084 0.509857
0.147098 0.502381
0.168112 0.500081
0.189126 0.510168
0.210140 0.494139
0.231154 0.508979
0.252168 0.499003
0.273182 0.499187
0.294196 0.506681
0.315210 0.492302
0.336224 0.506786
0.357238 0.494916
0.378252 0.497270
0.399266 0.503314
0.420280 0.489732
0.441294 0.504988
0.462308 0.492134
0.483322 0.498077
0.504336 0.502735
0.525350 0.492448
0.546364 0.507320
0.567378 0.495477
0.588392 0.501278
0.609406 0.505140
0.630420 0.495473
0.651434 0.510494
0.672448 0.496662
0.693462 0.503977
0.714476 0.505434
0.735490 0.496838
0.756504 0.509933
0.777518 0.496422
0.798532 0.505774
0.819546 0.504888
0.840560 0.497951
0.861574 0.511162
0.882588 0.497507
0.903602 0.508212
0.924616 0.504601
0.945630 0.500043
0.966644 0.512601
0.987658 0.499257
1.008672 0.511348
1.029686 0.507165
1.050700 0.503038
1.071714 0.514980
1.092728 0.501624
1.113742 0.514582
1.134756 0.508238
1.155770 0.508515
1.176784 0.516785
1.197798 0.503935
1.218812 0.516800
1.239826 0.510116
1.260840 0.510215
1.281854 0.517391
1.302868 0.506578
1.323882 0.519631
1.344896 0.509976
1.365910 0.513467
1.386924 0.518573
1.407938 0.508996
1.428952 0.522870
1.449966 0.513130
1.470980 0.518829
1.491994 0.520819
1.513008 0.512793
1.534022 0.525662
1.555036 0.513941
1.576050 0.520954
1.597064 0.521327
1.618078 0.514703
1.639092 0.526230
1.660106 0.514433
1.681120 0.522338
1.702134 0.520809
1.723148 0.515579
1.744162 0.526229
1.765176 0.514500
1.786190 0.523629
1.807204 0.520953
1.828218 0.517386
1.849232 0.527438
1.870246 0.516361
1.891260 0.526977
1.912274 0.522476
1.933288 0.521966
1.954302 0.530263
1.975316 0.518863
1.996330 0.530144
2.017344 0.522691
2.038358 0.525352
2.059372 0.531386
2.080386 0.521293
2.101400 0.533825
2.122414 0.524816
2.143428 0.529146
2.164442 0.533376
2.185456 0.523620
2.206470 0.536172
2.227484 0.526137
2.248498 0.530486
2.269512 0.533779
2.290526 0.525478
2.311540 0.538148
2.332554 0.526960
2.353568 0.533502
2.374582 0.533638
2.395596 0.527683
2.416610 0.539895
2.437624 0.527960
2.458638 0.537237
2.479652 0.534826
2.500666 0.531072
2.521680 0.541728
2.542694 0.529407
2.563708 0.540154
2.584722 0.535428
2.605736 0.533599
2.626750 0.541958
2.647764 0.530202
2.668778 0.540390
2.689792 0.534185
2.710806 0.533513
2.731820 0.541620
2.752834 0.529938
2.773848 0.541175
2.794862 0.533550
2.815876 0.535123
2.836890 0.541331
2.857904 0.530523
2.878918 0.542694
2.899932 0.532781
2.920946 0.536400
2.941960 0.541672
2.962974 0.530967
2.983988 0.543509
3.005002 0.531872
3.026016 0.537953
3.047030 0.539582
3.068044 0.530469
3.089058 0.543344
3.110072 0.530960
3.131086 0.537706
3.152100 0.536228
3.173114 0.529433
3.194128 0.541010
3.215142 0.528376
3.236156 0.537292
3.257170 0.535790
3.278184 0.530353
3.299198 0.541311
3.320212 0.527696
3.341226 0.538011
3.362240 0.533269
3.383254 0.529437
3.404268 0.539078
3.425282 0.525577
3.446296 0.536270
3.467310 0.528739
3.488324 0.527278
3.509338 0.535669
3.530352 0.522270
3.551366 0.534636
3.572380 0.525627
3.593394 0.526588
3.614408 0.532144
3.635422 0.519979
3.656436 0.532766
3.677450 0.522504
3.698464 0.525522
3.719478 0.530429
3.740492 0.518626
3.761506 0.531064
3.782520 0.519568
3.803534 0.525033
3.824548 0.527569
3.845562 0.517610
3.866576 0.530534
3.887590 0.516772
3.908604 0.523648
3.929618 0.522734
3.950632 0.514094
3.971646 0.526542
3.992660 0.512259
4.013674 0.520460
4.034688 0.518435
4.055702 0.511388
4.076716 0.523274
4.097730 0.508334
4.118744 0.518209
4.139758 0.514041
4.160772 0.509505
4.181786 0.520650
4.202800 0.505675
4.223814 0.516938
4.244828 0.510701
4.265842 0.507322
4.286856 0.517550
4.307870 0.502597
4.328884 0.515524
4.349898 0.507726
4.370912 0.506914
4.391926 0.515501
4.412940 0.501019
4.433954 0.514803
4.454968 0.505612
4.475982 0.506797
4.496996 0.513929
4.518010 0.499791
4.539023 0.514048
4.560037 0.502819
4.581051 0.505360
4.602065 0.510718
4.623079 0.497632
4.644093 0.512308
4.665107 0.499897
4.686121 0.504317
4.707135 0.509155
4.728149 0.497631
4.749163 0.513730
4.770177 0.500587
4.791191 0.507986
4.812205 0.511786
4.833219 0.502124
4.854233 0.516970
4.875247 0.504440
4.896261 0.512506
4.917275 0.513157
4.938289 0.503408
4.959303 0.518257
4.980317 0.503414
5.001331 0.512618
5.022345 0.511466
5.043359 0.503291
5.064373 0.516976
5.085387 0.501010
5.106401 0.512710
5.127415 0.508774
5.148429 0.502258
5.169443 0.514342
5.190457 0.497919
5.211471 0.511397
5.232485 0.505581
5.253499 0.501375
5.274513 0.513485
5.295527 0.499281
5.316541 0.512559
5.337555 0.506513
5.358569 0.504535
5.379583 0.515561
5.400597 0.500914
5.421611 0.515075
5.442625 0.505740
5.463639 0.505389
5.484653 0.514089
5.505667 0.499088
5.526681 0.514022
5.547695 0.503188
5.568709 0.505358
5.589723 0.511806
5.610737 0.496920
5.631751 0.512052
5.652765 0.499285
5.673779 0.503277
5.694793 0.508330
5.715807 0.496023
5.736821 0.511394
5.757835 0.497680
5.778849 0.505315
5.799863 0.508717
5.820877 0.497630
5.841891 0.513055
5.862905 0.499425
5.883919 0.507236
5.904933 0.509236
5.925947 0.499046
5.946961 0.513736
5.967975 0.499266
5.988989 0.507909
6.010003 0.507605
6.031017 0.497979
6.052031 0.511348
6.073045 0.495518
6.094059 0.505666
6.115073 0.503091
6.136087 0.495342
6.157101 0.508440
6.178115 0.491804
6.199129 0.503882
6.220143 0.499536
6.241157 0.495084
6.262171 0.508688
6.283185 0.493093
