serial number: JANUSZ_3_RI80_21414850
torque: 16
start_temp: 30 (33)
finish_temp: 30 (33)
note: zdjęty z robota, soft 18.07 g 11:14, łagodne PIDy, oś 0, montaż TK
0.000000 0.612079 30.000000 0.000000
0.020010 0.612870 30.000000 0.000000
0.040020 0.618036 30.000000 0.000000
0.060030 0.608000 30.000000 0.000000
0.080041 0.616071 30.000000 0.000000
0.100051 0.613093 30.000000 0.000000
0.120061 0.608504 30.000000 0.000000
0.140071 0.617046 30.000000 0.000000
0.160081 0.607967 30.000000 0.000000
0.180091 0.613528 30.000000 0.000000
0.200101 0.614657 30.000000 0.000000
0.220112 0.607119 30.000000 0.000000
0.240122 0.616877 30.000000 0.000000
0.260132 0.610631 30.000000 0.000000
0.280142 0.612160 30.000000 0.000000
0.300152 0.617113 30.000000 0.000000
0.320162 0.607232 30.000000 0.000000
0.340172 0.615737 30.000000 0.000000
0.360183 0.612394 30.000000 0.000000
0.380193 0.609030 30.000000 0.000000
0.400203 0.617580 30.000000 0.000000
0.420213 0.608026 30.000000 0.000000
0.440223 0.614139 30.000000 0.000000
0.460233 0.614242 30.000000 0.000000
0.480243 0.606895 30.000000 0.000000
0.500254 0.617045 30.000000 0.000000
0.520264 0.609307 30.000000 0.000000
0.540274 0.612213 30.000000 0.000000
0.560284 0.616518 30.000000 0.000000
0.580294 0.607940 30.000000 0.000000
0.600304 0.617085 30.000000 0.000000
0.620314 0.612919 30.000000 0.000000
0.640325 0.610322 30.000000 0.000000
0.660335 0.618446 30.000000 0.000000
0.680345 0.609149 30.000000 0.000000
0.700355 0.615144 30.000000 0.000000
0.720365 0.614318 30.000000 0.000000
0.740375 0.607136 30.000000 0.000000
0.760385 0.616418 30.000000 0.000000
0.780396 0.607726 30.000000 0.000000
0.800406 0.610635 30.000000 0.000000
0.820416 0.613911 30.000000 0.000000
0.840426 0.604985 30.000000 0.000000
0.860436 0.613356 30.000000 0.000000
0.880446 0.607852 30.000000 0.000000
0.900456 0.606908 30.000000 0.000000
0.920467 0.614034 30.000000 0.000000
0.940477 0.604702 30.000000 0.000000
0.960487 0.611744 30.000000 0.000000
0.980497 0.610030 30.000000 0.000000
1.000507 0.604226 30.000000 0.000000
1.020517 0.613766 30.000000 0.000000
1.040528 0.604884 30.000000 0.000000
1.060538 0.609283 30.000000 0.000000
1.080548 0.611341 30.000000 0.000000
1.100558 0.602698 30.000000 0.000000
1.120568 0.611959 30.000000 0.000000
1.140578 0.605538 30.000000 0.000000
1.160588 0.605567 30.000000 0.000000
1.180599 0.612588 30.000000 0.000000
1.200609 0.602946 30.000000 0.000000
1.220619 0.610526 30.000000 0.000000
1.240629 0.608017 30.000000 0.000000
1.260639 0.602738 30.000000 0.000000
1.280649 0.611987 30.000000 0.000000
1.300659 0.603385 30.000000 0.000000
1.320670 0.607332 30.000000 0.000000
1.340680 0.609677 30.000000 0.000000
1.360690 0.601729 30.000000 0.000000
1.380700 0.610905 30.000000 0.000000
1.400710 0.604361 30.000000 0.000000
1.420720 0.606166 30.000000 0.000000
1.440730 0.612954 30.000000 0.000000
1.460741 0.603660 30.000000 0.000000
1.480751 0.610693 30.000000 0.000000
1.500761 0.607798 30.000000 0.000000
1.520771 0.603761 30.000000 0.000000
1.540781 0.612713 30.000000 0.000000
1.560791 0.602665 30.000000 0.000000
1.580801 0.607981 30.000000 0.000000
1.600812 0.608987 30.000000 0.000000
1.620822 0.601761 30.000000 0.000000
1.640832 0.611335 30.000000 0.000000
1.660842 0.603739 30.000000 0.000000
1.680852 0.605369 30.000000 0.000000
1.700862 0.610904 30.000000 0.000000
1.720872 0.600969 30.000000 0.000000
1.740883 0.609293 30.000000 0.000000
1.760893 0.605939 30.000000 0.000000
1.780903 0.602433 30.000000 0.000000
1.800913 0.610970 30.000000 0.000000
1.820923 0.601248 30.000000 0.000000
1.840933 0.607777 30.000000 0.000000
1.860943 0.608393 30.000000 0.000000
1.880954 0.601529 30.000000 0.000000
1.900964 0.610794 30.000000 0.000000
1.920974 0.603209 30.000000 0.000000
1.940984 0.605451 30.000000 0.000000
1.960994 0.610982 30.000000 0.000000
1.981004 0.601239 29.997778 0.000000
2.001014 0.609627 29.996791 0.000000
2.021025 0.605822 30.000000 0.000000
2.041035 0.603040 30.000000 0.000000
2.061045 0.611559 30.000000 0.000000
2.081055 0.601301 30.000000 0.000000
2.101065 0.608682 30.000000 0.000000
2.121075 0.609945 30.000000 0.000000
2.141085 0.603259 30.000000 0.000000
2.161096 0.612564 30.000000 0.000000
2.181106 0.605385 30.000000 0.000000
2.201116 0.608498 30.000000 0.000000
2.221126 0.613120 30.000000 0.000000
2.241136 0.603756 30.000000 0.000000
2.261146 0.612647 30.000000 0.000000
2.281156 0.608590 30.000000 0.000000
2.301167 0.605667 30.000000 0.000000
2.321177 0.612952 30.000000 0.000000
2.341187 0.602384 30.000000 0.000000
2.361197 0.609596 30.000000 0.000000
2.381207 0.609056 30.000000 0.000000
2.401217 0.602793 30.000000 0.000000
2.421227 0.610955 30.000000 0.000000
2.441238 0.602736 30.000000 0.000000
2.461248 0.605600 30.000000 0.000000
2.481258 0.609726 30.000000 0.000000
2.501268 0.600538 30.000000 0.000000
2.521278 0.609706 30.000000 0.000000
2.541288 0.604670 30.000000 0.000000
2.561298 0.602602 30.000000 0.000000
2.581309 0.609736 30.000000 0.000000
2.601319 0.599816 30.000000 0.000000
2.621329 0.607302 30.000000 0.000000
2.641339 0.606763 30.000000 0.000000
2.661349 0.600151 30.000000 0.000000
2.681359 0.608784 30.000000 0.000000
2.701369 0.599778 30.000000 0.000000
2.721380 0.604016 30.000000 0.000000
2.741390 0.607189 30.000000 0.000000
2.761400 0.597920 30.000000 0.000000
2.781410 0.607270 30.000000 0.000000
2.801420 0.601475 30.000000 0.000000
2.821430 0.599885 30.000000 0.000000
2.841440 0.606961 30.000000 0.000000
2.861451 0.597222 30.000000 0.000000
2.881461 0.605195 30.000000 0.000000
2.901471 0.603678 30.000000 0.000000
2.921481 0.597783 30.000000 0.000000
2.941491 0.606480 30.000000 0.000000
2.961501 0.598434 30.000000 0.000000
2.981511 0.602532 30.000000 0.000000
3.001522 0.605877 30.000000 0.000000
3.021532 0.597428 30.000000 0.000000
3.041542 0.606997 30.000000 0.000000
3.061552 0.601073 30.000000 0.000000
3.081562 0.599457 30.000000 0.000000
3.101572 0.605692 30.000000 0.000000
3.121583 0.595443 30.000000 0.000000
3.141593 0.603306 30.000000 0.000000
3.161603 0.601132 30.000000 0.000000
3.181613 0.595572 30.000000 0.000000
3.201623 0.604591 30.000000 0.000000
3.221633 0.595655 30.000000 0.000000
3.241643 0.600166 30.000000 0.000000
3.261654 0.602044 30.000000 0.000000
3.281664 0.594324 30.000000 0.000000
3.301674 0.604510 30.000000 0.000000
3.321684 0.598708 30.000000 0.000000
3.341694 0.598256 30.000000 0.000000
3.361704 0.605231 30.000000 0.000000
3.381714 0.595997 30.000000 0.000000
3.401725 0.604580 30.000000 0.000000
3.421735 0.602245 30.000000 0.000000
3.441745 0.597790 30.000000 0.000000
3.461755 0.606545 30.000000 0.000000
3.481765 0.597921 30.000000 0.000000
3.501775 0.602409 30.000000 0.000000
3.521785 0.604725 30.000000 0.000000
3.541796 0.597315 30.000000 0.000000
3.561806 0.607787 30.000000 0.000000
3.581816 0.600883 30.000000 0.000000
3.601826 0.601375 30.000000 0.000000
3.621836 0.607846 30.000000 0.000000
3.641846 0.598791 30.000000 0.000000
3.661856 0.607931 30.000000 0.000000
3.681867 0.605337 30.000000 0.000000
3.701877 0.601839 30.000000 0.000000
3.721887 0.611147 30.000000 0.000000
3.741897 0.602046 30.000000 0.000000
3.761907 0.607350 30.000000 0.000000
3.781917 0.609973 30.000000 0.000000
3.801927 0.603213 30.000000 0.000000
3.821938 0.613827 30.000000 0.000000
3.841948 0.606425 30.000000 0.000000
3.861958 0.606938 30.000000 0.000000
3.881968 0.612877 30.000000 0.000000
3.901978 0.603513 30.000000 0.000000
3.921988 0.611893 30.000000 0.000000
3.941998 0.608939 30.000000 0.000000
3.962009 0.605191 30.000000 0.000000
3.982019 0.614741 30.000000 0.000000
4.002029 0.604652 30.000000 0.000000
4.022039 0.609558 30.000000 0.000000
4.042049 0.611737 30.000000 0.000000
4.062059 0.604577 30.000000 0.000000
4.082069 0.614644 30.000000 0.000000
4.102080 0.607235 30.000000 0.000000
4.122090 0.608018 30.000000 0.000000
4.142100 0.614448 30.000000 0.000000
4.162110 0.605151 30.000000 0.000000
4.182120 0.614552 30.000000 0.000000
4.202130 0.611101 30.000000 0.000000
4.222140 0.607959 30.000000 0.000000
4.242151 0.617737 30.000000 0.000000
4.262161 0.607346 30.000000 0.000000
4.282171 0.612906 30.000000 0.000000
4.302181 0.615028 30.000000 0.000000
4.322191 0.607811 30.000000 0.000000
4.342201 0.617646 30.000000 0.000000
4.362211 0.609584 30.000000 0.000000
4.382222 0.610632 30.000000 0.000000
4.402232 0.616782 30.000000 0.000000
4.422242 0.607159 30.000000 0.000000
4.442252 0.615577 30.000000 0.000000
4.462262 0.612634 30.000000 0.000000
4.482272 0.609543 30.000000 0.000000
4.502282 0.618386 30.000000 0.000000
4.522293 0.608388 30.000000 0.000000
4.542303 0.614039 30.000000 0.000000
4.562313 0.615603 30.000000 0.000000
4.582323 0.609148 30.000000 0.000000
4.602333 0.618353 30.000000 0.000000
4.622343 0.610510 30.000000 0.000000
4.642353 0.611550 30.000000 0.000000
4.662364 0.617385 30.000000 0.000000
4.682374 0.607137 30.000000 0.000000
4.702384 0.615600 30.000000 0.000000
4.722394 0.611565 30.000000 0.000000
4.742404 0.609216 30.000000 0.000000
4.762414 0.617485 30.000000 0.000000
4.782424 0.606787 30.000000 0.000000
4.802435 0.612099 30.000000 0.000000
4.822445 0.613598 30.000000 0.000000
4.842455 0.606633 30.000000 0.000000
4.862465 0.615624 30.000000 0.000000
4.882475 0.607235 30.000000 0.000000
4.902485 0.609435 30.000000 0.000000
4.922495 0.614888 30.000000 0.000000
4.942506 0.605142 30.000000 0.000000
4.962516 0.614171 30.000000 0.000000
4.982526 0.610886 30.000000 0.000000
5.002536 0.608483 30.000000 0.000000
5.022546 0.616926 30.000000 0.000000
5.042556 0.606250 30.000000 0.000000
5.062567 0.612496 30.000000 0.000000
5.082577 0.613780 30.000000 0.000000
5.102587 0.606924 30.000000 0.000000
5.122597 0.616058 30.000000 0.000000
5.142607 0.608123 30.000000 0.000000
5.162617 0.610918 30.000000 0.000000
5.182627 0.616119 30.000000 0.000000
5.202638 0.605813 30.000000 0.000000
5.222648 0.614970 30.000000 0.000000
5.242658 0.610688 30.000000 0.000000
5.262668 0.609542 30.000000 0.000000
5.282678 0.617185 30.000000 0.000000
5.302688 0.606370 30.000000 0.000000
5.322698 0.613627 30.000000 0.000000
5.342709 0.614645 30.000000 0.000000
5.362719 0.608706 30.000000 0.000000
5.382729 0.618205 30.000000 0.000000
5.402739 0.609792 30.000000 0.000000
5.422749 0.613204 30.000000 0.000000
5.442759 0.617504 30.000000 0.000000
5.462769 0.607782 30.000000 0.000000
5.482780 0.616872 30.000000 0.000000
5.502790 0.612437 30.000000 0.000000
5.522800 0.611256 30.000000 0.000000
5.542810 0.617903 30.000000 0.000000
5.562820 0.607201 30.000000 0.000000
5.582830 0.613258 30.000000 0.000000
5.602840 0.612885 30.000000 0.000000
5.622851 0.606477 30.000000 0.000000
5.642861 0.615773 30.000000 0.000000
5.662871 0.607049 30.000000 0.000000
5.682881 0.610577 30.000000 0.000000
5.702891 0.614471 30.000000 0.000000
5.722901 0.604834 30.000000 0.000000
5.742911 0.614526 30.000000 0.000000
5.762922 0.610037 30.000000 0.000000
5.782932 0.609240 30.000000 0.000000
5.802942 0.615993 30.000000 0.000000
5.822952 0.605398 30.000000 0.000000
5.842962 0.613293 30.000000 0.000000
5.862972 0.612724 30.000000 0.000000
5.882982 0.607264 30.000000 0.000000
5.902993 0.616059 30.000000 0.000000
5.923003 0.606834 30.000000 0.000000
5.943013 0.611702 30.000000 0.000000
5.963023 0.614148 30.000000 0.000000
5.983033 0.605307 30.000000 0.000000
6.003043 0.615348 30.000000 0.000000
6.023053 0.610273 30.000000 0.000000
6.043064 0.610284 30.000000 0.000000
6.063074 0.617046 30.000000 0.000000
6.083084 0.606986 30.000000 0.000000
6.103094 0.615362 30.000000 0.000000
6.123104 0.614656 30.000000 0.000000
6.143114 0.610054 30.000000 0.000000
6.163124 0.618924 30.000000 0.000000
6.183135 0.609944 30.000000 0.000000
6.203145 0.614886 30.000000 0.000000
6.223155 0.617215 30.000000 0.000000
6.243165 0.608243 30.000000 0.000000
6.263175 0.618394 30.000000 0.000000
