serial number: JANUSZ_3_RI80_21414850
torque: 16
start_temp: 30 (33)
finish_temp: 30 (33)
note: zdjęty z robota, soft nie ruszany, oś 2
0.000000 0.484746 30.000000 0.000000
0.020010 0.479549 30.000000 0.000000
0.040020 0.484340 30.000000 0.000000
0.060030 0.477800 30.000000 0.000000
0.080041 0.476182 30.000000 0.000000
0.100051 0.486257 30.000000 0.000000
0.120061 0.477611 30.000000 0.000000
0.140071 0.478247 30.000000 0.000000
0.160081 0.479942 30.000000 0.000000
0.180091 0.476034 30.000000 0.000000
0.200101 0.484792 30.000000 0.000000
0.220112 0.474634 30.000000 0.000000
0.240122 0.476348 30.000000 0.000000
0.260132 0.482460 30.000000 0.000000
0.280142 0.477091 30.000000 0.000000
0.300152 0.480366 30.000000 0.000000
0.320162 0.475519 30.000000 0.000000
0.340172 0.475257 30.000000 0.000000
0.360183 0.484840 30.000000 0.000000
0.380193 0.475027 30.000000 0.000000
0.400203 0.476625 30.000000 0.000000
0.420213 0.477778 30.000000 0.000000
0.440223 0.474182 30.000000 0.000000
0.460233 0.482006 30.000000 0.000000
0.480243 0.472372 30.000000 0.000000
0.500254 0.474419 30.000000 0.000000
0.520264 0.481534 30.000000 0.000000
0.540274 0.474490 30.000000 0.000000
0.560284 0.478008 30.000000 0.000000
0.580294 0.474576 30.000000 0.000000
0.600304 0.474337 30.000000 0.000000
0.620314 0.483858 30.000000 0.000000
0.640325 0.472875 30.000000 0.000000
0.660335 0.477687 30.000000 0.000000
0.680345 0.480104 30.000000 0.000000
0.700355 0.477713 30.000000 0.000000
0.720365 0.483687 30.000000 0.000000
0.740375 0.474485 30.000000 0.000000
0.760385 0.479069 30.000000 0.000000
0.780396 0.485242 30.000000 0.000000
0.800406 0.478226 30.000000 0.000000
0.820416 0.481621 30.000000 0.000000
0.840426 0.478439 30.000000 0.000000
0.860436 0.479344 30.000000 0.000000
0.880446 0.486645 30.000000 0.000000
0.900456 0.475034 30.000000 0.000000
0.920467 0.480746 30.000000 0.000000
0.940477 0.482998 30.000000 0.000000
0.960487 0.479303 30.000000 0.000000
0.980497 0.483632 30.000000 0.000000
1.000507 0.475823 30.000000 0.000000
1.020517 0.480656 30.000000 0.000000
1.040528 0.486999 30.000000 0.000000
1.060538 0.477445 30.000000 0.000000
1.080548 0.482201 30.000000 0.000000
1.100558 0.479641 30.000000 0.000000
1.120568 0.481616 30.000000 0.000000
1.140578 0.489128 30.000000 0.000000
1.160588 0.476573 30.000000 0.000000
1.180599 0.485097 30.000000 0.000000
1.200609 0.486149 30.000000 0.000000
1.220619 0.483828 30.000000 0.000000
1.240629 0.486587 30.000000 0.000000
1.260639 0.480376 30.000000 0.000000
1.280649 0.486051 30.000000 0.000000
1.300659 0.491513 30.000000 0.000000
1.320670 0.481677 30.000000 0.000000
1.340680 0.488002 30.000000 0.000000
1.360690 0.485191 30.000000 0.000000
1.380700 0.488356 30.000000 0.000000
1.400710 0.493098 30.000000 0.000000
1.420720 0.482606 30.000000 0.000000
1.440730 0.491206 30.000000 0.000000
1.460741 0.492806 30.000000 0.000000
1.480751 0.489098 30.000000 0.000000
1.500761 0.493253 30.000000 0.000000
1.520771 0.487798 30.000000 0.000000
1.540781 0.494630 30.000000 0.000000
1.560791 0.499331 30.000000 0.000000
1.580801 0.488353 30.000000 0.000000
1.600812 0.494927 30.000000 0.000000
1.620822 0.492013 30.000000 0.000000
1.640832 0.494560 30.000000 0.000000
1.660842 0.496836 30.000000 0.000000
1.680852 0.486982 30.000000 0.000000
1.700862 0.496330 30.000000 0.000000
1.720872 0.496917 30.000000 0.000000
1.740883 0.491712 30.000000 0.000000
1.760893 0.494571 30.000000 0.000000
1.780903 0.488873 30.000000 0.000000
1.800913 0.495706 30.000000 0.000000
1.820923 0.497714 30.000000 0.000000
1.840933 0.486767 30.000000 0.000000
1.860943 0.495481 30.000000 0.000000
1.880954 0.492547 30.000000 0.000000
1.900964 0.494844 30.000000 0.000000
1.920974 0.495511 30.000000 0.000000
1.940984 0.487114 30.000000 0.000000
1.960994 0.496862 30.000000 0.000000
1.981004 0.496596 30.000000 0.000000
2.001014 0.490031 30.000000 0.000000
2.021025 0.494092 30.000000 0.000000
2.041035 0.488926 30.000000 0.000000
2.061045 0.497556 30.000000 0.000000
2.081055 0.496754 30.000000 0.000000
2.101065 0.487236 30.000000 0.000000
2.121075 0.497421 30.000000 0.000000
2.141085 0.493069 30.000000 0.000000
2.161096 0.495536 30.000000 0.000000
2.181106 0.494618 30.000000 0.000000
2.201116 0.488482 30.000000 0.000000
2.221126 0.499046 30.000000 0.000000
2.241136 0.497541 30.000000 0.000000
2.261146 0.490888 30.000000 0.000000
2.281156 0.495996 30.000000 0.000000
2.301167 0.490370 30.000000 0.000000
2.321177 0.498846 30.000000 0.000000
2.341187 0.495835 30.000000 0.000000
2.361197 0.489029 30.000000 0.000000
2.381207 0.498191 30.000000 0.000000
2.401217 0.494438 30.000000 0.000000
2.421227 0.495718 30.000000 0.000000
2.441238 0.494165 30.000000 0.000000
2.461248 0.489220 30.000000 0.000000
2.481258 0.499484 30.000000 0.000000
2.501268 0.495835 30.000000 0.000000
2.521278 0.489778 30.000000 0.000000
2.541288 0.495818 30.000000 0.000000
2.561298 0.489742 30.000000 0.000000
2.581309 0.498439 30.000000 0.000000
2.601319 0.492132 30.000000 0.000000
2.621329 0.487093 30.000000 0.000000
2.641339 0.496267 30.000000 0.000000
2.661349 0.491232 30.000000 0.000000
2.681359 0.490178 30.000000 0.000000
2.701369 0.489923 30.000000 0.000000
2.721380 0.484633 30.000000 0.000000
2.741390 0.495260 30.000000 0.000000
2.761400 0.488376 30.000000 0.000000
2.781410 0.483737 30.000000 0.000000
2.801420 0.490594 30.000000 0.000000
2.821430 0.484805 30.000000 0.000000
2.841440 0.492054 30.000000 0.000000
2.861451 0.485070 30.000000 0.000000
2.881461 0.482014 30.000000 0.000000
2.901471 0.491366 30.000000 0.000000
2.921481 0.485987 30.000000 0.000000
2.941491 0.484845 30.000000 0.000000
2.961501 0.485987 30.000000 0.000000
2.981511 0.481911 30.000000 0.000000
3.001522 0.492534 30.000000 0.000000
3.021532 0.483649 30.000000 0.000000
3.041542 0.481767 30.000000 0.000000
3.061552 0.488189 30.000000 0.000000
3.081562 0.482763 30.000000 0.000000
3.101572 0.487796 30.000000 0.000000
3.121583 0.482891 30.000000 0.000000
3.141593 0.480825 30.000000 0.000000
3.161603 0.490649 30.000000 0.000000
3.181613 0.482345 30.000000 0.000000
3.201623 0.481489 30.000000 0.000000
3.221633 0.483680 30.000000 0.000000
3.241643 0.478988 30.000000 0.000000
3.261654 0.488109 30.000000 0.000000
3.281664 0.477195 30.000000 0.000000
3.301674 0.477175 30.000000 0.000000
3.321684 0.483219 30.000000 0.000000
3.341694 0.477331 30.000000 0.000000
3.361704 0.480251 30.000000 0.000000
3.381714 0.476316 30.000000 0.000000
3.401725 0.474355 30.000000 0.000000
3.421735 0.484194 30.000000 0.000000
3.441745 0.473665 30.000000 0.000000
3.461755 0.475120 30.000000 0.000000
3.481765 0.477386 30.000000 0.000000
3.501775 0.473516 30.000000 0.000000
3.521785 0.481535 30.000000 0.000000
3.541796 0.471056 30.000000 0.000000
3.561806 0.472262 30.000000 0.000000
3.581816 0.479552 30.000000 0.000000
3.601826 0.472239 30.000000 0.000000
3.621836 0.474939 30.000000 0.000000
3.641846 0.472931 30.000000 0.000000
3.661856 0.471449 30.000000 0.000000
3.681867 0.481155 30.000000 0.000000
3.701877 0.468821 30.000000 0.000000
3.721887 0.472769 30.000000 0.000000
3.741897 0.476226 30.000000 0.000000
3.761907 0.472846 30.000000 0.000000
3.781917 0.478379 30.000000 0.000000
3.801927 0.471222 30.000000 0.000000
3.821938 0.473505 30.000000 0.000000
3.841948 0.480333 30.000000 0.000000
3.861958 0.470904 30.000000 0.000000
3.881968 0.475093 30.000000 0.000000
3.901978 0.474493 30.000000 0.000000
3.921988 0.474403 30.000000 0.000000
3.941998 0.482618 30.000000 0.000000
3.962009 0.470121 30.000000 0.000000
3.982019 0.475341 30.000000 0.000000
4.002029 0.478641 30.000000 0.000000
4.022039 0.474701 30.000000 0.000000
4.042049 0.478337 30.000000 0.000000
4.062059 0.473049 30.000000 0.000000
4.082069 0.474962 30.000000 0.000000
4.102080 0.482133 30.000000 0.000000
4.122090 0.469727 30.000000 0.000000
4.142100 0.476152 30.000000 0.000000
4.162110 0.476163 30.000000 0.000000
4.182120 0.475824 30.000000 0.000000
4.202130 0.481175 30.000000 0.000000
4.222140 0.470752 30.000000 0.000000
4.242151 0.476789 30.000000 0.000000
4.262161 0.481795 30.000000 0.000000
4.282171 0.474154 30.000000 0.000000
4.302181 0.478468 30.000000 0.000000
4.322191 0.475016 30.000000 0.000000
4.342201 0.477469 30.000000 0.000000
4.362211 0.483483 30.000000 0.000000
4.382222 0.470793 30.000000 0.000000
4.402232 0.479365 30.000000 0.000000
4.422242 0.480294 30.000000 0.000000
4.442252 0.479692 30.000000 0.000000
4.462262 0.482506 30.000000 0.000000
4.482272 0.475633 30.000000 0.000000
4.502282 0.481808 30.000000 0.000000
4.522293 0.486739 30.000000 0.000000
4.542303 0.477018 30.000000 0.000000
4.562313 0.484055 30.000000 0.000000
4.582323 0.481766 30.000000 0.000000
4.602333 0.484577 30.000000 0.000000
4.622343 0.489167 30.000000 0.000000
4.642353 0.478081 30.000000 0.000000
4.662364 0.487363 30.000000 0.000000
4.682374 0.489235 30.000000 0.000000
4.702384 0.486335 30.000000 0.000000
4.722394 0.488832 30.000000 0.000000
4.742404 0.483238 30.000000 0.000000
4.762414 0.490006 30.000000 0.000000
4.782424 0.494010 30.000000 0.000000
4.802435 0.483197 30.000000 0.000000
4.822445 0.492134 30.000000 0.000000
4.842455 0.489716 30.000000 0.000000
4.862465 0.493198 30.000000 0.000000
4.882475 0.494059 30.000000 0.000000
4.902485 0.485054 30.000000 0.000000
4.922495 0.494689 30.000000 0.000000
4.942506 0.495805 30.000000 0.000000
4.962516 0.491439 30.000000 0.000000
4.982526 0.494788 30.000000 0.000000
5.002536 0.490149 30.000000 0.000000
5.022546 0.497143 30.000000 0.000000
5.042556 0.498244 30.000000 0.000000
5.062567 0.488327 30.000000 0.000000
5.082577 0.497948 30.000000 0.000000
5.102587 0.495544 30.000000 0.000000
5.122597 0.497453 30.000000 0.000000
5.142607 0.496538 30.000000 0.000000
5.162617 0.488541 30.000000 0.000000
5.182627 0.498046 30.000000 0.000000
5.202638 0.498168 30.000000 0.000000
5.222648 0.490845 30.000000 0.000000
5.242658 0.497099 30.000000 0.000000
5.262668 0.491747 30.000000 0.000000
5.282678 0.498588 30.000000 0.000000
5.302688 0.497188 30.000000 0.000000
5.322698 0.488947 30.000000 0.000000
5.342709 0.499389 30.000000 0.000000
5.362719 0.495933 30.000000 0.000000
5.382729 0.497159 30.000000 0.000000
5.402739 0.495567 30.000000 0.000000
5.422749 0.489269 30.000000 0.000000
5.442759 0.500058 30.000000 0.000000
5.462769 0.497337 30.000000 0.000000
5.482780 0.490197 30.000000 0.000000
5.502790 0.497075 30.000000 0.000000
5.522800 0.492163 30.000000 0.000000
5.542810 0.498654 30.000000 0.000000
5.562820 0.494431 30.000000 0.000000
5.582830 0.487825 30.000000 0.000000
5.602840 0.498235 30.000000 0.000000
5.622851 0.495263 30.000000 0.000000
5.642861 0.493882 30.000000 0.000000
5.662871 0.493954 30.000000 0.000000
5.682881 0.488395 30.000000 0.000000
5.702891 0.498312 30.000000 0.000000
5.722901 0.494058 30.000000 0.000000
5.742911 0.488771 30.000000 0.000000
5.762922 0.495727 30.000000 0.000000
5.782932 0.489785 30.000000 0.000000
5.802942 0.495347 30.000000 0.000000
5.822952 0.489033 30.000000 0.000000
5.842962 0.484899 30.000000 0.000000
5.862972 0.494488 30.000000 0.000000
5.882982 0.489227 30.000000 0.000000
5.902993 0.487835 30.000000 0.000000
5.923003 0.487674 30.000000 0.000000
5.943013 0.482122 30.000000 0.000000
5.963023 0.492352 30.000000 0.000000
5.983033 0.484179 30.000000 0.000000
6.003043 0.479916 30.000000 0.000000
6.023053 0.486854 30.000000 0.000000
6.043064 0.481212 30.000000 0.000000
6.063074 0.486334 30.000000 0.000000
6.083084 0.480148 30.000000 0.000000
6.103094 0.477601 30.000000 0.000000
6.123104 0.487183 30.000000 0.000000
6.143114 0.481812 30.000000 0.000000
6.163124 0.480116 30.000000 0.000000
6.183135 0.481379 30.000000 0.000000
6.203145 0.476894 30.000000 0.000000
6.223155 0.487130 30.000000 0.000000
6.243165 0.478428 30.000000 0.000000
6.263175 0.477530 30.000000 0.000000
