serial number: JANUSZ_3_RI80_21414850
torque: 16
start_temp: 30 (32)
finish_temp: 30 (32)
note: zdjęty z robota, soft z 18.07 g.11:14, łagodne PIDy, oś 2
0.000000 0.457507 30.000000 0.000000
0.020010 0.453391 30.000000 0.000000
0.040020 0.456557 30.000000 0.000000
0.060030 0.452526 30.000000 0.000000
0.080041 0.449880 30.000000 0.000000
0.100051 0.458761 30.000000 0.000000
0.120061 0.451898 30.000000 0.000000
0.140071 0.450579 30.000000 0.000000
0.160081 0.453968 30.000000 0.000000
0.180091 0.450590 30.000000 0.000000
0.200101 0.458790 30.000000 0.000000
0.220112 0.449673 30.000000 0.000000
0.240122 0.448744 30.000000 0.000000
0.260132 0.454910 30.000000 0.000000
0.280142 0.449857 30.000000 0.000000
0.300152 0.452289 30.000000 0.000000
0.320162 0.448405 30.000000 0.000000
0.340172 0.447296 30.000000 0.000000
0.360183 0.455924 30.000000 0.000000
0.380193 0.448376 30.000000 0.000000
0.400203 0.448498 30.000000 0.000000
0.420213 0.451487 30.000000 0.000000
0.440223 0.448845 30.000000 0.000000
0.460233 0.455813 30.000000 0.000000
0.480243 0.447388 29.997576 0.000000
0.500254 0.448920 29.996825 0.000000
0.520264 0.455055 30.000000 0.000000
0.540274 0.450312 30.000000 0.000000
0.560284 0.452145 30.000000 0.000000
0.580294 0.450459 30.000000 0.000000
0.600304 0.449903 30.000000 0.000000
0.620314 0.458634 30.000000 0.000000
0.640325 0.448526 30.000000 0.000000
0.660335 0.450579 30.000000 0.000000
0.680345 0.453814 30.000000 0.000000
0.700355 0.450633 30.000000 0.000000
0.720365 0.456264 30.000000 0.000000
0.740375 0.447417 30.000000 0.000000
0.760385 0.449382 30.000000 0.000000
0.780396 0.455244 30.000000 0.000000
0.800406 0.448297 30.000000 0.000000
0.820416 0.451114 30.000000 0.000000
0.840426 0.449320 30.000000 0.000000
0.860436 0.450368 30.000000 0.000000
0.880446 0.457039 30.000000 0.000000
0.900456 0.446312 30.000000 0.000000
0.920467 0.450892 30.000000 0.000000
0.940477 0.453223 30.000000 0.000000
0.960487 0.451655 30.000000 0.000000
0.980497 0.455254 30.000000 0.000000
1.000507 0.448333 30.000000 0.000000
1.020517 0.452130 30.000000 0.000000
1.040528 0.458582 30.000000 0.000000
1.060538 0.450360 30.000000 0.000000
1.080548 0.453939 30.000000 0.000000
1.100558 0.453585 30.000000 0.000000
1.120568 0.454213 30.000000 0.000000
1.140578 0.460893 30.000000 0.000000
1.160588 0.449048 30.000000 0.000000
1.180599 0.455468 30.000000 0.000000
1.200609 0.458890 30.000000 0.000000
1.220619 0.456573 30.000000 0.000000
1.240629 0.460190 30.000000 0.000000
1.260639 0.454781 30.000000 0.000000
1.280649 0.459280 30.000000 0.000000
1.300659 0.465200 30.000000 0.000000
1.320670 0.455289 30.000000 0.000000
1.340680 0.460147 30.000000 0.000000
1.360690 0.459419 30.000000 0.000000
1.380700 0.460926 30.000000 0.000000
1.400710 0.465085 30.000000 0.000000
1.420720 0.454001 30.000000 0.000000
1.440730 0.460760 30.000000 0.000000
1.460741 0.463099 30.000000 0.000000
1.480751 0.460249 30.000000 0.000000
1.500761 0.462296 30.000000 0.000000
1.520771 0.458401 30.000000 0.000000
1.540781 0.463033 30.000000 0.000000
1.560791 0.467872 30.000000 0.000000
1.580801 0.456573 30.000000 0.000000
1.600812 0.463551 30.000000 0.000000
1.620822 0.462797 30.000000 0.000000
1.640832 0.464698 30.000000 0.000000
1.660842 0.466509 30.000000 0.000000
1.680852 0.457567 30.000000 0.000000
1.700862 0.465917 30.000000 0.000000
1.720872 0.468842 30.000000 0.000000
1.740883 0.463755 30.000000 0.000000
1.760893 0.466678 30.000000 0.000000
1.780903 0.462883 30.000000 0.000000
1.800913 0.468903 30.000000 0.000000
1.820923 0.470964 30.000000 0.000000
1.840933 0.460085 30.000000 0.000000
1.860943 0.468518 30.000000 0.000000
1.880954 0.466142 30.000000 0.000000
1.900964 0.469252 30.000000 0.000000
1.920974 0.467747 30.000000 0.000000
1.940984 0.460169 30.000000 0.000000
1.960994 0.467720 30.000000 0.000000
1.981004 0.468727 30.000000 0.000000
2.001014 0.462088 30.000000 0.000000
2.021025 0.465562 30.000000 0.000000
2.041035 0.462287 30.000000 0.000000
2.061045 0.468421 30.000000 0.000000
2.081055 0.468323 30.000000 0.000000
2.101065 0.457551 30.000000 0.000000
2.121075 0.466002 30.000000 0.000000
2.141085 0.464164 30.000000 0.000000
2.161096 0.465172 30.000000 0.000000
2.181106 0.463389 30.000000 0.000000
2.201116 0.457367 30.000000 0.000000
2.221126 0.465622 30.000000 0.000000
2.241136 0.465665 30.000000 0.000000
2.261146 0.457856 30.000000 0.000000
2.281156 0.463252 30.000000 0.000000
2.301167 0.458928 30.000000 0.000000
2.321177 0.466792 30.000000 0.000000
2.341187 0.462817 30.000000 0.000000
2.361197 0.455322 30.000000 0.000000
2.381207 0.464124 30.000000 0.000000
2.401217 0.461567 30.000000 0.000000
2.421227 0.462203 30.000000 0.000000
2.441238 0.459984 30.000000 0.000000
2.461248 0.455493 30.000000 0.000000
2.481258 0.464665 30.000000 0.000000
2.501268 0.462911 30.000000 0.000000
2.521278 0.456701 30.000000 0.000000
2.541288 0.462390 30.000000 0.000000
2.561298 0.458677 30.000000 0.000000
2.581309 0.465444 30.000000 0.000000
2.601319 0.460686 30.000000 0.000000
2.621329 0.456041 30.000000 0.000000
2.641339 0.464991 30.000000 0.000000
2.661349 0.462272 30.000000 0.000000
2.681359 0.460867 30.000000 0.000000
2.701369 0.460587 30.000000 0.000000
2.721380 0.456235 30.000000 0.000000
2.741390 0.465888 30.000000 0.000000
2.761400 0.461150 30.000000 0.000000
2.781410 0.455129 30.000000 0.000000
2.801420 0.462030 30.000000 0.000000
2.821430 0.456632 30.000000 0.000000
2.841440 0.462903 30.000000 0.000000
2.861451 0.456570 30.000000 0.000000
2.881461 0.452210 30.000000 0.000000
2.901471 0.461603 30.000000 0.000000
2.921481 0.457589 30.000000 0.000000
2.941491 0.455686 30.000000 0.000000
2.961501 0.456585 30.000000 0.000000
2.981511 0.452548 30.000000 0.000000
3.001522 0.461790 30.000000 0.000000
3.021532 0.454344 30.000000 0.000000
3.041542 0.451225 30.000000 0.000000
3.061552 0.458350 30.000000 0.000000
3.081562 0.454783 30.000000 0.000000
3.101572 0.458784 30.000000 0.000000
3.121583 0.453283 30.000000 0.000000
3.141593 0.451020 30.000000 0.000000
3.161603 0.460093 30.000000 0.000000
3.181613 0.454783 30.000000 0.000000
3.201623 0.452758 30.000000 0.000000
3.221633 0.455954 30.000000 0.000000
3.241643 0.451425 30.000000 0.000000
3.261654 0.459990 30.000000 0.000000
3.281664 0.450276 30.000000 0.000000
3.301674 0.449129 30.000000 0.000000
3.321684 0.455856 30.000000 0.000000
3.341694 0.451430 30.000000 0.000000
3.361704 0.453172 30.000000 0.000000
3.381714 0.449742 30.000000 0.000000
3.401725 0.447414 30.000000 0.000000
3.421735 0.456679 30.000000 0.000000
3.441745 0.448464 30.000000 0.000000
3.461755 0.448777 30.000000 0.000000
3.481765 0.451566 30.000000 0.000000
3.501775 0.448845 30.000000 0.000000
3.521785 0.454417 30.000000 0.000000
3.541796 0.445965 30.000000 0.000000
3.561806 0.445968 30.000000 0.000000
3.581816 0.452976 30.000000 0.000000
3.601826 0.448075 30.000000 0.000000
3.621836 0.448616 30.000000 0.000000
3.641846 0.448007 30.000000 0.000000
3.661856 0.445849 30.000000 0.000000
3.681867 0.455233 30.000000 0.000000
3.701877 0.444987 30.000000 0.000000
3.721887 0.447262 30.000000 0.000000
3.741897 0.451580 30.000000 0.000000
3.761907 0.447539 30.000000 0.000000
3.781917 0.451469 30.000000 0.000000
3.801927 0.444980 30.000000 0.000000
3.821938 0.445984 30.000000 0.000000
3.841948 0.454185 30.000000 0.000000
3.861958 0.445493 30.000000 0.000000
3.881968 0.447802 30.000000 0.000000
3.901978 0.447863 30.000000 0.000000
3.921988 0.446510 30.000000 0.000000
3.941998 0.453859 30.000000 0.000000
3.962009 0.442229 30.000000 0.000000
3.982019 0.446970 30.000000 0.000000
4.002029 0.451002 30.000000 0.000000
4.022039 0.447156 30.000000 0.000000
4.042049 0.448512 30.000000 0.000000
4.062059 0.444296 30.000000 0.000000
4.082069 0.445945 30.000000 0.000000
4.102080 0.454074 30.000000 0.000000
4.122090 0.443962 30.000000 0.000000
4.142100 0.448489 29.998526 0.000000
4.162110 0.449497 29.995932 0.000000
4.182120 0.448941 29.996000 0.000000
4.202130 0.453959 29.998400 0.000000
4.222140 0.444906 29.999302 0.000000
4.242151 0.450038 29.989947 0.000000
4.262161 0.456487 30.000000 0.000000
4.282171 0.449035 30.000000 0.000000
4.302181 0.451810 30.000000 0.000000
4.322191 0.449268 30.000000 0.000000
4.342201 0.450737 30.000000 0.000000
4.362211 0.458926 30.000000 0.000000
4.382222 0.446576 30.000000 0.000000
4.402232 0.453681 30.000000 0.000000
4.422242 0.455389 30.000000 0.000000
4.442252 0.453762 30.000000 0.000000
4.462262 0.456210 30.000000 0.000000
4.482272 0.449682 30.000000 0.000000
4.502282 0.455246 30.000000 0.000000
4.522293 0.460725 30.000000 0.000000
4.542303 0.451865 30.000000 0.000000
4.562313 0.456684 30.000000 0.000000
4.582323 0.455516 30.000000 0.000000
4.602333 0.457817 30.000000 0.000000
4.622343 0.462835 30.000000 0.000000
4.642353 0.452240 30.000000 0.000000
4.662364 0.459302 30.000000 0.000000
4.682374 0.461466 30.000000 0.000000
4.702384 0.458248 30.000000 0.000000
4.722394 0.459705 30.000000 0.000000
4.742404 0.456258 30.000000 0.000000
4.762414 0.461291 30.000000 0.000000
4.782424 0.466879 30.000000 0.000000
4.802435 0.455936 30.000000 0.000000
4.822445 0.463136 30.000000 0.000000
4.842455 0.462160 30.000000 0.000000
4.862465 0.464796 30.000000 0.000000
4.882475 0.466941 30.000000 0.000000
4.902485 0.458207 30.000000 0.000000
4.922495 0.467146 30.000000 0.000000
4.942506 0.469208 30.000000 0.000000
4.962516 0.463431 30.000000 0.000000
4.982526 0.466526 30.000000 0.000000
5.002536 0.463195 30.000000 0.000000
5.022546 0.469257 30.000000 0.000000
5.042556 0.471341 30.000000 0.000000
5.062567 0.460342 30.000000 0.000000
5.082577 0.467732 30.000000 0.000000
5.102587 0.466252 30.000000 0.000000
5.122597 0.467856 30.000000 0.000000
5.142607 0.466695 30.000000 0.000000
5.162617 0.460287 30.000000 0.000000
5.182627 0.468500 30.000000 0.000000
5.202638 0.469968 30.000000 0.000000
5.222648 0.461923 30.000000 0.000000
5.242658 0.466955 30.000000 0.000000
5.262668 0.463359 30.000000 0.000000
5.282678 0.469332 30.000000 0.000000
5.302688 0.469380 30.000000 0.000000
5.322698 0.460477 30.000000 0.000000
5.342709 0.469247 30.000000 0.000000
5.362719 0.467960 30.000000 0.000000
5.382729 0.467558 30.000000 0.000000
5.402739 0.467629 30.000000 0.000000
5.422749 0.462273 30.000000 0.000000
5.442759 0.471610 30.000000 0.000000
5.462769 0.470643 30.000000 0.000000
5.482780 0.462329 30.000000 0.000000
5.502790 0.468775 30.000000 0.000000
5.522800 0.464031 30.000000 0.000000
5.542810 0.470618 30.000000 0.000000
5.562820 0.466535 30.000000 0.000000
5.582830 0.459837 30.000000 0.000000
5.602840 0.467983 30.000000 0.000000
5.622851 0.465690 30.000000 0.000000
5.642861 0.463861 30.000000 0.000000
5.662871 0.463176 30.000000 0.000000
5.682881 0.459228 30.000000 0.000000
5.702891 0.467923 30.000000 0.000000
5.722901 0.464804 30.000000 0.000000
5.742911 0.457267 30.000000 0.000000
5.762922 0.463993 30.000000 0.000000
5.782932 0.460946 30.000000 0.000000
5.802942 0.466452 30.000000 0.000000
5.822952 0.461282 30.000000 0.000000
5.842962 0.456404 30.000000 0.000000
5.862972 0.465197 30.000000 0.000000
5.882982 0.462861 30.000000 0.000000
5.902993 0.459587 30.000000 0.000000
5.923003 0.460946 30.000000 0.000000
5.943013 0.456153 30.000000 0.000000
5.963023 0.465815 30.000000 0.000000
5.983033 0.460327 30.000000 0.000000
6.003043 0.455171 30.000000 0.000000
6.023053 0.461158 30.000000 0.000000
6.043064 0.457061 30.000000 0.000000
6.063074 0.461097 30.000000 0.000000
6.083084 0.455600 30.000000 0.000000
6.103094 0.452922 30.000000 0.000000
6.123104 0.461192 30.000000 0.000000
6.143114 0.457041 30.000000 0.000000
6.163124 0.454391 30.000000 0.000000
6.183135 0.455380 30.000000 0.000000
6.203145 0.451989 30.000000 0.000000
6.223155 0.461148 30.000000 0.000000
6.243165 0.454410 30.000000 0.000000
6.263175 0.451349 30.000000 0.000000
