serial number: JANUSZ_3_RI80_21414850
torque: 8.0
start_temp: 30 (32)
finish_temp: 30 (32)
note: po crash'u w stopper
0.000000 nan
0.021014 0.089940
0.042028 0.069312
0.063042 0.093256
0.084056 0.077393
0.105070 0.087077
0.126084 0.087400
0.147098 0.064502
0.168112 0.090093
0.189126 0.069595
0.210140 0.085207
0.231154 0.083461
0.252168 0.064545
0.273182 0.089310
0.294196 0.064630
0.315210 0.078425
0.336224 0.074721
0.357238 0.062425
0.378252 0.088689
0.399266 0.061918
0.420280 0.078653
0.441294 0.077489
0.462308 0.069014
0.483322 0.091111
0.504336 0.065929
0.525350 0.085228
0.546364 0.069246
0.567378 0.066442
0.588392 0.089223
0.609406 0.057963
0.630420 0.083796
0.651434 0.070291
0.672448 0.063734
0.693462 0.086095
0.714476 0.059587
0.735490 0.084645
0.756504 0.070179
0.777518 0.067172
0.798532 0.083502
0.819546 0.054203
0.840560 0.082872
0.861574 0.067675
0.882588 0.065849
0.903602 0.081303
0.924616 0.056680
0.945630 0.086954
0.966644 0.066898
0.987658 0.067373
1.008672 0.081364
1.029686 0.055300
1.050700 0.084733
1.071714 0.061291
1.092728 0.067051
1.113742 0.075454
1.134756 0.055995
1.155770 0.085514
1.176784 0.060123
1.197798 0.069924
1.218812 0.071953
1.239826 0.055457
1.260840 0.085536
1.281854 0.061260
1.302868 0.073021
1.323882 0.067518
1.344896 0.057794
1.365910 0.084104
1.386924 0.053850
1.407938 0.071902
1.428952 0.001341
1.449966 0.067687
1.470980 0.104262
1.491994 0.068890
1.513008 0.075318
1.534022 0.062934
1.555036 0.057418
1.576050 0.079181
1.597064 0.050981
1.618078 0.074704
1.639092 0.061542
1.660106 0.057882
1.681120 0.075830
1.702134 0.050056
1.723148 0.076221
1.744162 0.057315
1.765176 0.057482
1.786190 0.073980
1.807204 0.049996
1.828218 0.079047
1.849232 0.057198
1.870246 0.061291
1.891260 0.072899
1.912274 0.050836
1.933288 0.079501
1.954302 0.054225
1.975316 0.065210
1.996330 0.074314
2.017344 0.052275
2.038358 0.079539
2.059372 0.056183
2.080386 0.071097
2.101400 0.073946
2.122414 0.055160
2.143428 0.084104
2.164442 0.057203
2.185456 0.072199
2.206470 0.072817
2.227484 0.057549
2.248498 0.084703
2.269512 0.062199
2.290526 0.076814
2.311540 0.071322
2.332554 0.054607
2.353568 0.081525
2.374582 0.058562
2.395596 0.078404
2.416610 0.075849
2.437624 0.065057
2.458638 0.084467
2.479652 0.061549
2.500666 0.081904
2.521680 0.075989
2.542694 0.066159
2.563708 0.085931
2.584722 0.062327
2.605736 0.084618
2.626750 0.074895
2.647764 0.065635
2.668778 0.083426
2.689792 0.063424
2.710806 0.085974
2.731820 0.074187
2.752834 0.068184
2.773848 0.083105
2.794862 0.060921
2.815876 0.082818
2.836890 0.067907
2.857904 0.067443
2.878918 0.078660
2.899932 0.058896
2.920946 0.086032
2.941960 0.072279
2.962974 0.073844
2.983988 0.080917
3.005002 0.065486
3.026016 0.091080
3.047030 0.074561
3.068044 0.078934
3.089058 0.087523
3.110072 0.069966
3.131086 0.090795
3.152100 0.075100
3.173114 0.080127
3.194128 0.085104
3.215142 0.070085
3.236156 0.090521
3.257170 0.071978
3.278184 0.081650
3.299198 0.086095
3.320212 0.076459
3.341226 0.093597
3.362240 0.079486
3.383254 0.088633
3.404268 0.087403
3.425282 0.078353
3.446296 0.092796
3.467310 0.077540
3.488324 0.090456
3.509338 0.088959
3.530352 0.081302
3.551366 0.094168
3.572380 0.076963
3.593394 0.091770
3.614408 0.083321
3.635422 0.081167
3.656436 0.093352
3.677450 0.077882
3.698464 0.093644
3.719478 0.085959
3.740492 0.085817
3.761506 0.092717
3.782520 0.076632
3.803534 0.094944
3.824548 0.085352
3.845562 0.085503
3.866576 0.092295
3.887590 0.078644
3.908604 0.092784
3.929618 0.083842
3.950632 0.087131
3.971646 0.091338
3.992660 0.079770
4.013674 0.092726
4.034688 0.084308
4.055702 0.089800
4.076716 0.092186
4.097730 0.082124
4.118744 0.094802
4.139758 0.083162
4.160772 0.092023
4.181786 0.091480
4.202800 0.083796
4.223814 0.095180
4.244828 0.083349
4.265842 0.092294
4.286856 0.089255
4.307870 0.083424
4.328884 0.093471
4.349898 0.079565
4.370912 0.091554
4.391926 0.086228
4.412940 0.085344
4.433954 0.091167
4.454968 0.081358
4.475982 0.093497
4.496996 0.088406
4.518010 0.089357
4.539023 0.094535
4.560037 0.088860
4.581051 0.097430
4.602065 0.089555
4.623079 0.089412
4.644093 0.093278
4.665107 0.085618
4.686121 0.096095
4.707135 0.086340
4.728149 0.089368
4.749163 0.091413
4.770177 0.085175
4.791191 0.095601
4.812205 0.085480
4.833219 0.090873
4.854233 0.089165
4.875247 0.086765
4.896261 0.096900
4.917275 0.086956
4.938289 0.093274
4.959303 0.088521
4.980317 0.085253
5.001331 0.094833
5.022345 0.083156
5.043359 0.090916
5.064373 0.087674
5.085387 0.087712
5.106401 0.096240
5.127415 0.085036
5.148429 0.094267
5.169443 0.088165
5.190457 0.089568
5.211471 0.096481
5.232485 0.084732
5.253499 0.097112
5.274513 0.089496
5.295527 0.090926
5.316541 0.094452
5.337555 0.079190
5.358569 0.092905
5.379583 0.080518
5.400597 0.085082
5.421611 0.089073
5.442625 0.076328
5.463639 0.093907
5.484653 0.080992
5.505667 0.088296
5.526681 0.089466
5.547695 0.080499
5.568709 0.095399
5.589723 0.082484
5.610737 0.090048
5.631751 0.089354
5.652765 0.081403
5.673779 0.095397
5.694793 0.078710
5.715807 0.091683
5.736821 0.087997
5.757835 0.080221
5.778849 0.094291
5.799863 0.077019
5.820877 0.090278
5.841891 0.085206
5.862905 0.083017
5.883919 0.093969
5.904933 0.075488
5.925947 0.092788
5.946961 0.085635
5.967975 0.086053
5.988989 0.095083
6.010003 0.079601
6.031017 0.096261
6.052031 0.084699
6.073045 0.087459
6.094059 0.092939
6.115073 0.072650
6.136087 0.093880
6.157101 0.075867
6.178115 0.083111
6.199129 0.092104
6.220143 0.071539
6.241157 0.092121
6.262171 0.076607
6.283185 0.085149
