serial number: JANUSZ_3_RI80_21414850
torque: 16
start_temp: 30 (31)
finish_temp: 30 (31)
note: po wymianie przekladni, nowy firmware
0.000000 0.295200 29.994247 0.000000
0.020010 0.292125 29.988858 0.000000
0.040020 0.296549 29.994286 0.000000
0.060030 0.292973 29.992593 0.000000
0.080041 0.290004 29.999626 0.000000
0.100051 0.297274 29.999538 0.000000
0.120061 0.296052 29.996610 0.000000
0.140071 0.296125 29.997917 0.000000
0.160081 0.296620 29.996623 0.000000
0.180091 0.292022 29.994490 0.000000
0.200101 0.295282 29.994731 0.000000
0.220112 0.293143 29.987500 0.000000
0.240122 0.292659 29.998535 0.000000
0.260132 0.292262 29.996613 0.000000
0.280142 0.294821 29.996643 0.000000
0.300152 0.296434 29.979429 0.000000
0.320162 0.294020 29.986111 0.000000
0.340172 0.293986 29.994124 0.000000
0.360183 0.298174 29.994375 0.000000
0.380193 0.293544 29.994133 0.000000
0.400203 0.293634 29.993971 0.000000
0.420213 0.292941 29.992742 0.000000
0.440223 0.288757 29.994612 0.000000
0.460233 0.295947 29.990199 0.000000
0.480243 0.292699 29.993608 0.000000
0.500254 0.291421 29.994257 0.000000
0.520264 0.293830 29.998431 0.000000
0.540274 0.289772 29.998462 0.000000
0.560284 0.295014 29.993924 0.000000
0.580294 0.291823 29.996471 0.000000
0.600304 0.290255 29.993678 0.000000
0.620314 0.288693 29.994847 0.000000
0.640325 0.290641 29.995679 0.000000
0.660335 0.290160 29.998261 0.000000
0.680345 0.289571 29.993056 0.000000
0.700355 0.290008 29.998103 0.000000
0.720365 0.295318 29.995817 0.000000
0.740375 0.290742 29.992000 0.000000
0.760385 0.288555 29.996148 0.000000
0.780396 0.292522 29.998341 0.000000
0.800406 0.290525 29.993535 0.000000
0.820416 0.295584 29.994783 0.000000
0.840426 0.294280 29.993333 0.000000
0.860436 0.292365 29.989714 0.000000
0.880446 0.297379 29.972039 0.000000
0.900456 0.293304 29.999231 0.000000
0.920467 0.294817 30.000000 0.000000
0.940477 0.293028 29.994510 0.000000
0.960487 0.291516 29.998269 0.000000
0.980497 0.294929 29.991701 0.000000
1.000507 0.288623 29.994961 0.000000
1.020517 0.294396 29.998270 0.000000
1.040528 0.294502 30.000000 0.000000
1.060538 0.291371 30.000000 0.000000
1.080548 0.297157 29.999572 0.000000
1.100558 0.293018 29.994864 0.000000
1.120568 0.292848 29.997256 0.000000
1.140578 0.295346 29.999685 0.000000
1.160588 0.291715 29.995657 0.000000
1.180599 0.295213 29.996489 0.000000
1.200609 0.294198 29.999137 0.000000
1.220619 0.292293 29.995576 0.000000
1.240629 0.295703 29.993273 0.000000
1.260639 0.292661 29.998228 0.000000
1.280649 0.290317 29.993829 0.000000
1.300659 0.294462 29.990863 0.000000
1.320670 0.290986 29.995044 0.000000
1.340680 0.294980 29.994167 0.000000
1.360690 0.290982 29.992973 0.000000
1.380700 0.291248 29.997826 0.000000
1.400710 0.295318 29.996019 0.000000
1.420720 0.289124 29.998491 0.000000
1.440730 0.294663 29.998039 0.000000
1.460741 0.292038 29.997067 0.000000
1.480751 0.290179 29.996429 0.000000
1.500761 0.291961 29.995152 0.000000
1.520771 0.287173 29.993367 0.000000
1.540781 0.292774 29.996456 0.000000
1.560791 0.290895 29.992889 0.000000
1.580801 0.291896 29.993950 0.000000
1.600812 0.294958 29.993860 0.000000
1.620822 0.291380 29.990000 0.000000
1.640832 0.292804 29.999742 0.000000
1.660842 0.296074 29.994771 0.000000
1.680852 0.294565 29.997395 0.000000
1.700862 0.296407 29.991381 0.000000
1.720872 0.294925 29.989045 0.000000
1.740883 0.295914 29.987322 0.000000
1.760893 0.295965 29.991692 0.000000
1.780903 0.292725 29.996842 0.000000
1.800913 0.294037 29.996216 0.000000
1.820923 0.294144 29.999011 0.000000
1.840933 0.291677 29.997027 0.000000
1.860943 0.295151 29.994286 0.000000
1.880954 0.294457 29.989637 0.000000
1.900964 0.293201 29.983246 0.000000
1.920974 0.295648 29.998228 0.000000
1.940984 0.292992 29.997718 0.000000
1.960994 0.296070 29.995721 0.000000
1.981004 0.293555 29.999590 0.000000
2.001014 0.293363 29.998407 0.000000
2.021025 0.295041 29.995229 0.000000
2.041035 0.287827 29.999714 0.000000
2.061045 0.293942 29.999688 0.000000
2.081055 0.295518 29.999192 0.000000
2.101065 0.294777 30.000000 0.000000
2.121075 0.297848 29.999344 0.000000
2.141085 0.292889 29.999753 0.000000
2.161096 0.294546 29.999111 0.000000
2.181106 0.297644 30.000000 0.000000
2.201116 0.290958 29.997647 0.000000
2.221126 0.296313 29.999745 0.000000
2.241136 0.295223 29.998476 0.000000
2.261146 0.291784 29.998170 0.000000
2.281156 0.294457 29.986420 0.000000
2.301167 0.290736 29.997250 0.000000
2.321177 0.297060 29.998994 0.000000
2.341187 0.291793 29.994493 0.000000
2.361197 0.292714 29.998577 0.000000
2.381207 0.296564 29.999800 0.000000
2.401217 0.292562 29.992195 0.000000
2.421227 0.295005 29.994118 0.000000
2.441238 0.296352 29.997000 0.000000
2.461248 0.291545 29.995882 0.000000
2.481258 0.297447 29.994262 0.000000
2.501268 0.296343 29.998454 0.000000
2.521278 0.298019 29.998302 0.000000
2.541288 0.297258 29.998994 0.000000
2.561298 0.293011 29.993956 0.000000
2.581309 0.298991 29.986870 0.000000
2.601319 0.296990 29.996978 0.000000
2.621329 0.290623 29.996098 0.000000
2.641339 0.297879 29.996296 0.000000
2.661349 0.297871 29.993636 0.000000
2.681359 0.297125 29.996793 0.000000
2.701369 0.296270 29.999851 0.000000
2.721380 0.292590 29.991515 0.000000
2.741390 0.296407 29.998868 0.000000
2.761400 0.293348 29.999000 0.000000
2.781410 0.291337 29.997380 0.000000
2.801420 0.296154 29.994545 0.000000
2.821430 0.295450 29.998631 0.000000
2.841440 0.293467 29.987965 0.000000
2.861451 0.288679 29.988513 0.000000
2.881461 0.285781 29.995581 0.000000
2.901471 0.293617 29.994560 0.000000
2.921481 0.292078 29.996028 0.000000
2.941491 0.296521 29.996800 0.000000
2.961501 0.296127 29.994167 0.000000
2.981511 0.293115 29.996779 0.000000
3.001522 0.300798 30.000000 0.000000
3.021532 0.295128 29.999348 0.000000
3.041542 0.296246 29.999594 0.000000
3.061552 0.296994 29.994939 0.000000
3.081562 0.296701 30.000000 0.000000
3.101572 0.299290 29.998769 0.000000
3.121583 0.295369 29.992438 0.000000
3.141593 0.289997 29.998873 0.000000
3.161603 0.296719 29.993204 0.000000
3.181613 0.293185 29.998481 0.000000
3.201623 0.293922 29.999048 0.000000
3.221633 0.297339 30.000000 0.000000
3.241643 0.293405 29.999137 0.000000
3.261654 0.297542 29.999406 0.000000
3.281664 0.295540 29.997455 0.000000
3.301674 0.291738 29.999740 0.000000
3.321684 0.296436 29.998763 0.000000
3.341694 0.295136 29.988508 0.000000
3.361704 0.298069 29.991226 0.000000
3.381714 0.295716 29.999583 0.000000
3.401725 0.294260 30.000000 0.000000
3.421735 0.301591 30.000000 0.000000
3.441745 0.295488 30.000000 0.000000
3.461755 0.292639 30.000000 0.000000
3.481765 0.294676 30.000000 0.000000
3.501775 0.295786 29.996686 0.000000
3.521785 0.302016 29.995833 0.000000
3.541796 0.297268 29.998870 0.000000
3.561806 0.295902 29.996667 0.000000
3.581816 0.301804 30.000000 0.000000
3.601826 0.293196 29.998703 0.000000
3.621836 0.298299 29.997311 0.000000
3.641846 0.295014 29.996364 0.000000
3.661856 0.291342 29.998282 0.000000
3.681867 0.297267 29.997203 0.000000
3.701877 0.290989 29.997265 0.000000
3.721887 0.293404 29.996739 0.000000
3.741897 0.295023 29.998087 0.000000
3.761907 0.293166 29.998710 0.000000
3.781917 0.295959 30.000000 0.000000
3.801927 0.292880 29.999241 0.000000
3.821938 0.291880 29.999337 0.000000
3.841948 0.298512 30.000000 0.000000
3.861958 0.296506 30.000000 0.000000
3.881968 0.298388 30.000000 0.000000
3.901978 0.299215 30.000000 0.000000
3.921988 0.296819 30.000000 0.000000
3.941998 0.302805 30.000000 0.000000
3.962009 0.293767 29.999535 0.000000
3.982019 0.294841 29.996730 0.000000
4.002029 0.296928 29.991538 0.000000
4.022039 0.293762 29.996379 0.000000
4.042049 0.297265 29.998074 0.000000
4.062059 0.293715 29.998794 0.000000
4.082069 0.295043 29.993633 0.000000
4.102080 0.297112 29.996962 0.000000
4.122090 0.294716 30.000000 0.000000
4.142100 0.299360 29.997584 0.000000
4.162110 0.301059 30.000000 0.000000
4.182120 0.296467 30.000000 0.000000
4.202130 0.301737 30.000000 0.000000
4.222140 0.295396 29.995955 0.000000
4.242151 0.292585 29.999048 0.000000
4.262161 0.290660 29.999452 0.000000
4.282171 0.290296 29.999853 0.000000
4.302181 0.296519 29.998667 0.000000
4.322191 0.291738 29.994513 0.000000
4.342201 0.288742 29.991951 0.000000
4.362211 0.292683 29.999030 0.000000
4.382222 0.291721 30.000000 0.000000
4.402232 0.294770 30.000000 0.000000
4.422242 0.298096 29.998788 0.000000
4.442252 0.296603 29.998571 0.000000
4.462262 0.296594 29.996978 0.000000
4.482272 0.296750 29.999074 0.000000
4.502282 0.293615 29.996909 0.000000
4.522293 0.299829 30.000000 0.000000
4.542303 0.293708 29.999178 0.000000
4.562313 0.297039 29.997813 0.000000
4.582323 0.295924 29.998566 0.000000
4.602333 0.291099 29.999481 0.000000
4.622343 0.300215 30.000000 0.000000
4.642353 0.295801 30.000000 0.000000
4.662364 0.297983 29.998652 0.000000
4.682374 0.296303 29.998841 0.000000
4.702384 0.294456 29.998876 0.000000
4.722394 0.298377 29.999636 0.000000
4.742404 0.294585 29.996235 0.000000
4.762414 0.294378 29.996440 0.000000
4.782424 0.295419 29.997465 0.000000
4.802435 0.292086 29.997705 0.000000
4.822445 0.294997 29.999497 0.000000
4.842455 0.295810 29.997756 0.000000
4.862465 0.294285 29.999615 0.000000
4.882475 0.296063 29.998009 0.000000
4.902485 0.290570 29.998523 0.000000
4.922495 0.293541 29.998692 0.000000
4.942506 0.296673 30.000000 0.000000
4.962516 0.291653 29.996936 0.000000
4.982526 0.294621 29.996850 0.000000
5.002536 0.293048 29.996800 0.000000
5.022546 0.295982 29.999685 0.000000
5.042556 0.298863 30.000000 0.000000
5.062567 0.290893 30.000000 0.000000
5.082577 0.299743 29.999551 0.000000
5.102587 0.297414 29.998416 0.000000
5.122597 0.295417 29.998174 0.000000
5.142607 0.298183 29.999487 0.000000
5.162617 0.294733 29.998996 0.000000
5.182627 0.298004 29.997686 0.000000
5.202638 0.297511 30.000000 0.000000
5.222648 0.294909 30.000000 0.000000
5.242658 0.293503 30.000000 0.000000
5.262668 0.294519 29.999509 0.000000
5.282678 0.295459 29.997333 0.000000
5.302688 0.295180 29.996413 0.000000
5.322698 0.292662 29.997403 0.000000
5.342709 0.296526 29.999032 0.000000
5.362719 0.295572 29.998912 0.000000
5.382729 0.293885 29.998146 0.000000
5.402739 0.294855 29.999797 0.000000
5.422749 0.291852 29.999780 0.000000
5.442759 0.295547 29.998182 0.000000
5.462769 0.295750 29.999459 0.000000
5.482780 0.292611 29.999819 0.000000
5.502790 0.298574 29.999661 0.000000
5.522800 0.295379 29.999407 0.000000
5.542810 0.296699 29.989618 0.000000
5.562820 0.296722 30.000000 0.000000
5.582830 0.293308 29.998400 0.000000
5.602840 0.299536 29.998904 0.000000
5.622851 0.295317 29.998113 0.000000
5.642861 0.293779 30.000000 0.000000
5.662871 0.295123 30.000000 0.000000
5.682881 0.291503 29.999310 0.000000
5.702891 0.299466 30.000000 0.000000
5.722901 0.295745 30.000000 0.000000
5.742911 0.292971 30.000000 0.000000
5.762922 0.293631 29.999370 0.000000
5.782932 0.289701 29.998512 0.000000
5.802942 0.295790 29.997320 0.000000
5.822952 0.295297 29.999196 0.000000
5.842962 0.295488 29.998647 0.000000
5.862972 0.297435 29.999301 0.000000
5.882982 0.264492 29.994586 0.000000
5.902993 0.289747 29.994050 0.000000
5.923003 0.289623 29.998110 0.000000
5.943013 0.289814 29.994152 0.000000
5.963023 0.297170 29.999817 0.000000
5.983033 0.294096 29.995062 0.000000
6.003043 0.293752 29.991610 0.000000
6.023053 0.296041 29.992316 0.000000
6.043064 0.288707 29.993007 0.000000
6.063074 0.295258 29.989070 0.000000
6.083084 0.293067 29.992340 0.000000
6.103094 0.293075 29.998302 0.000000
6.123104 0.295157 29.992648 0.000000
6.143114 0.292622 29.991501 0.000000
6.163124 0.294890 29.993563 0.000000
6.183135 0.294387 29.992811 0.000000
6.203145 0.291179 29.985078 0.000000
6.223155 0.299565 29.991776 0.000000
6.243165 0.294271 30.000000 0.000000
6.263175 0.294135 29.991181 0.000000
