serial number: JANUSZ_3_RI80_21414850
torque: 16
start_temp: 25 (26)
finish_temp: 25 (27)
note: telepie sie na wysokim speedzie, rezonacja?, przepuszczono
0.000000 0.363297 25.000000 0.000000
0.020010 0.356785 25.000000 0.000000
0.040020 0.362599 25.000000 0.000000
0.060030 0.360477 25.000000 0.000000
0.080041 0.358602 25.000000 0.000000
0.100051 0.364774 25.000000 0.000000
0.120061 0.357791 25.000000 0.000000
0.140071 0.360732 25.000000 0.000000
0.160081 0.361885 25.000000 0.000000
0.180091 0.357527 25.000000 0.000000
0.200101 0.364237 25.000000 0.000000
0.220112 0.358009 25.000000 0.000000
0.240122 0.359522 25.000000 0.000000
0.260132 0.363445 25.000000 0.000000
0.280142 0.356763 25.000000 0.000000
0.300152 0.363242 25.000000 0.000000
0.320162 0.360415 25.000000 0.000000
0.340172 0.359771 25.000000 0.000000
0.360183 0.365609 25.000000 0.000000
0.380193 0.358101 25.000000 0.000000
0.400203 0.362090 25.000000 0.000000
0.420213 0.362246 25.000000 0.000000
0.440223 0.357950 25.000000 0.000000
0.460233 0.365130 25.000000 0.000000
0.480243 0.359023 25.000000 0.000000
0.500254 0.361800 25.000000 0.000000
0.520264 0.364829 25.000000 0.000000
0.540274 0.357357 25.000000 0.000000
0.560284 0.364109 25.000000 0.000000
0.580294 0.361823 25.000000 0.000000
0.600304 0.361122 25.000000 0.000000
0.620314 0.366370 25.000000 0.000000
0.640325 0.358898 25.000000 0.000000
0.660335 0.364019 25.000000 0.000000
0.680345 0.363018 25.000000 0.000000
0.700355 0.357787 25.000000 0.000000
0.720365 0.364642 25.000000 0.000000
0.740375 0.359152 25.000000 0.000000
0.760385 0.361886 25.000000 0.000000
0.780396 0.363842 25.000000 0.000000
0.800406 0.356708 25.000000 0.000000
0.820416 0.364330 25.000000 0.000000
0.840426 0.361607 25.000000 0.000000
0.860436 0.361121 25.000000 0.000000
0.880446 0.366069 25.000000 0.000000
0.900456 0.358588 25.000000 0.000000
0.920467 0.364923 25.000000 0.000000
0.940477 0.363140 25.000000 0.000000
0.960487 0.358389 25.000000 0.000000
0.980497 0.364916 25.000000 0.000000
1.000507 0.358738 25.000000 0.000000
1.020517 0.363077 25.000000 0.000000
1.040528 0.364009 25.000000 0.000000
1.060538 0.357172 25.000000 0.000000
1.080548 0.364844 25.000000 0.000000
1.100558 0.361759 25.000000 0.000000
1.120568 0.361052 25.000000 0.000000
1.140578 0.364861 25.000000 0.000000
1.160588 0.358186 25.000000 0.000000
1.180599 0.364755 25.000000 0.000000
1.200609 0.362948 25.000000 0.000000
1.220619 0.359162 25.000000 0.000000
1.240629 0.365264 25.000000 0.000000
1.260639 0.360447 25.000000 0.000000
1.280649 0.364232 25.000000 0.000000
1.300659 0.363918 25.000000 0.000000
1.320670 0.356866 25.000000 0.000000
1.340680 0.363757 25.000000 0.000000
1.360690 0.360325 25.000000 0.000000
1.380700 0.359939 25.000000 0.000000
1.400710 0.362636 25.000000 0.000000
1.420720 0.356576 25.000000 0.000000
1.440730 0.363758 25.000000 0.000000
1.460741 0.361048 25.000000 0.000000
1.480751 0.357175 25.000000 0.000000
1.500761 0.362891 25.000000 0.000000
1.520771 0.357947 25.000000 0.000000
1.540781 0.362218 25.000000 0.000000
1.560791 0.361086 25.000000 0.000000
1.580801 0.355434 25.000000 0.000000
1.600812 0.361998 25.000000 0.000000
1.620822 0.357834 25.000000 0.000000
1.640832 0.358222 25.000000 0.000000
1.660842 0.360174 25.000000 0.000000
1.680852 0.354881 25.000000 0.000000
1.700862 0.362647 25.000000 0.000000
1.720872 0.359192 25.000000 0.000000
1.740883 0.355892 25.000000 0.000000
1.760893 0.361590 25.000000 0.000000
1.780903 0.355855 25.000000 0.000000
1.800913 0.360356 25.000000 0.000000
1.820923 0.358596 25.000000 0.000000
1.840933 0.354324 25.000000 0.000000
1.860943 0.361554 25.000000 0.000000
1.880954 0.356035 25.000000 0.000000
1.900964 0.357214 25.000000 0.000000
1.920974 0.358885 25.000000 0.000000
1.940984 0.354722 25.000000 0.000000
1.960994 0.362601 25.000000 0.000000
1.981004 0.358003 25.000000 0.000000
2.001014 0.355156 25.000000 0.000000
2.021025 0.360984 25.000000 0.000000
2.041035 0.356156 25.000000 0.000000
2.061045 0.361532 25.000000 0.000000
2.081055 0.357905 25.000000 0.000000
2.101065 0.354001 25.000000 0.000000
2.121075 0.361574 25.000000 0.000000
2.141085 0.356215 25.000000 0.000000
2.161096 0.358005 25.000000 0.000000
2.181106 0.359084 25.000000 0.000000
2.201116 0.354403 25.000000 0.000000
2.221126 0.361550 25.000000 0.000000
2.241136 0.356177 25.000000 0.000000
2.261146 0.354718 25.000000 0.000000
2.281156 0.359933 25.000000 0.000000
2.301167 0.354893 25.000000 0.000000
2.321177 0.361015 25.000000 0.000000
2.341187 0.356983 25.000000 0.000000
2.361197 0.354239 25.000000 0.000000
2.381207 0.361692 25.000000 0.000000
2.401217 0.355052 25.000000 0.000000
2.421227 0.357718 25.000000 0.000000
2.441238 0.358913 25.000000 0.000000
2.461248 0.354111 25.000000 0.000000
2.481258 0.362631 25.000000 0.000000
2.501268 0.356050 25.000000 0.000000
2.521278 0.355625 25.000000 0.000000
2.541288 0.360950 25.000000 0.000000
2.561298 0.354660 25.000000 0.000000
2.581309 0.361949 25.000000 0.000000
2.601319 0.357790 25.000000 0.000000
2.621329 0.355836 25.000000 0.000000
2.641339 0.363360 25.000000 0.000000
2.661349 0.356538 25.000000 0.000000
2.681359 0.359890 25.000000 0.000000
2.701369 0.360779 25.000000 0.000000
2.721380 0.356281 25.000000 0.000000
2.741390 0.364645 25.000000 0.000000
2.761400 0.357370 25.000000 0.000000
2.781410 0.357307 25.000000 0.000000
2.801420 0.363090 25.000000 0.000000
2.821430 0.356394 25.000000 0.000000
2.841440 0.363331 25.000000 0.000000
2.861451 0.358517 25.000000 0.000000
2.881461 0.356474 25.000000 0.000000
2.901471 0.363581 25.000000 0.000000
2.921481 0.355228 25.000000 0.000000
2.941491 0.359646 25.000000 0.000000
2.961501 0.361320 25.000000 0.000000
2.981511 0.357043 25.000000 0.000000
3.001522 0.365351 25.000000 0.000000
3.021532 0.357749 25.000000 0.000000
3.041542 0.358931 25.000000 0.000000
3.061552 0.364602 25.000000 0.000000
3.081562 0.357079 25.000000 0.000000
3.101572 0.364550 25.000000 0.000000
3.121583 0.304317 25.000000 0.000000
3.141593 0.343022 25.000000 0.000000
3.161603 0.357467 25.000000 0.000000
3.181613 0.351441 25.000000 0.000000
3.201623 0.357793 25.000000 0.000000
3.221633 0.359487 25.000000 0.000000
3.241643 0.355491 25.000000 0.000000
3.261654 0.364095 25.000000 0.000000
3.281664 0.356893 25.000000 0.000000
3.301674 0.358351 25.000000 0.000000
3.321684 0.363366 25.000000 0.000000
3.341694 0.355980 25.000000 0.000000
3.361704 0.363980 25.000000 0.000000
3.381714 0.359894 25.000000 0.000000
3.401725 0.357931 25.000000 0.000000
3.421735 0.364690 25.000000 0.000000
3.441745 0.355802 25.000000 0.000000
3.461755 0.361361 25.000000 0.000000
3.481765 0.362741 25.000000 0.000000
3.501775 0.357822 25.000000 0.000000
3.521785 0.365059 25.000000 0.000000
3.541796 0.357330 25.000000 0.000000
3.561806 0.359860 25.000000 0.000000
3.581816 0.364568 25.000000 0.000000
3.601826 0.356908 25.000000 0.000000
3.621836 0.365172 25.000000 0.000000
3.641846 0.362010 25.000000 0.000000
3.661856 0.360517 25.000000 0.000000
3.681867 0.366398 25.000000 0.000000
3.701877 0.358141 25.000000 0.000000
3.721887 0.363826 25.000000 0.000000
3.741897 0.364427 25.000000 0.000000
3.761907 0.359007 25.000000 0.000000
3.781917 0.366054 25.000000 0.000000
3.801927 0.359655 25.000000 0.000000
3.821938 0.361596 25.000000 0.000000
3.841948 0.365602 25.000000 0.000000
3.861958 0.357927 25.000000 0.000000
3.881968 0.365863 25.000000 0.000000
3.901978 0.362631 25.000000 0.000000
3.921988 0.360436 25.000000 0.000000
3.941998 0.365984 25.000000 0.000000
3.962009 0.357214 25.000000 0.000000
3.982019 0.363278 25.000000 0.000000
4.002029 0.363523 25.000000 0.000000
4.022039 0.358226 25.000000 0.000000
4.042049 0.366151 25.000000 0.000000
4.062059 0.359410 25.000000 0.000000
4.082069 0.361297 25.000000 0.000000
4.102080 0.364575 25.000000 0.000000
4.122090 0.356601 25.000000 0.000000
4.142100 0.365397 25.000000 0.000000
4.162110 0.362201 25.000000 0.000000
4.182120 0.360890 25.000000 0.000000
4.202130 0.366144 25.000000 0.000000
4.222140 0.358615 25.000000 0.000000
4.242151 0.365407 25.000000 0.000000
4.262161 0.364454 25.000000 0.000000
4.282171 0.359030 25.000000 0.000000
4.302181 0.366682 25.000000 0.000000
4.322191 0.360548 25.000000 0.000000
4.342201 0.362393 25.000000 0.000000
4.362211 0.365581 25.000000 0.000000
4.382222 0.358159 25.000000 0.000000
4.402232 0.367728 25.000000 0.000000
4.422242 0.364104 25.000000 0.000000
4.442252 0.361477 25.000000 0.000000
4.462262 0.367396 25.000000 0.000000
4.482272 0.360295 25.000000 0.000000
4.502282 0.366681 25.000000 0.000000
4.522293 0.365320 25.000000 0.000000
4.542303 0.359105 25.000000 0.000000
4.562313 0.367083 25.000000 0.000000
4.582323 0.361185 25.000000 0.000000
4.602333 0.363180 25.000000 0.000000
4.622343 0.366240 25.000000 0.000000
4.642353 0.359155 25.000000 0.000000
4.662364 0.368522 25.000000 0.000000
4.682374 0.363960 25.000000 0.000000
4.702384 0.361583 25.000000 0.000000
4.722394 0.367292 25.000000 0.000000
4.742404 0.360673 25.000000 0.000000
4.762414 0.366671 25.000000 0.000000
4.782424 0.365188 25.000000 0.000000
4.802435 0.359737 25.000000 0.000000
4.822445 0.368832 25.000000 0.000000
4.842455 0.362938 25.000000 0.000000
4.862465 0.364400 25.000000 0.000000
4.882475 0.366806 25.000000 0.000000
4.902485 0.359776 25.000000 0.000000
4.922495 0.369474 25.000000 0.000000
4.942506 0.364823 25.000000 0.000000
4.962516 0.362100 25.000000 0.000000
4.982526 0.368497 25.000000 0.000000
5.002536 0.361786 25.000000 0.000000
5.022546 0.368450 25.000000 0.000000
5.042556 0.366735 25.000000 0.000000
5.062567 0.361725 25.000000 0.000000
5.082577 0.371363 25.000000 0.000000
5.102587 0.364733 25.000000 0.000000
5.122597 0.366342 25.000000 0.000000
5.142607 0.368446 25.000000 0.000000
5.162617 0.361923 25.000000 0.000000
5.182627 0.371259 25.000000 0.000000
5.202638 0.366513 25.000000 0.000000
5.222648 0.364136 25.000000 0.000000
5.242658 0.369791 25.000000 0.000000
5.262668 0.363541 25.000000 0.000000
5.282678 0.368326 25.000000 0.000000
5.302688 0.366279 25.000000 0.000000
5.322698 0.361551 25.000000 0.000000
5.342709 0.370663 25.000000 0.000000
5.362719 0.364437 25.000000 0.000000
5.382729 0.364561 25.000000 0.000000
5.402739 0.366673 25.000000 0.000000
5.422749 0.360649 25.000000 0.000000
5.442759 0.369194 25.000000 0.000000
5.462769 0.364317 25.000000 0.000000
5.482780 0.362201 25.000000 0.000000
5.502790 0.369169 25.000000 0.000000
5.522800 0.362366 25.000000 0.000000
5.542810 0.366874 25.000000 0.000000
5.562820 0.365317 25.000000 0.000000
5.582830 0.361142 25.000000 0.000000
5.602840 0.369990 25.000000 0.000000
5.622851 0.363341 25.000000 0.000000
5.642861 0.363860 25.000000 0.000000
5.662871 0.365219 25.000000 0.000000
5.682881 0.359762 25.000000 0.000000
5.702891 0.368102 25.000000 0.000000
5.722901 0.362680 25.000000 0.000000
5.742911 0.361427 25.000000 0.000000
5.762922 0.366620 25.000000 0.000000
5.782932 0.360190 25.000000 0.000000
5.802942 0.364323 25.000000 0.000000
5.822952 0.362148 25.000000 0.000000
5.842962 0.359687 25.000000 0.000000
5.862972 0.367634 25.000000 0.000000
5.882982 0.361262 25.000000 0.000000
5.902993 0.362100 25.000000 0.000000
5.923003 0.363742 25.000000 0.000000
5.943013 0.358507 25.000000 0.000000
5.963023 0.365407 25.000000 0.000000
5.983033 0.360760 25.000000 0.000000
6.003043 0.360147 25.000000 0.000000
6.023053 0.365579 25.000000 0.000000
6.043064 0.358951 25.000000 0.000000
6.063074 0.363336 25.000000 0.000000
6.083084 0.360286 25.000000 0.000000
6.103094 0.358186 25.000000 0.000000
6.123104 0.365707 25.000000 0.000000
6.143114 0.358667 25.000000 0.000000
6.163124 0.360396 25.000000 0.000000
6.183135 0.360659 25.000000 0.000000
6.203145 0.356119 25.000000 0.000000
6.223155 0.363016 25.000000 0.000000
6.243165 0.357852 25.000000 0.000000
6.263175 0.359020 25.000000 0.000000
