serial number: JANUSZ_3_RI80_21414850
torque: 16.0
start_temp: 30 (31)
finish_temp: 30 (32)
note: po crash'u w stopper
0.000000 nan
0.021014 0.550045
0.042028 0.533331
0.063042 0.546251
0.084056 0.540081
0.105070 0.536117
0.126084 0.547127
0.147098 0.529031
0.168112 0.543144
0.189126 0.534170
0.210140 0.533758
0.231154 0.541390
0.252168 0.526364
0.273182 0.540995
0.294196 0.528011
0.315210 0.529122
0.336224 0.537156
0.357238 0.521023
0.378252 0.537141
0.399266 0.524309
0.420280 0.526968
0.441294 0.532552
0.462308 0.519138
0.483322 0.534525
0.504336 0.520799
0.525350 0.527116
0.546364 0.530132
0.567378 0.517553
0.588392 0.532826
0.609406 0.518807
0.630420 0.525341
0.651434 0.526241
0.672448 0.515542
0.693462 0.531284
0.714476 0.515968
0.735490 0.524541
0.756504 0.522425
0.777518 0.513158
0.798532 0.527998
0.819546 0.511761
0.840560 0.522037
0.861574 0.519311
0.882588 0.512538
0.903602 0.524888
0.924616 0.509027
0.945630 0.520711
0.966644 0.515479
0.987658 0.511886
1.008672 0.523699
1.029686 0.509052
1.050700 0.524223
1.071714 0.515815
1.092728 0.513576
1.113742 0.524312
1.134756 0.508455
1.155770 0.523040
1.176784 0.514797
1.197798 0.514918
1.218812 0.523564
1.239826 0.509193
1.260840 0.523056
1.281854 0.512689
1.302868 0.511866
1.323882 0.520641
1.344896 0.505411
1.365910 0.520532
1.386924 0.507990
1.407938 0.512588
1.428952 0.516800
1.449966 0.504560
1.470980 0.520736
1.491994 0.507877
1.513008 0.514766
1.534022 0.517099
1.555036 0.507195
1.576050 0.521768
1.597064 0.507878
1.618078 0.517887
1.639092 0.517837
1.660106 0.510129
1.681120 0.523200
1.702134 0.509869
1.723148 0.519401
1.744162 0.516537
1.765176 0.510311
1.786190 0.523383
1.807204 0.509195
1.828218 0.520119
1.849232 0.515153
1.870246 0.511043
1.891260 0.522111
1.912274 0.507575
1.933288 0.520173
1.954302 0.513622
1.975316 0.512943
1.996330 0.521814
2.017344 0.508552
2.038358 0.523610
2.059372 0.514503
2.080386 0.516802
2.101400 0.525568
2.122414 0.511872
2.143428 0.527128
2.164442 0.516526
2.185456 0.520661
2.206470 0.526463
2.227484 0.513608
2.248498 0.529423
2.269512 0.519102
2.290526 0.522839
2.311540 0.526603
2.332554 0.515128
2.353568 0.529582
2.374582 0.516579
2.395596 0.523482
2.416610 0.524937
2.437624 0.516271
2.458638 0.531391
2.479652 0.518177
2.500666 0.527730
2.521680 0.527757
2.542694 0.520467
2.563708 0.535892
2.584722 0.522012
2.605736 0.533552
2.626750 0.531227
2.647764 0.526170
2.668778 0.540251
2.689792 0.525438
2.710806 0.537687
2.731820 0.533890
2.752834 0.530594
2.773848 0.541830
2.794862 0.526586
2.815876 0.541141
2.836890 0.534165
2.857904 0.532584
2.878918 0.543583
2.899932 0.528277
2.920946 0.543127
2.941960 0.534808
2.962974 0.536019
2.983988 0.545140
3.005002 0.532039
3.026016 0.548052
3.047030 0.538999
3.068044 0.542305
3.089058 0.550434
3.110072 0.538502
3.131086 0.554416
3.152100 0.544417
3.173114 0.550050
3.194128 0.554963
3.215142 0.545274
3.236156 0.559890
3.257170 0.548474
3.278184 0.554757
3.299198 0.557564
3.320212 0.548553
3.341226 0.562859
3.362240 0.550291
3.383254 0.557751
3.404268 0.557948
3.425282 0.551347
3.446296 0.564893
3.467310 0.552248
3.488324 0.561434
3.509338 0.560754
3.530352 0.555522
3.551366 0.567665
3.572380 0.553856
3.593394 0.565504
3.614408 0.559877
3.635422 0.558068
3.656436 0.569520
3.677450 0.555675
3.698464 0.567967
3.719478 0.561501
3.740492 0.560353
3.761506 0.568910
3.782520 0.556577
3.803534 0.569044
3.824548 0.561062
3.845562 0.562015
3.866576 0.568877
3.887590 0.556751
3.908604 0.568708
3.929618 0.560145
3.950632 0.561774
3.971646 0.567469
3.992660 0.553619
4.013674 0.566550
4.034688 0.555866
4.055702 0.560461
4.076716 0.562646
4.097730 0.552905
4.118744 0.565361
4.139758 0.553965
4.160772 0.559256
4.181786 0.560741
4.202800 0.552696
4.223814 0.565527
4.244828 0.553362
4.265842 0.561637
4.286856 0.560821
4.307870 0.553790
4.328884 0.566466
4.349898 0.553466
4.370912 0.562591
4.391926 0.558398
4.412940 0.554615
4.433954 0.565151
4.454968 0.552290
4.475982 0.563089
4.496996 0.557776
4.518010 0.553893
4.539023 0.563821
4.560037 0.549654
4.581051 0.561913
4.602065 0.554050
4.623079 0.553885
4.644093 0.561919
4.665107 0.550188
4.686121 0.562632
4.707135 0.553666
4.728149 0.555415
4.749163 0.561908
4.770177 0.549357
4.791191 0.563089
4.812205 0.552878
4.833219 0.555156
4.854233 0.559673
4.875247 0.548785
4.896261 0.563764
4.917275 0.551166
4.938289 0.552151
4.959303 0.555523
4.980317 0.545822
5.001331 0.559802
5.022345 0.546814
5.043359 0.552310
5.064373 0.553504
5.085387 0.545297
5.106401 0.558135
5.127415 0.544648
5.148429 0.553691
5.169443 0.552837
5.190457 0.545155
5.211471 0.557191
5.232485 0.543375
5.253499 0.554165
5.274513 0.551329
5.295527 0.546196
5.316541 0.557986
5.337555 0.543269
5.358569 0.555399
5.379583 0.550806
5.400597 0.547886
5.421611 0.558322
5.442625 0.544092
5.463639 0.554913
5.484653 0.548239
5.505667 0.546997
5.526681 0.556063
5.547695 0.542005
5.568709 0.555804
5.589723 0.546911
5.610737 0.546657
5.631751 0.554663
5.652765 0.541072
5.673779 0.555710
5.694793 0.543683
5.715807 0.544331
5.736821 0.550541
5.757835 0.541628
5.778849 0.556828
5.799863 0.547642
5.820877 0.549407
5.841891 0.553817
5.862905 0.542342
5.883919 0.558094
5.904933 0.544436
5.925947 0.550585
5.946961 0.552351
5.967975 0.540563
5.988989 0.556740
6.010003 0.541001
6.031017 0.548721
6.052031 0.548497
6.073045 0.539168
6.094059 0.552517
6.115073 0.536472
6.136087 0.545543
6.157101 0.543310
6.178115 0.537384
6.199129 0.550260
6.220143 0.534471
6.241157 0.546577
6.262171 0.541824
6.283185 0.536594
