serial number: JANUSZ_3_RI80_21414850
torque: 16
start_temp: 29 (29)
finish_temp: 29 (30)
note: po wymianie przekladni, nowy firmware
0.000000 0.238511 28.996140 0.000000
0.020010 0.255076 28.996449 0.000000
0.040020 0.267303 29.000000 0.000000
0.060030 0.268042 29.000000 0.000000
0.080041 0.263120 29.000000 0.000000
0.100051 0.270202 29.000000 0.000000
0.120061 0.263796 28.995000 0.000000
0.140071 0.268818 28.996464 0.000000
0.160081 0.268528 28.997183 0.000000
0.180091 0.266707 28.999144 0.000000
0.200101 0.267278 28.996259 0.000000
0.220112 0.263092 28.998889 0.000000
0.240122 0.266279 28.990569 0.000000
0.260132 0.267965 28.999328 0.000000
0.280142 0.271375 28.997391 0.000000
0.300152 0.275239 28.999724 0.000000
0.320162 0.267673 28.998408 0.000000
0.340172 0.269008 28.995610 0.000000
0.360183 0.270379 29.000000 0.000000
0.380193 0.267243 28.995490 0.000000
0.400203 0.270187 29.000000 0.000000
0.420213 0.268186 28.999115 0.000000
0.440223 0.262655 28.993509 0.000000
0.460233 0.271895 28.999437 0.000000
0.480243 0.266187 28.999784 0.000000
0.500254 0.265693 29.000000 0.000000
0.520264 0.269166 28.999832 0.000000
0.540274 0.267338 28.997045 0.000000
0.560284 0.270628 28.998302 0.000000
0.580294 0.264554 29.000000 0.000000
0.600304 0.268596 28.998300 0.000000
0.620314 0.273430 29.000000 0.000000
0.640325 0.268451 28.998219 0.000000
0.660335 0.268539 28.998088 0.000000
0.680345 0.265083 29.000000 0.000000
0.700355 0.264893 28.999638 0.000000
0.720365 0.272681 29.000000 0.000000
0.740375 0.269888 29.000000 0.000000
0.760385 0.269046 28.998361 0.000000
0.780396 0.269946 28.996182 0.000000
0.800406 0.265308 29.000000 0.000000
0.820416 0.270286 29.000000 0.000000
0.840426 0.261710 28.999063 0.000000
0.860436 0.259112 29.000000 0.000000
0.880446 0.265336 29.000000 0.000000
0.900456 0.261260 28.997203 0.000000
0.920467 0.265912 28.998400 0.000000
0.940477 0.263959 28.998273 0.000000
0.960487 0.264582 29.000000 0.000000
0.980497 0.270450 29.000000 0.000000
1.000507 0.264007 28.999310 0.000000
1.020517 0.268459 28.991395 0.000000
1.040528 0.267342 28.998879 0.000000
1.060538 0.268163 29.000000 0.000000
1.080548 0.274499 29.000000 0.000000
1.100558 0.269296 28.999643 0.000000
1.120568 0.266704 28.998644 0.000000
1.140578 0.269449 28.994087 0.000000
1.160588 0.266593 28.997907 0.000000
1.180599 0.270922 28.999342 0.000000
1.200609 0.270848 29.000000 0.000000
1.220619 0.269302 29.000000 0.000000
1.240629 0.271450 29.000000 0.000000
1.260639 0.268352 28.988649 0.000000
1.280649 0.272423 29.000000 0.000000
1.300659 0.269915 29.000000 0.000000
1.320670 0.266014 28.998909 0.000000
1.340680 0.272728 28.997519 0.000000
1.360690 0.267940 28.998881 0.000000
1.380700 0.272268 29.000000 0.000000
1.400710 0.269959 28.999588 0.000000
1.420720 0.261914 29.000000 0.000000
1.440730 0.268782 29.000000 0.000000
1.460741 0.267804 29.000000 0.000000
1.480751 0.269304 28.999223 0.000000
1.500761 0.270818 29.000000 0.000000
1.520771 0.264597 29.000000 0.000000
1.540781 0.268734 29.000000 0.000000
1.560791 0.268134 29.000000 0.000000
1.580801 0.267904 28.999724 0.000000
1.600812 0.274026 28.994206 0.000000
1.620822 0.266401 28.999630 0.000000
1.640832 0.267713 28.999281 0.000000
1.660842 0.270919 29.000000 0.000000
1.680852 0.266968 29.000000 0.000000
1.700862 0.269396 28.999162 0.000000
1.720872 0.266532 29.000000 0.000000
1.740883 0.269049 29.000000 0.000000
1.760893 0.267998 29.000000 0.000000
1.780903 0.263857 28.997167 0.000000
1.800913 0.270156 28.999506 0.000000
1.820923 0.266657 28.996857 0.000000
1.840933 0.264563 28.993000 0.000000
1.860943 0.269547 28.996552 0.000000
1.880954 0.270519 28.999796 0.000000
1.900964 0.272526 29.000000 0.000000
1.920974 0.266636 29.000000 0.000000
1.940984 0.265557 28.999388 0.000000
1.960994 0.270070 29.000000 0.000000
1.981004 0.269799 29.000000 0.000000
2.001014 0.270554 28.987719 0.000000
2.021025 0.269904 28.995140 0.000000
2.041035 0.269041 29.000000 0.000000
2.061045 0.271624 28.996821 0.000000
2.081055 0.271308 28.989474 0.000000
2.101065 0.264365 28.997383 0.000000
2.121075 0.271470 28.994082 0.000000
2.141085 0.268137 28.990649 0.000000
2.161096 0.269203 28.993585 0.000000
2.181106 0.267853 28.998894 0.000000
2.201116 0.264809 29.000000 0.000000
2.221126 0.272125 28.996757 0.000000
2.241136 0.271267 28.999633 0.000000
2.261146 0.265905 29.000000 0.000000
2.281156 0.270669 29.000000 0.000000
2.301167 0.265011 28.999788 0.000000
2.321177 0.273641 29.000000 0.000000
2.341187 0.269001 28.993589 0.000000
2.361197 0.271298 28.997185 0.000000
2.381207 0.271254 29.000000 0.000000
2.401217 0.266955 29.000000 0.000000
2.421227 0.268757 28.999018 0.000000
2.441238 0.269281 29.000000 0.000000
2.461248 0.266590 28.999658 0.000000
2.481258 0.272072 28.999504 0.000000
2.501268 0.269575 28.999621 0.000000
2.521278 0.270496 29.000000 0.000000
2.541288 0.269708 29.000000 0.000000
2.561298 0.269427 28.996000 0.000000
2.581309 0.273072 28.992329 0.000000
2.601319 0.274577 28.999635 0.000000
2.621329 0.269023 28.999797 0.000000
2.641339 0.274830 29.000000 0.000000
2.661349 0.271805 28.998105 0.000000
2.681359 0.270251 28.999160 0.000000
2.701369 0.270573 28.992691 0.000000
2.721380 0.267801 28.998980 0.000000
2.741390 0.272093 28.999755 0.000000
2.761400 0.269850 28.999533 0.000000
2.781410 0.270512 28.994419 0.000000
2.801420 0.270853 28.998140 0.000000
2.821430 0.267360 28.998114 0.000000
2.841440 0.274262 28.998596 0.000000
2.861451 0.269832 29.000000 0.000000
2.881461 0.268415 28.989274 0.000000
2.901471 0.278590 29.000000 0.000000
2.921481 0.269659 29.000000 0.000000
2.941491 0.271907 28.999452 0.000000
2.961501 0.269920 28.996863 0.000000
2.981511 0.267871 28.998462 0.000000
3.001522 0.276419 29.000000 0.000000
3.021532 0.271116 28.995602 0.000000
3.041542 0.270375 28.997709 0.000000
3.061552 0.272086 29.000000 0.000000
3.081562 0.270273 29.000000 0.000000
3.101572 0.272297 29.000000 0.000000
3.121583 0.266751 29.000000 0.000000
3.141593 0.267869 28.995000 0.000000
3.161603 0.272779 29.000000 0.000000
3.181613 0.268671 29.000000 0.000000
3.201623 0.268596 29.000000 0.000000
3.221633 0.271301 29.000000 0.000000
3.241643 0.267360 29.000000 0.000000
3.261654 0.277737 28.999598 0.000000
3.281664 0.272697 29.000000 0.000000
3.301674 0.275161 28.995610 0.000000
3.321684 0.276130 28.998857 0.000000
3.341694 0.269815 29.000000 0.000000
3.361704 0.274602 29.000000 0.000000
3.381714 0.269561 28.998525 0.000000
3.401725 0.272713 28.995420 0.000000
3.421735 0.276941 29.000000 0.000000
3.441745 0.266147 28.996954 0.000000
3.461755 0.269394 28.994800 0.000000
3.481765 0.270639 29.000000 0.000000
3.501775 0.269443 29.000000 0.000000
3.521785 0.274314 29.000000 0.000000
3.541796 0.273441 29.000000 0.000000
3.561806 0.270719 28.995152 0.000000
3.581816 0.274947 28.998909 0.000000
3.601826 0.271813 28.996279 0.000000
3.621836 0.277751 29.000000 0.000000
3.641846 0.275604 29.000000 0.000000
3.661856 0.271158 29.000000 0.000000
3.681867 0.278310 29.000000 0.000000
3.701877 0.271756 29.000000 0.000000
3.721887 0.272098 28.999431 0.000000
3.741897 0.273250 29.000000 0.000000
3.761907 0.270191 28.998980 0.000000
3.781917 0.272755 28.997727 0.000000
3.801927 0.269458 29.000000 0.000000
3.821938 0.273922 29.000000 0.000000
3.841948 0.277849 29.000000 0.000000
3.861958 0.268237 29.000000 0.000000
3.881968 0.271079 29.000000 0.000000
3.901978 0.269020 29.000000 0.000000
3.921988 0.268026 29.000000 0.000000
3.941998 0.275511 29.000000 0.000000
3.962009 0.268390 29.000000 0.000000
3.982019 0.270764 29.000000 0.000000
4.002029 0.274790 28.999101 0.000000
4.022039 0.271826 29.000000 0.000000
4.042049 0.275168 29.000000 0.000000
4.062059 0.269227 29.000000 0.000000
4.082069 0.266900 28.998529 0.000000
4.102080 0.275866 28.995436 0.000000
4.122090 0.268164 28.998868 0.000000
4.142100 0.274166 28.989167 0.000000
4.162110 0.275879 29.000000 0.000000
4.182120 0.269335 28.999672 0.000000
4.202130 0.277098 29.000000 0.000000
4.222140 0.273107 28.999600 0.000000
4.242151 0.276175 28.994157 0.000000
4.262161 0.273888 29.000000 0.000000
4.282171 0.266530 28.999303 0.000000
4.302181 0.275672 29.000000 0.000000
4.322191 0.270984 28.997300 0.000000
4.342201 0.270673 28.996136 0.000000
4.362211 0.275340 28.997011 0.000000
4.382222 0.271110 29.000000 0.000000
4.402232 0.275193 28.998919 0.000000
4.422242 0.275113 28.999819 0.000000
4.442252 0.268064 28.999583 0.000000
4.462262 0.271975 29.000000 0.000000
4.482272 0.267852 28.994723 0.000000
4.502282 0.270708 28.995446 0.000000
4.522293 0.275543 28.999759 0.000000
4.542303 0.270074 29.000000 0.000000
4.562313 0.274531 29.000000 0.000000
4.582323 0.268762 29.000000 0.000000
4.602333 0.269418 29.000000 0.000000
4.622343 0.273985 28.996739 0.000000
4.642353 0.269707 28.997863 0.000000
4.662364 0.274356 29.000000 0.000000
4.682374 0.274574 29.000000 0.000000
4.702384 0.270501 28.999551 0.000000
4.722394 0.273529 28.998450 0.000000
4.742404 0.270828 28.997231 0.000000
4.762414 0.274484 28.999793 0.000000
4.782424 0.273726 28.999856 0.000000
4.802435 0.271144 28.998621 0.000000
4.822445 0.271027 28.999785 0.000000
4.842455 0.272065 28.999067 0.000000
4.862465 0.267497 28.997749 0.000000
4.882475 0.275198 29.000000 0.000000
4.902485 0.270155 28.999769 0.000000
4.922495 0.273676 29.000000 0.000000
4.942506 0.272821 29.000000 0.000000
4.962516 0.271167 29.000000 0.000000
4.982526 0.273835 29.000000 0.000000
5.002536 0.267815 29.000000 0.000000
5.022546 0.270433 29.000000 0.000000
5.042556 0.274108 29.000000 0.000000
5.062567 0.270109 29.000000 0.000000
5.082577 0.272649 29.000000 0.000000
5.102587 0.268311 29.000000 0.000000
5.122597 0.270101 28.999826 0.000000
5.142607 0.275695 29.000000 0.000000
5.162617 0.271680 28.999865 0.000000
5.182627 0.275536 29.000000 0.000000
5.202638 0.272630 29.000000 0.000000
5.222648 0.267966 28.999748 0.000000
5.242658 0.269716 28.999385 0.000000
5.262668 0.265031 29.000000 0.000000
5.282678 0.268638 29.000000 0.000000
5.302688 0.270035 28.999660 0.000000
5.322698 0.262080 29.000000 0.000000
5.342709 0.269520 29.000000 0.000000
5.362719 0.267522 29.000000 0.000000
5.382729 0.270795 28.993500 0.000000
5.402739 0.272046 29.000000 0.000000
5.422749 0.268985 29.000000 0.000000
5.442759 0.272996 29.000000 0.000000
5.462769 0.272849 28.988931 0.000000
5.482780 0.268412 28.994595 0.000000
5.502790 0.271572 29.000000 0.000000
5.522800 0.270347 29.000000 0.000000
5.542810 0.271614 29.000000 0.000000
5.562820 0.269399 29.000000 0.000000
5.582830 0.270536 28.994702 0.000000
5.602840 0.276720 29.000000 0.000000
5.622851 0.271559 29.000000 0.000000
5.642861 0.271847 29.000000 0.000000
5.662871 0.271652 29.000000 0.000000
5.682881 0.266381 28.998596 0.000000
5.702891 0.278829 29.000000 0.000000
5.722901 0.272494 29.000000 0.000000
5.742911 0.268524 28.994451 0.000000
5.762922 0.274265 28.995873 0.000000
5.782932 0.270372 29.000000 0.000000
5.802942 0.273172 28.996000 0.000000
5.822952 0.271887 29.000000 0.000000
5.842962 0.271547 28.998844 0.000000
5.862972 0.273476 29.000000 0.000000
5.882982 0.270384 29.000000 0.000000
5.902993 0.276468 29.000000 0.000000
5.923003 0.271458 28.998408 0.000000
5.943013 0.270605 29.000000 0.000000
5.963023 0.274786 29.000000 0.000000
5.983033 0.270033 29.000000 0.000000
6.003043 0.266802 28.998012 0.000000
6.023053 0.276520 29.000000 0.000000
6.043064 0.272492 28.998812 0.000000
6.063074 0.273682 29.000000 0.000000
6.083084 0.271141 28.998933 0.000000
6.103094 0.271515 29.000000 0.000000
6.123104 0.271351 29.000000 0.000000
6.143114 0.272756 29.000000 0.000000
6.163124 0.276375 28.998080 0.000000
6.183135 0.272064 28.993376 0.000000
6.203145 0.269870 28.994362 0.000000
6.223155 0.273331 28.998356 0.000000
6.243165 0.269905 28.996338 0.000000
6.263175 0.269903 29.000000 0.000000
