serial number: JANUSZ_3_RI80_21414850
torque: 16
start_temp: 29 (29)
finish_temp: 29 (30)
note: po wymianie przekladni, nowy firmware
0.000000 0.270036 29.000000 0.000000
0.020010 0.269398 28.998647 0.000000
0.040020 0.271104 28.994771 0.000000
0.060030 0.271358 29.000000 0.000000
0.080041 0.267255 29.000000 0.000000
0.100051 0.271451 29.000000 0.000000
0.120061 0.272091 28.999524 0.000000
0.140071 0.274442 29.000000 0.000000
0.160081 0.271757 29.000000 0.000000
0.180091 0.271434 29.000000 0.000000
0.200101 0.276376 29.000000 0.000000
0.220112 0.268994 29.000000 0.000000
0.240122 0.266799 29.000000 0.000000
0.260132 0.272616 29.000000 0.000000
0.280142 0.270886 29.000000 0.000000
0.300152 0.273628 29.000000 0.000000
0.320162 0.268533 28.999808 0.000000
0.340172 0.267587 29.000000 0.000000
0.360183 0.268353 28.999778 0.000000
0.380193 0.270179 29.000000 0.000000
0.400203 0.272975 29.000000 0.000000
0.420213 0.273066 28.999249 0.000000
0.440223 0.264778 28.996653 0.000000
0.460233 0.276402 29.000000 0.000000
0.480243 0.270254 29.000000 0.000000
0.500254 0.268093 29.000000 0.000000
0.520264 0.268310 28.998481 0.000000
0.540274 0.263521 28.999348 0.000000
0.560284 0.270314 28.999279 0.000000
0.580294 0.266356 28.999503 0.000000
0.600304 0.266540 28.998685 0.000000
0.620314 0.265929 28.998333 0.000000
0.640325 0.264957 28.998385 0.000000
0.660335 0.269263 28.998769 0.000000
0.680345 0.270298 28.998686 0.000000
0.700355 0.267595 28.999826 0.000000
0.720365 0.270703 28.998947 0.000000
0.740375 0.262673 29.000000 0.000000
0.760385 0.262798 29.000000 0.000000
0.780396 0.266034 28.999818 0.000000
0.800406 0.266364 29.000000 0.000000
0.820416 0.270623 28.999732 0.000000
0.840426 0.265140 29.000000 0.000000
0.860436 0.268881 28.994955 0.000000
0.880446 0.273436 28.995269 0.000000
0.900456 0.267158 29.000000 0.000000
0.920467 0.270303 29.000000 0.000000
0.940477 0.270277 29.000000 0.000000
0.960487 0.268731 29.000000 0.000000
0.980497 0.272589 29.000000 0.000000
1.000507 0.262799 29.000000 0.000000
1.020517 0.269730 29.000000 0.000000
1.040528 0.264210 29.000000 0.000000
1.060538 0.267949 29.000000 0.000000
1.080548 0.272985 28.995838 0.000000
1.100558 0.267200 28.999510 0.000000
1.120568 0.269920 29.000000 0.000000
1.140578 0.268919 28.998276 0.000000
1.160588 0.265125 28.998391 0.000000
1.180599 0.270624 29.000000 0.000000
1.200609 0.265825 28.999701 0.000000
1.220619 0.263791 29.000000 0.000000
1.240629 0.267844 29.000000 0.000000
1.260639 0.265153 29.000000 0.000000
1.280649 0.268799 29.000000 0.000000
1.300659 0.272179 29.000000 0.000000
1.320670 0.270207 28.989655 0.000000
1.340680 0.273483 28.998209 0.000000
1.360690 0.271392 29.000000 0.000000
1.380700 0.273195 28.995062 0.000000
1.400710 0.273705 28.999417 0.000000
1.420720 0.270651 28.999640 0.000000
1.440730 0.279185 28.999570 0.000000
1.460741 0.269646 28.998897 0.000000
1.480751 0.272053 29.000000 0.000000
1.500761 0.273623 29.000000 0.000000
1.520771 0.265392 29.000000 0.000000
1.540781 0.273698 29.000000 0.000000
1.560791 0.272705 29.000000 0.000000
1.580801 0.267202 29.000000 0.000000
1.600812 0.272872 29.000000 0.000000
1.620822 0.270832 29.000000 0.000000
1.640832 0.274601 29.000000 0.000000
1.660842 0.270582 28.996867 0.000000
1.680852 0.270397 29.000000 0.000000
1.700862 0.276676 29.000000 0.000000
1.720872 0.268637 29.000000 0.000000
1.740883 0.274538 29.000000 0.000000
1.760893 0.275570 29.000000 0.000000
1.780903 0.269726 29.000000 0.000000
1.800913 0.279130 29.000000 0.000000
1.820923 0.273017 28.998056 0.000000
1.840933 0.270298 29.000000 0.000000
1.860943 0.274368 28.999756 0.000000
1.880954 0.268464 28.999802 0.000000
1.900964 0.271285 29.000000 0.000000
1.920974 0.273105 29.000000 0.000000
1.940984 0.271807 28.999725 0.000000
1.960994 0.275327 29.000000 0.000000
1.981004 0.265165 29.000000 0.000000
2.001014 0.267500 28.999668 0.000000
2.021025 0.272844 29.000000 0.000000
2.041035 0.265720 29.000000 0.000000
2.061045 0.270144 28.999424 0.000000
2.081055 0.273068 29.000000 0.000000
2.101065 0.268664 29.000000 0.000000
2.121075 0.271417 29.000000 0.000000
2.141085 0.272832 29.000000 0.000000
2.161096 0.270234 29.000000 0.000000
2.181106 0.266561 29.000000 0.000000
2.201116 0.264300 29.000000 0.000000
2.221126 0.274278 29.000000 0.000000
2.241136 0.268353 28.998448 0.000000
2.261146 0.270335 28.999728 0.000000
2.281156 0.273751 28.995309 0.000000
2.301167 0.269279 28.999358 0.000000
2.321177 0.271813 29.000000 0.000000
2.341187 0.270406 29.000000 0.000000
2.361197 0.269657 29.000000 0.000000
2.381207 0.271623 28.999034 0.000000
2.401217 0.270608 28.996937 0.000000
2.421227 0.268085 28.995325 0.000000
2.441238 0.266598 28.993701 0.000000
2.461248 0.262802 29.000000 0.000000
2.481258 0.274607 29.000000 0.000000
2.501268 0.271659 29.000000 0.000000
2.521278 0.272290 29.000000 0.000000
2.541288 0.271401 29.000000 0.000000
2.561298 0.267406 29.000000 0.000000
2.581309 0.274318 29.000000 0.000000
2.601319 0.269964 29.000000 0.000000
2.621329 0.268603 29.000000 0.000000
2.641339 0.274771 29.000000 0.000000
2.661349 0.273675 28.999322 0.000000
2.681359 0.274967 28.999498 0.000000
2.701369 0.274694 28.999861 0.000000
2.721380 0.268359 29.000000 0.000000
2.741390 0.272320 28.999197 0.000000
2.761400 0.271633 29.000000 0.000000
2.781410 0.274923 28.999485 0.000000
2.801420 0.265719 28.999040 0.000000
2.821430 0.267031 28.999475 0.000000
2.841440 0.269885 29.000000 0.000000
2.861451 0.265985 28.999651 0.000000
2.881461 0.261999 28.997433 0.000000
2.901471 0.270977 28.997355 0.000000
2.921481 0.266931 28.999747 0.000000
2.941491 0.273672 28.998425 0.000000
2.961501 0.273374 29.000000 0.000000
2.981511 0.270839 28.999481 0.000000
3.001522 0.277878 29.000000 0.000000
3.021532 0.274663 29.000000 0.000000
3.041542 0.272380 29.000000 0.000000
3.061552 0.273815 28.998381 0.000000
3.081562 0.275017 28.999372 0.000000
3.101572 0.274921 28.998561 0.000000
3.121583 0.269547 29.000000 0.000000
3.141593 0.272532 29.000000 0.000000
3.161603 0.274245 28.997822 0.000000
3.181613 0.274493 28.997442 0.000000
3.201623 0.275082 28.996682 0.000000
3.221633 0.272700 28.988394 0.000000
3.241643 0.273247 28.997647 0.000000
3.261654 0.279732 28.995670 0.000000
3.281664 0.273469 28.998919 0.000000
3.301674 0.272065 29.000000 0.000000
3.321684 0.273656 29.000000 0.000000
3.341694 0.270077 29.000000 0.000000
3.361704 0.273205 28.996168 0.000000
3.381714 0.270779 28.999238 0.000000
3.401725 0.269106 29.000000 0.000000
3.421735 0.273752 29.000000 0.000000
3.441745 0.266121 29.000000 0.000000
3.461755 0.268861 29.000000 0.000000
3.481765 0.270792 29.000000 0.000000
3.501775 0.267560 29.000000 0.000000
3.521785 0.273907 29.000000 0.000000
3.541796 0.268849 29.000000 0.000000
3.561806 0.274284 29.000000 0.000000
3.581816 0.275645 29.000000 0.000000
3.601826 0.267950 29.000000 0.000000
3.621836 0.272462 28.999286 0.000000
3.641846 0.269910 28.995699 0.000000
3.661856 0.267090 28.999773 0.000000
3.681867 0.276397 28.999200 0.000000
3.701877 0.267860 28.996271 0.000000
3.721887 0.272254 28.999810 0.000000
3.741897 0.275456 28.999512 0.000000
3.761907 0.266869 28.999227 0.000000
3.781917 0.270686 29.000000 0.000000
3.801927 0.267681 29.000000 0.000000
3.821938 0.267526 29.000000 0.000000
3.841948 0.278209 28.999070 0.000000
3.861958 0.269573 28.997079 0.000000
3.881968 0.275354 28.998723 0.000000
3.901978 0.266524 28.991304 0.000000
3.921988 0.267577 29.000000 0.000000
3.941998 0.274916 28.995385 0.000000
3.962009 0.265375 28.999188 0.000000
3.982019 0.269040 29.000000 0.000000
4.002029 0.271400 29.000000 0.000000
4.022039 0.268226 28.996508 0.000000
4.042049 0.274615 28.996314 0.000000
4.062059 0.269382 28.999809 0.000000
4.082069 0.270900 29.000000 0.000000
4.102080 0.270292 29.000000 0.000000
4.122090 0.266887 29.000000 0.000000
4.142100 0.271716 29.000000 0.000000
4.162110 0.273062 29.000000 0.000000
4.182120 0.265569 29.000000 0.000000
4.202130 0.273416 29.000000 0.000000
4.222140 0.271433 28.998439 0.000000
4.242151 0.265018 28.994639 0.000000
4.262161 0.270503 28.997317 0.000000
4.282171 0.268844 28.999864 0.000000
4.302181 0.270980 29.000000 0.000000
4.322191 0.269703 28.997288 0.000000
4.342201 0.267667 28.998444 0.000000
4.362211 0.272651 29.000000 0.000000
4.382222 0.267137 29.000000 0.000000
4.402232 0.268257 29.000000 0.000000
4.422242 0.272621 28.999434 0.000000
4.442252 0.266404 29.000000 0.000000
4.462262 0.270438 29.000000 0.000000
4.482272 0.269144 29.000000 0.000000
4.502282 0.269209 29.000000 0.000000
4.522293 0.274851 29.000000 0.000000
4.542303 0.274339 29.000000 0.000000
4.562313 0.278592 29.000000 0.000000
4.582323 0.272625 28.999556 0.000000
4.602333 0.266389 29.000000 0.000000
4.622343 0.267389 28.998995 0.000000
4.642353 0.264353 29.000000 0.000000
4.662364 0.268025 29.000000 0.000000
4.682374 0.268388 28.998904 0.000000
4.702384 0.267354 28.999713 0.000000
4.722394 0.271353 29.000000 0.000000
4.742404 0.268981 28.998727 0.000000
4.762414 0.275205 28.996450 0.000000
4.782424 0.272224 28.997353 0.000000
4.802435 0.267005 28.999012 0.000000
4.822445 0.271089 29.000000 0.000000
4.842455 0.272514 28.999695 0.000000
4.862465 0.272683 28.999341 0.000000
4.882475 0.271942 28.999057 0.000000
4.902485 0.266787 28.996764 0.000000
4.922495 0.269243 28.996021 0.000000
4.942506 0.263952 29.000000 0.000000
4.962516 0.258818 29.000000 0.000000
4.982526 0.268172 28.999304 0.000000
5.002536 0.265931 29.000000 0.000000
5.022546 0.269699 28.993388 0.000000
5.042556 0.266948 28.998913 0.000000
5.062567 0.265847 28.999545 0.000000
5.082577 0.274259 29.000000 0.000000
5.102587 0.271942 29.000000 0.000000
5.122597 0.272394 29.000000 0.000000
5.142607 0.271165 28.995000 0.000000
5.162617 0.268091 28.995235 0.000000
5.182627 0.265828 29.000000 0.000000
5.202638 0.263481 29.000000 0.000000
5.222648 0.266788 28.998214 0.000000
5.242658 0.275156 28.997917 0.000000
5.262668 0.274439 29.000000 0.000000
5.282678 0.274082 29.000000 0.000000
5.302688 0.266883 29.000000 0.000000
5.322698 0.265608 29.000000 0.000000
5.342709 0.274003 29.000000 0.000000
5.362719 0.271826 28.999504 0.000000
5.382729 0.274429 29.000000 0.000000
5.402739 0.272377 29.000000 0.000000
5.422749 0.263599 29.000000 0.000000
5.442759 0.272054 29.000000 0.000000
5.462769 0.271859 29.000000 0.000000
5.482780 0.266184 28.998182 0.000000
5.502790 0.230407 28.993869 0.000000
5.522800 0.254326 28.993494 0.000000
5.542810 0.272712 28.999024 0.000000
5.562820 0.269810 29.000000 0.000000
5.582830 0.269223 28.999577 0.000000
5.602840 0.274416 29.000000 0.000000
5.622851 0.267869 29.000000 0.000000
5.642861 0.266500 29.000000 0.000000
5.662871 0.270313 29.000000 0.000000
5.682881 0.269648 29.000000 0.000000
5.702891 0.278945 29.000000 0.000000
5.722901 0.273608 28.993377 0.000000
5.742911 0.269975 29.000000 0.000000
5.762922 0.272457 29.000000 0.000000
5.782932 0.265565 28.999427 0.000000
5.802942 0.273255 28.999426 0.000000
5.822952 0.270639 29.000000 0.000000
5.842962 0.268441 29.000000 0.000000
5.862972 0.270969 29.000000 0.000000
5.882982 0.269897 29.000000 0.000000
5.902993 0.269740 29.000000 0.000000
5.923003 0.261735 28.999631 0.000000
5.943013 0.265244 29.000000 0.000000
5.963023 0.270785 29.000000 0.000000
5.983033 0.269226 29.000000 0.000000
6.003043 0.270583 28.999778 0.000000
6.023053 0.273371 29.000000 0.000000
6.043064 0.270357 28.998788 0.000000
6.063074 0.274289 28.995641 0.000000
6.083084 0.265809 29.000000 0.000000
6.103094 0.266507 28.998641 0.000000
6.123104 0.272401 29.000000 0.000000
6.143114 0.266899 28.999768 0.000000
6.163124 0.268397 29.000000 0.000000
6.183135 0.267390 29.000000 0.000000
6.203145 0.264652 28.999588 0.000000
6.223155 0.273709 28.997959 0.000000
6.243165 0.267587 28.992899 0.000000
6.263175 0.261517 29.000000 0.000000
