serial number: RI70_21111530
torque: 8
start_temp: 21 (22)
finish_temp: 21 (22)
note: montaz tylko z przymiarem
0.000000 0.504509 20.914350 0.000000
0.020010 0.505354 20.935029 0.000000
0.040020 0.505379 20.935604 0.000000
0.060030 0.505568 20.933333 0.000000
0.080041 0.505071 20.942825 0.000000
0.100051 0.505742 20.921556 0.000000
0.120061 0.506187 20.914713 0.000000
0.140071 0.505199 20.922652 0.000000
0.160081 0.506104 20.917542 0.000000
0.180091 0.506110 20.930112 0.000000
0.200101 0.506226 20.936229 0.000000
0.220112 0.505925 20.917095 0.000000
0.240122 0.505255 20.910960 0.000000
0.260132 0.506346 20.933793 0.000000
0.280142 0.507420 20.923279 0.000000
0.300152 0.505892 20.913182 0.000000
0.320162 0.506720 20.932514 0.000000
0.340172 0.506579 20.943516 0.000000
0.360183 0.507130 20.943678 0.000000
0.380193 0.507460 20.959086 0.000000
0.400203 0.506236 20.938324 0.000000
0.420213 0.506807 20.922444 0.000000
0.440223 0.506522 20.941017 0.000000
0.460233 0.506085 20.935196 0.000000
0.480243 0.506557 20.952727 0.000000
0.500254 0.505868 20.936136 0.000000
0.520264 0.507127 20.937500 0.000000
0.540274 0.507622 20.952000 0.000000
0.560284 0.505903 20.943277 0.000000
0.580294 0.506818 20.942045 0.000000
0.600304 0.506805 20.925902 0.000000
0.620314 0.507593 20.944545 0.000000
0.640325 0.508779 20.920920 0.000000
0.660335 0.506988 20.921808 0.000000
0.680345 0.508185 20.942793 0.000000
0.700355 0.508011 20.938444 0.000000
0.720365 0.508043 20.935862 0.000000
0.740375 0.508288 20.926554 0.000000
0.760385 0.507151 20.935682 0.000000
0.780396 0.508302 20.949773 0.000000
0.800406 0.508587 20.954831 0.000000
0.820416 0.506907 20.926400 0.000000
0.840426 0.508999 20.931050 0.000000
0.860436 0.507880 20.955886 0.000000
0.880446 0.507796 20.923616 0.000000
0.900456 0.509844 20.914350 0.000000
0.920467 0.508587 20.931299 0.000000
0.940477 0.508699 20.948222 0.000000
0.960487 0.509570 20.936914 0.000000
0.980497 0.509235 20.949438 0.000000
1.000507 0.509360 20.929492 0.000000
1.020517 0.508791 20.920678 0.000000
1.040528 0.509492 20.916136 0.000000
1.060538 0.510958 20.939545 0.000000
1.080548 0.509088 20.955455 0.000000
1.100558 0.510740 20.940000 0.000000
1.120568 0.510227 20.931429 0.000000
1.140578 0.509840 20.948902 0.000000
1.160588 0.511626 20.945028 0.000000
1.180599 0.510088 20.949831 0.000000
1.200609 0.511037 20.943636 0.000000
1.220619 0.511855 20.938621 0.000000
1.240629 0.511261 20.932203 0.000000
1.260639 0.512240 20.928229 0.000000
1.280649 0.511472 20.936092 0.000000
1.300659 0.511628 20.946292 0.000000
1.320670 0.512433 20.897978 0.000000
1.340680 0.510514 20.925486 0.000000
1.360690 0.511066 20.932955 0.000000
1.380700 0.510486 20.937401 0.000000
1.400710 0.509589 20.939545 0.000000
1.420720 0.511255 20.937627 0.000000
1.440730 0.508613 20.942599 0.000000
1.460741 0.508457 20.956201 0.000000
1.480751 0.509644 20.961136 0.000000
1.500761 0.507889 20.959086 0.000000
1.520771 0.509165 20.916836 0.000000
1.540781 0.508124 20.928457 0.000000
1.560791 0.508711 20.914350 0.000000
1.580801 0.510058 20.936760 0.000000
1.600812 0.508701 20.927458 0.000000
1.620822 0.509104 20.933714 0.000000
1.640832 0.509099 20.925198 0.000000
1.660842 0.508146 20.928743 0.000000
1.680852 0.510460 20.932717 0.000000
1.700862 0.507611 20.937600 0.000000
1.720872 0.506814 20.895301 0.000000
1.740883 0.508921 20.935086 0.000000
1.760893 0.506595 20.934078 0.000000
1.780903 0.508041 20.953563 0.000000
1.800913 0.507204 20.942400 0.000000
1.820923 0.506698 20.927416 0.000000
1.840933 0.509554 20.934444 0.000000
1.860943 0.507348 20.950629 0.000000
1.880954 0.507928 20.941364 0.000000
1.900964 0.507983 20.935333 0.000000
1.920974 0.506793 20.942346 0.000000
1.940984 0.508619 20.951264 0.000000
1.960994 0.505925 20.946444 0.000000
1.981004 0.505452 20.931525 0.000000
2.001014 0.507176 20.921348 0.000000
2.021025 0.504507 20.934831 0.000000
2.041035 0.506092 20.954157 0.000000
2.061045 0.504944 20.949714 0.000000
2.081055 0.502417 20.932444 0.000000
2.101065 0.505086 20.935506 0.000000
2.121075 0.502434 20.956136 0.000000
2.141085 0.501529 20.949783 0.000000
2.161096 0.502822 20.921333 0.000000
2.181106 0.500668 20.964916 0.000000
2.201116 0.503067 20.970166 0.000000
2.221126 0.500714 20.941676 0.000000
2.241136 0.499595 20.941657 0.000000
2.261146 0.501610 20.937701 0.000000
2.281156 0.499446 20.952928 0.000000
2.301167 0.498454 20.950549 0.000000
2.321177 0.498278 20.948603 0.000000
2.341187 0.495871 20.942174 0.000000
2.361197 0.498547 20.947039 0.000000
2.381207 0.496686 20.951011 0.000000
2.401217 0.494016 20.941075 0.000000
2.421227 0.495682 20.957333 0.000000
2.441238 0.493333 20.937514 0.000000
2.461248 0.495079 20.930889 0.000000
2.481258 0.492895 20.939235 0.000000
2.501268 0.490977 20.935319 0.000000
2.521278 0.492570 20.949153 0.000000
2.541288 0.491294 20.944599 0.000000
2.561298 0.490367 20.932961 0.000000
2.581309 0.490063 20.937486 0.000000
2.601319 0.488172 20.928936 0.000000
2.621329 0.490298 20.932818 0.000000
2.641339 0.489161 20.962796 0.000000
2.661349 0.486441 20.958710 0.000000
2.681359 0.488268 20.957204 0.000000
2.701369 0.485854 20.953187 0.000000
2.721380 0.486626 20.925838 0.000000
2.741390 0.486694 20.941075 0.000000
2.761400 0.483073 20.920426 0.000000
2.781410 0.484390 20.925746 0.000000
2.801420 0.482484 20.914792 0.000000
2.821430 0.480879 20.953439 0.000000
2.841440 0.482035 20.938579 0.000000
2.861451 0.478736 20.931217 0.000000
2.881461 0.480353 20.960000 0.000000
2.901471 0.480215 20.968602 0.000000
2.921481 0.476936 20.946878 0.000000
2.941491 0.479351 20.956614 0.000000
2.961501 0.476978 20.948995 0.000000
2.981511 0.476957 20.944211 0.000000
3.001522 0.477670 20.952043 0.000000
3.021532 0.472496 20.953474 0.000000
3.041542 0.474295 20.946878 0.000000
3.061552 0.473644 20.937641 0.000000
3.081562 0.471370 20.944550 0.000000
3.101572 0.474079 20.953089 0.000000
3.121583 0.470019 20.939785 0.000000
3.141593 0.471473 20.968122 0.000000
3.161603 0.472601 20.945745 0.000000
3.181613 0.467754 20.944330 0.000000
3.201623 0.470412 20.949362 0.000000
3.221633 0.469130 20.962030 0.000000
3.241643 0.467834 20.979894 0.000000
3.261654 0.469588 20.970890 0.000000
3.281664 0.465211 20.966869 0.000000
3.301674 0.468017 20.955602 0.000000
3.321684 0.467474 20.952880 0.000000
3.341694 0.466040 20.925306 0.000000
3.361704 0.467772 20.938511 0.000000
3.381714 0.464591 20.944536 0.000000
3.401725 0.466489 20.943590 0.000000
3.421735 0.467959 20.949319 0.000000
3.441745 0.462949 20.960615 0.000000
3.461755 0.466751 20.941571 0.000000
3.481765 0.464927 20.948601 0.000000
3.501775 0.464144 20.956751 0.000000
3.521785 0.466805 20.965263 0.000000
3.541796 0.461843 20.962412 0.000000
3.561806 0.465463 20.948421 0.000000
3.581816 0.465261 20.935590 0.000000
3.601826 0.462381 20.954518 0.000000
3.621836 0.465671 20.956440 0.000000
3.641846 0.461348 20.948454 0.000000
3.661856 0.462970 20.953367 0.000000
3.681867 0.465960 20.944632 0.000000
3.701877 0.460345 20.946735 0.000000
3.721887 0.462245 20.963146 0.000000
3.741897 0.460009 20.947219 0.000000
3.761907 0.459125 20.976136 0.000000
3.781917 0.463751 20.963657 0.000000
3.801927 0.458006 20.975172 0.000000
3.821938 0.461113 20.971361 0.000000
3.841948 0.462035 20.973636 0.000000
3.861958 0.459153 20.946127 0.000000
3.881968 0.462525 20.940782 0.000000
3.901978 0.458849 20.944046 0.000000
3.921988 0.459881 20.962069 0.000000
3.941998 0.462684 20.963699 0.000000
3.962009 0.457934 20.951412 0.000000
3.982019 0.461607 20.966588 0.000000
4.002029 0.459011 20.947657 0.000000
4.022039 0.458967 20.942373 0.000000
4.042049 0.463226 20.923095 0.000000
4.062059 0.458441 20.942273 0.000000
4.082069 0.460615 20.955116 0.000000
4.102080 0.462272 20.966364 0.000000
4.122090 0.459645 20.959540 0.000000
4.142100 0.462860 20.933793 0.000000
4.162110 0.460073 20.961647 0.000000
4.182120 0.460425 20.960447 0.000000
4.202130 0.462162 20.978035 0.000000
4.222140 0.453952 20.937347 0.000000
4.242151 0.457832 20.929278 0.000000
4.262161 0.457310 20.892864 0.000000
4.282171 0.455894 20.889045 0.000000
4.302181 0.459308 20.890737 0.000000
4.322191 0.455179 20.899406 0.000000
4.342201 0.456945 20.923505 0.000000
4.362211 0.459431 20.900101 0.000000
4.382222 0.456077 20.886702 0.000000
4.402232 0.459720 20.899289 0.000000
4.422242 0.456767 20.910693 0.000000
4.442252 0.457159 20.955648 0.000000
4.462262 0.461485 20.950722 0.000000
4.482272 0.458158 20.912284 0.000000
4.502282 0.461353 20.918549 0.000000
4.522293 0.460435 20.935556 0.000000
4.542303 0.459869 20.922051 0.000000
4.562313 0.464277 20.926432 0.000000
4.582323 0.460350 20.925567 0.000000
4.602333 0.462237 20.895464 0.000000
4.622343 0.465571 20.885181 0.000000
4.642353 0.462875 20.908601 0.000000
4.662364 0.465460 20.902245 0.000000
4.682374 0.464178 20.925744 0.000000
4.702384 0.464008 20.902340 0.000000
4.722394 0.467642 20.900412 0.000000
4.742404 0.464733 20.930051 0.000000
4.762414 0.466092 20.916649 0.000000
4.782424 0.466199 20.917755 0.000000
4.802435 0.464985 20.904821 0.000000
4.822445 0.468728 20.909418 0.000000
4.842455 0.466167 20.931633 0.000000
4.862465 0.466916 20.929691 0.000000
4.882475 0.469293 20.904681 0.000000
4.902485 0.467727 20.919583 0.000000
4.922495 0.469521 20.903590 0.000000
4.942506 0.467742 20.900524 0.000000
4.962516 0.467509 20.922105 0.000000
4.982526 0.470925 20.884974 0.000000
5.002536 0.468310 20.906250 0.000000
5.022546 0.470595 20.896211 0.000000
5.042556 0.471239 20.920206 0.000000
5.062567 0.470638 20.912941 0.000000
5.082577 0.474679 20.915812 0.000000
5.102587 0.471810 20.924211 0.000000
5.122597 0.473302 20.927047 0.000000
5.142607 0.475180 20.908449 0.000000
5.162617 0.474085 20.886042 0.000000
5.182627 0.476642 20.902553 0.000000
5.202638 0.475608 20.916596 0.000000
5.222648 0.476385 20.893757 0.000000
5.242658 0.478950 20.884255 0.000000
5.262668 0.477137 20.929574 0.000000
5.282678 0.479847 20.945397 0.000000
5.302688 0.480493 20.952043 0.000000
5.322698 0.481583 20.918519 0.000000
5.342709 0.484651 20.910000 0.000000
5.362719 0.482212 20.889101 0.000000
5.382729 0.484546 20.887253 0.000000
5.402739 0.485851 20.921905 0.000000
5.422749 0.485297 20.928342 0.000000
5.442759 0.487973 20.907473 0.000000
5.462769 0.486585 20.919565 0.000000
5.482780 0.487215 20.897326 0.000000
5.502790 0.489306 20.889609 0.000000
5.522800 0.488214 20.895106 0.000000
5.542810 0.489833 20.930989 0.000000
5.562820 0.489533 20.935519 0.000000
5.582830 0.490595 20.940109 0.000000
5.602840 0.492613 20.935956 0.000000
5.622851 0.490571 20.942732 0.000000
5.642861 0.492152 20.937730 0.000000
5.662871 0.493487 20.926444 0.000000
5.682881 0.493297 20.924153 0.000000
5.702891 0.495634 20.911257 0.000000
5.722901 0.493962 20.918444 0.000000
5.742911 0.494934 20.944783 0.000000
5.762922 0.497025 20.922235 0.000000
5.782932 0.496392 20.931148 0.000000
5.802942 0.496932 20.923736 0.000000
5.822952 0.496806 20.920442 0.000000
5.842962 0.496738 20.916703 0.000000
5.862972 0.498551 20.906374 0.000000
5.882982 0.497251 20.921326 0.000000
5.902993 0.498399 20.916854 0.000000
5.923003 0.499847 20.921749 0.000000
5.943013 0.499724 20.935778 0.000000
5.963023 0.500981 20.942022 0.000000
5.983033 0.500119 20.931050 0.000000
6.003043 0.499531 20.923778 0.000000
6.023053 0.501790 20.938876 0.000000
6.043064 0.501550 20.942000 0.000000
6.063074 0.501232 20.926188 0.000000
6.083084 0.502294 20.917528 0.000000
6.103094 0.501930 20.929143 0.000000
6.123104 0.503608 20.960437 0.000000
6.143114 0.502790 20.951061 0.000000
6.163124 0.503226 20.931111 0.000000
6.183135 0.503639 20.933034 0.000000
6.203145 0.503018 20.914860 0.000000
6.223155 0.503622 20.919333 0.000000
6.243165 0.503695 20.916610 0.000000
6.263175 0.502974 20.921105 0.000000
