serial number: RI70_21111530
torque: 8
start_temp: 25 (26)
finish_temp: 25 (26)
note: montaz tylko z przymiarem
0.000000 0.745325 25.002971 3012.045714
0.020010 0.744706 25.002791 3067.401163
0.040020 0.745492 25.000000 3118.721591
0.060030 0.744261 25.000000 3174.723164
0.080041 0.745310 25.001379 3227.045977
0.100051 0.744285 25.002824 3279.400000
0.120061 0.746144 25.001582 3332.214689
0.140071 0.746933 25.000000 3383.823864
0.160081 0.744161 25.000000 3434.400000
0.180091 0.746049 25.000000 3483.775862
0.200101 0.747712 25.000000 3531.206897
0.220112 0.746654 25.000000 3580.170588
0.240122 0.747817 25.000000 3625.219653
0.260132 0.746811 25.000000 3668.100000
0.280142 0.747506 25.000000 3712.461111
0.300152 0.747900 25.000000 3753.000000
0.320162 0.748745 25.000000 3791.988372
0.340172 0.746495 25.000000 3832.704545
0.360183 0.747951 25.000000 3867.548023
0.380193 0.745373 24.998118 3906.335294
0.400203 0.747762 24.996782 3938.074713
0.420213 0.747156 24.999314 3973.794286
0.440223 0.746171 25.000000 4005.148571
0.460233 0.746722 25.000000 4038.063584
0.480243 0.747717 25.000000 4067.299435
0.500254 0.746903 25.000000 4098.879310
0.520264 0.747142 25.000000 4123.181287
0.540274 0.746299 25.000000 4154.358382
0.560284 0.749214 25.000000 4174.302857
0.580294 0.746104 25.000000 4200.458824
0.600304 0.748312 25.000000 4225.191011
0.620314 0.745513 25.000000 4241.664773
0.640325 0.748001 25.000000 4266.750000
0.660335 0.747973 25.000000 4288.488506
0.680345 0.746708 25.000000 4303.164773
0.700355 0.746336 25.000000 4327.034682
0.720365 0.746481 25.000000 4350.755814
0.740375 0.746829 25.000000 4368.061111
0.760385 0.745366 25.000000 4396.693642
0.780396 0.746565 25.000000 4421.808140
0.800406 0.746327 25.000000 4447.369942
0.820416 0.744936 25.000000 4481.078212
0.840426 0.745057 25.000000 4509.364162
0.860436 0.746058 25.000000 4545.838150
0.880446 0.744888 25.000000 4578.101124
0.900456 0.746439 25.000000 4615.317919
0.920467 0.745468 25.000000 4649.594118
0.940477 0.743029 25.000000 4683.944444
0.960487 0.745123 25.000000 4720.341040
0.980497 0.742604 24.993864 4750.971591
1.000507 0.744501 24.995000 4786.147727
1.020517 0.744808 24.999769 4814.976879
1.040528 0.740765 25.000000 4847.802326
1.060538 0.741614 25.000000 4876.464865
1.080548 0.742013 25.000000 4908.729885
1.100558 0.741381 25.000000 4936.423529
1.120568 0.742652 25.001600 4965.994286
1.140578 0.739208 25.002938 4997.016949
1.160588 0.742855 25.000449 5027.404494
1.180599 0.742191 24.996941 5059.976471
1.200609 0.739022 24.997966 5091.926554
1.220619 0.740726 25.000000 5127.038889
1.240629 0.739956 25.000000 5163.388571
1.260639 0.741283 25.000000 5198.548571
1.280649 0.740418 25.000000 5236.348571
1.300659 0.737740 24.999091 5273.573864
1.320670 0.740079 24.996092 5312.143678
1.340680 0.738069 24.999111 5352.300000
1.360690 0.738907 25.000000 5392.098266
1.380700 0.737147 25.000000 5433.351955
1.400710 0.735141 25.000000 5474.959770
1.420720 0.736386 25.000000 5515.788889
1.440730 0.736440 25.000000 5557.195402
1.460741 0.735255 25.000000 5600.779006
1.480751 0.734386 25.000000 5642.817143
1.500761 0.732439 25.000000 5684.994318
1.520771 0.734424 25.000000 5728.333333
1.540781 0.731979 25.000000 5771.573034
1.560791 0.731386 25.000000 5816.755556
1.580801 0.730936 25.000000 5862.430233
1.600812 0.731323 25.000000 5909.508287
1.620822 0.730546 25.000000 5958.130682
1.640832 0.732092 25.000000 6007.388889
1.660842 0.726482 25.000000 6059.845304
1.680852 0.728784 25.000000 6113.313609
1.700862 0.729841 25.000000 6167.316940
1.720872 0.726784 25.000000 6223.468208
1.740883 0.728269 25.000000 6279.522222
1.760893 0.726014 25.000000 6338.227778
1.780903 0.727232 25.000000 6398.134831
1.800913 0.728038 25.000000 6459.211111
1.820923 0.724254 25.000000 6522.044693
1.840933 0.726216 25.000000 6586.439560
1.860943 0.724123 25.000000 6652.933702
1.880954 0.723966 25.000000 6719.178771
1.900964 0.722593 25.000000 6787.812155
1.920974 0.721789 25.000000 6858.197740
1.940984 0.721496 25.000000 6929.483146
1.960994 0.722455 25.000000 7001.906077
1.981004 0.717487 25.000000 7077.236264
2.001014 0.720204 25.000000 7154.532967
2.021025 0.717582 25.000000 7233.640884
2.041035 0.716960 25.000000 7313.122905
2.061045 0.717438 25.000000 7395.219780
2.081055 0.714055 25.000000 7478.972826
2.101065 0.716518 25.000000 7563.763736
2.121075 0.713433 25.000000 7648.613260
2.141085 0.712193 25.000000 7733.198895
2.161096 0.713749 25.000000 7820.445055
2.181106 0.708969 24.997838 7909.389189
2.201116 0.710572 24.997158 7996.617486
2.221126 0.710409 24.999560 8086.659341
2.241136 0.706682 24.999558 8175.016575
2.261146 0.709521 24.997068 8265.696335
2.281156 0.706205 24.998011 8358.215470
2.301167 0.707234 25.000000 8449.467391
2.321177 0.705885 25.000000 8539.340659
2.341187 0.703729 25.000000 8629.157609
2.361197 0.703742 25.000000 8721.105263
2.381207 0.703725 25.000000 8810.327778
2.401217 0.701662 25.000000 8898.032609
2.421227 0.704087 25.000000 8986.411765
2.441238 0.697052 25.000000 9073.936170
2.461248 0.700004 25.000000 9159.204301
2.481258 0.699175 25.000000 9244.804233
2.501268 0.693877 25.000215 9328.198925
2.521278 0.697493 25.003011 9409.129032
2.541288 0.692850 25.004021 9488.560847
2.561298 0.692526 25.003011 9567.204301
2.581309 0.693879 25.000432 9643.886486
2.601319 0.688776 25.000000 9720.025907
2.621329 0.691167 25.000000 9794.580645
2.641339 0.686771 25.000000 9866.050562
2.661349 0.681834 25.000000 9936.920904
2.681359 0.685135 25.000000 10005.908046
2.701369 0.681821 25.000000 10073.138889
2.721380 0.682286 25.000000 10138.598837
2.741390 0.683917 24.997978 10202.646067
2.761400 0.679894 24.996836 10265.559322
2.781410 0.681336 24.999543 10326.480000
2.801420 0.679075 25.000000 10387.100000
2.821430 0.680327 25.000000 10445.843931
2.841440 0.680001 25.000000 10503.534091
2.861451 0.675428 25.000000 10559.500000
2.881461 0.679223 25.000000 10614.436464
2.901471 0.676969 25.000000 10669.354286
2.921481 0.675305 25.000000 10723.364641
2.941491 0.678531 25.000000 10775.346821
2.961501 0.673725 25.000000 10827.000000
2.981511 0.675067 25.000000 10875.924419
3.001522 0.675736 25.000000 10925.239130
3.021532 0.672376 25.000000 10974.005650
3.041542 0.675966 25.000000 11019.930636
3.061552 0.673219 25.000000 11066.393443
3.081562 0.672879 25.000000 11111.073034
3.101572 0.676139 25.000000 11153.813953
3.121583 0.671398 25.000000 11198.412088
3.141593 0.517698 25.000000 11237.940711
3.161603 0.614641 25.000000 11280.900474
3.181613 0.628060 25.000000 11323.555556
3.201623 0.643801 25.000000 11362.545000
3.221633 0.645022 25.000000 11402.534314
3.241643 0.652278 25.000000 11442.125000
3.261654 0.654719 25.000000 11478.162437
3.281664 0.655231 25.000000 11516.397959
3.301674 0.659462 25.000000 11551.335000
3.321684 0.658153 25.000000 11586.680203
3.341694 0.659814 25.000000 11620.250000
3.361704 0.664930 25.000000 11652.030457
3.381714 0.658921 25.002010 11685.462312
3.401725 0.662131 25.002667 11714.676923
3.421735 0.665769 25.000406 11746.106599
3.441745 0.661308 25.000000 11773.964824
3.461755 0.667654 25.000000 11803.875648
3.481765 0.663799 24.994404 11830.932642
3.501775 0.666052 24.995282 11858.594872
3.521785 0.669201 25.000000 11888.890000
3.541796 0.664709 25.000000 11916.052910
3.561806 0.668314 25.000000 11948.623711
3.581816 0.667429 25.000000 11977.089552
3.601826 0.668093 25.000000 12012.095238
3.621836 0.671987 25.000000 12041.215385
3.641846 0.666489 25.000000 12077.111111
3.661856 0.670071 25.000000 12107.284974
3.681867 0.670328 25.000000 12143.434555
3.701877 0.668090 25.000000 12175.034483
3.721887 0.673415 25.000000 12211.108696
3.741897 0.669903 25.000000 12244.681373
3.761907 0.672466 25.000000 12280.767196
3.781917 0.675223 25.000000 12316.719577
3.801927 0.671076 25.000000 12352.133663
3.821938 0.675260 25.000000 12391.750000
3.841948 0.674674 25.000000 12425.803191
3.861958 0.675204 25.000000 12465.309645
3.881968 0.679273 24.999365 12501.417989
3.901978 0.675106 24.993503 12537.822335
3.921988 0.678096 24.996791 12575.021390
3.941998 0.679273 25.000000 12606.577320
3.962009 0.678929 25.000000 12642.952880
3.982019 0.680675 25.000000 12671.438144
4.002029 0.679233 25.000000 12704.844086
4.022039 0.681071 25.000000 12730.875648
4.042049 0.682859 25.000000 12760.593750
4.062059 0.682127 25.000000 12788.333333
4.082069 0.684621 25.000000 12812.595745
4.102080 0.683471 25.000000 12842.878307
4.122090 0.684190 25.000000 12864.552083
4.142100 0.688713 25.000000 12895.110526
4.162110 0.685569 25.000000 12920.197917
4.182120 0.689012 25.000000 12947.939227
4.202130 0.688974 25.000000 12977.723958
4.222140 0.689563 25.000000 13005.634409
4.242151 0.693183 25.000000 13039.338710
4.262161 0.690571 24.995625 13072.046875
4.282171 0.692945 24.995000 13107.516304
4.302181 0.695035 24.998723 13145.218085
4.322191 0.695261 25.000000 13183.560847
4.342201 0.695197 25.000000 13225.809524
4.362211 0.695411 25.000000 13269.115385
4.382222 0.696723 24.998325 13312.727749
4.402232 0.700170 24.996541 13360.545946
4.422242 0.698000 25.000000 13409.304813
4.442252 0.699985 25.003011 13456.145161
4.462262 0.700233 25.002186 13507.049180
4.482272 0.700669 25.000000 13557.590426
4.502282 0.705358 24.994565 13608.527174
4.522293 0.701886 24.994536 13662.551913
4.542303 0.705020 24.996825 13713.322751
4.562313 0.709240 24.993913 13768.233696
4.582323 0.706197 25.000663 13821.314917
4.602333 0.709502 24.998919 13872.567568
4.622343 0.709098 24.994130 13928.543478
4.642353 0.711141 24.999341 13981.483516
4.662364 0.713841 25.000000 14035.662983
4.682374 0.711674 25.000000 14091.513812
4.702384 0.715094 25.000000 14142.978022
4.722394 0.715794 25.000000 14200.394444
4.742404 0.715268 25.000000 14256.086486
4.762414 0.718799 25.000000 14313.445652
4.782424 0.716972 25.000000 14373.362069
4.802435 0.717911 25.000000 14429.231183
4.822445 0.720000 25.002011 14491.234637
4.842455 0.719795 25.006154 14553.758242
4.862465 0.722304 25.002889 14613.088889
4.882475 0.722004 25.000000 14679.270718
4.902485 0.722592 25.000000 14740.971751
4.922495 0.726363 25.000000 14806.312849
4.942506 0.724683 25.000000 14873.548571
4.962516 0.726965 25.000000 14936.118644
4.982526 0.727332 25.000000 15007.174863
5.002536 0.727371 25.000000 15076.944751
5.022546 0.731041 25.000000 15144.221591
5.042556 0.730103 25.000000 15217.420455
5.062567 0.728677 24.999337 15287.298343
5.082577 0.734644 24.996977 15361.168605
5.102587 0.731182 24.998054 15438.189189
5.122597 0.733026 25.000000 15510.309942
5.142607 0.734369 25.000000 15588.956522
5.162617 0.734285 25.000000 15666.638418
5.182627 0.736675 25.000000 15745.150000
5.202638 0.734899 25.000000 15824.792899
5.222648 0.737203 25.000000 15898.620112
5.242658 0.736418 25.000000 15979.830409
5.262668 0.738380 25.000000 16061.103825
5.282678 0.740540 25.000000 16138.403509
5.302688 0.738606 25.000000 16220.882022
5.322698 0.739617 25.000000 16297.076023
5.342709 0.742215 25.000000 9459.733333
5.362719 0.741048 25.000000 74.412429
5.382729 0.741452 25.000000 147.160714
5.402739 0.741504 25.000000 228.122222
5.422749 0.743318 25.000000 305.034483
5.442759 0.743062 25.000000 378.448864
5.462769 0.742774 25.000000 456.446328
5.482780 0.744282 25.000000 528.213873
5.502790 0.744046 25.000000 602.445714
5.522800 0.744602 25.000000 675.308140
5.542810 0.745192 25.000000 744.357955
5.562820 0.743049 25.000000 821.401130
5.582830 0.744539 25.000000 890.441176
5.602840 0.744891 25.000000 961.431818
5.622851 0.743979 25.000000 1036.258427
5.642861 0.745818 25.000000 1103.254335
5.662871 0.745431 24.997931 1176.701149
5.682881 0.744184 24.996725 1245.906433
5.702891 0.747415 24.999545 1312.602273
5.722901 0.746208 25.000000 1385.312849
5.742911 0.745046 25.000000 1449.549133
5.762922 0.747089 25.000000 1518.397727
5.782932 0.745443 25.000000 1585.053571
5.802942 0.749465 25.000000 1646.240223
5.822952 0.744736 25.000000 1712.432749
5.842962 0.747244 25.000000 1774.171429
5.862972 0.746238 25.002938 1836.457627
5.882982 0.747910 25.002743 1900.925714
5.902993 0.746842 25.000000 1957.726744
5.923003 0.746160 25.000000 2018.704142
5.943013 0.745334 25.000000 2078.707865
5.963023 0.747461 25.000000 2135.844828
5.983033 0.747951 25.000000 2196.219653
6.003043 0.745575 25.000000 2251.090395
6.023053 0.747099 25.000000 2309.794286
6.043064 0.746702 25.000000 2366.655172
6.063074 0.747619 25.000000 2418.456140
6.083084 0.746092 24.997978 2475.769663
6.103094 0.745432 24.997011 2529.005747
6.123104 0.745913 24.999298 2582.725146
6.143114 0.746017 25.000000 2637.878613
6.163124 0.747048 25.000000 2689.385057
6.183135 0.745242 25.000000 2744.693182
6.203145 0.744456 25.000000 2799.698324
6.223155 0.745309 25.000000 2850.982143
6.243165 0.745804 25.000000 2905.096591
6.263175 0.743884 25.000000 2957.662921
