serial number: JANUSZ_3_RI80_21414842
torque: 16
start_temp: 30 (34)
finish_temp: 30 (33)
note: zdjęty z robota, oś 1, po wymianie przekładni
0.000000 0.327078 30.000000 0.000000
0.020010 0.340499 30.000000 0.000000
0.040020 0.324538 30.000000 0.000000
0.060030 0.335211 30.000000 0.000000
0.080041 0.338735 30.000000 0.000000
0.100051 0.325300 30.000000 0.000000
0.120061 0.339927 30.000000 0.000000
0.140071 0.328941 30.000000 0.000000
0.160081 0.333409 30.000000 0.000000
0.180091 0.343363 30.000000 0.000000
0.200101 0.326063 30.000000 0.000000
0.220112 0.340041 30.000000 0.000000
0.240122 0.333232 30.000000 0.000000
0.260132 0.328862 30.000000 0.000000
0.280142 0.341185 30.000000 0.000000
0.300152 0.324100 30.000000 0.000000
0.320162 0.335712 30.000000 0.000000
0.340172 0.337493 30.000000 0.000000
0.360183 0.326160 30.000000 0.000000
0.380193 0.340256 30.000000 0.000000
0.400203 0.326599 30.000000 0.000000
0.420213 0.331929 30.000000 0.000000
0.440223 0.338844 30.000000 0.000000
0.460233 0.322727 30.000000 0.000000
0.480243 0.338650 30.000000 0.000000
0.500254 0.330707 30.000000 0.000000
0.520264 0.330277 30.000000 0.000000
0.540274 0.341085 30.000000 0.000000
0.560284 0.324429 30.000000 0.000000
0.580294 0.336936 30.000000 0.000000
0.600304 0.336332 30.000000 0.000000
0.620314 0.326562 30.000000 0.000000
0.640325 0.341047 30.000000 0.000000
0.660335 0.328124 30.000000 0.000000
0.680345 0.335710 30.000000 0.000000
0.700355 0.341302 30.000000 0.000000
0.720365 0.326473 30.000000 0.000000
0.740375 0.341663 30.000000 0.000000
0.760385 0.332095 30.000000 0.000000
0.780396 0.331870 30.000000 0.000000
0.800406 0.342024 30.000000 0.000000
0.820416 0.326815 30.000000 0.000000
0.840426 0.341470 30.000000 0.000000
0.860436 0.338510 30.000000 0.000000
0.880446 0.329921 30.000000 0.000000
0.900456 0.343102 30.000000 0.000000
0.920467 0.328362 30.000000 0.000000
0.940477 0.337469 30.000000 0.000000
0.960487 0.340897 30.000000 0.000000
0.980497 0.328252 30.000000 0.000000
1.000507 0.343769 30.000000 0.000000
1.020517 0.333002 30.000000 0.000000
1.040528 0.332793 30.000000 0.000000
1.060538 0.340475 30.000000 0.000000
1.080548 0.325836 30.000000 0.000000
1.100558 0.340137 30.000000 0.000000
1.120568 0.334970 30.000000 0.000000
1.140578 0.329488 30.000000 0.000000
1.160588 0.343318 30.000000 0.000000
1.180599 0.328801 30.000000 0.000000
1.200609 0.336843 30.000000 0.000000
1.220619 0.338237 30.000000 0.000000
1.240629 0.327417 30.000000 0.000000
1.260639 0.343754 30.000000 0.000000
1.280649 0.332107 30.000000 0.000000
1.300659 0.334243 30.000000 0.000000
1.320670 0.342645 30.000000 0.000000
1.340680 0.328237 30.000000 0.000000
1.360690 0.342592 30.000000 0.000000
1.380700 0.335530 30.000000 0.000000
1.400710 0.331624 30.000000 0.000000
1.420720 0.345529 30.000000 0.000000
1.440730 0.330416 30.000000 0.000000
1.460741 0.340341 30.000000 0.000000
1.480751 0.340701 30.000000 0.000000
1.500761 0.331269 30.000000 0.000000
1.520771 0.346491 30.000000 0.000000
1.540781 0.332977 30.000000 0.000000
1.560791 0.336695 30.000000 0.000000
1.580801 0.344491 30.000000 0.000000
1.600812 0.331504 30.000000 0.000000
1.620822 0.345410 30.000000 0.000000
1.640832 0.337306 30.000000 0.000000
1.660842 0.333715 30.000000 0.000000
1.680852 0.346058 30.000000 0.000000
1.700862 0.330246 30.000000 0.000000
1.720872 0.339366 30.000000 0.000000
1.740883 0.339201 30.000000 0.000000
1.760893 0.330818 30.000000 0.000000
1.780903 0.346156 30.000000 0.000000
1.800913 0.331784 30.000000 0.000000
1.820923 0.335538 30.000000 0.000000
1.840933 0.342653 30.000000 0.000000
1.860943 0.328520 30.000000 0.000000
1.880954 0.343002 30.000000 0.000000
1.900964 0.333510 30.000000 0.000000
1.920974 0.332337 30.000000 0.000000
1.940984 0.346122 30.000000 0.000000
1.960994 0.329196 30.000000 0.000000
1.981004 0.339236 30.000000 0.000000
2.001014 0.337577 30.000000 0.000000
2.021025 0.329920 30.000000 0.000000
2.041035 0.345820 30.000000 0.000000
2.061045 0.329720 30.000000 0.000000
2.081055 0.336029 30.000000 0.000000
2.101065 0.342009 30.000000 0.000000
2.121075 0.328708 30.000000 0.000000
2.141085 0.342513 30.000000 0.000000
2.161096 0.332483 30.000000 0.000000
2.181106 0.331711 30.000000 0.000000
2.201116 0.344269 30.000000 0.000000
2.221126 0.327236 30.000000 0.000000
2.241136 0.337134 30.000000 0.000000
2.261146 0.335798 30.000000 0.000000
2.281156 0.328961 30.000000 0.000000
2.301167 0.344486 30.000000 0.000000
2.321177 0.327285 30.000000 0.000000
2.341187 0.333410 30.000000 0.000000
2.361197 0.340109 30.000000 0.000000
2.381207 0.325972 30.000000 0.000000
2.401217 0.340124 30.000000 0.000000
2.421227 0.328714 30.000000 0.000000
2.441238 0.330067 30.000000 0.000000
2.461248 0.342362 30.000000 0.000000
2.481258 0.324151 30.000000 0.000000
2.501268 0.335348 30.000000 0.000000
2.521278 0.333224 30.000000 0.000000
2.541288 0.326367 30.000000 0.000000
2.561298 0.341141 30.000000 0.000000
2.581309 0.323483 30.000000 0.000000
2.601319 0.331971 30.000000 0.000000
2.621329 0.337392 30.000000 0.000000
2.641339 0.324141 30.000000 0.000000
2.661349 0.337230 30.000000 0.000000
2.681359 0.326351 30.000000 0.000000
2.701369 0.327465 30.000000 0.000000
2.721380 0.339518 30.000000 0.000000
2.741390 0.321987 30.000000 0.000000
2.761400 0.333225 30.000000 0.000000
2.781410 0.330153 30.000000 0.000000
2.801420 0.324344 30.000000 0.000000
2.821430 0.339182 30.000000 0.000000
2.841440 0.322414 30.000000 0.000000
2.861451 0.329974 30.000000 0.000000
2.881461 0.335536 30.000000 0.000000
2.901471 0.321752 30.000000 0.000000
2.921481 0.334692 30.000000 0.000000
2.941491 0.324213 30.000000 0.000000
2.961501 0.325771 30.000000 0.000000
2.981511 0.337325 30.000000 0.000000
3.001522 0.318586 30.000000 0.000000
3.021532 0.330952 30.000000 0.000000
3.041542 0.328009 30.000000 0.000000
3.061552 0.322442 30.000000 0.000000
3.081562 0.335361 30.000000 0.000000
3.101572 0.318371 30.000000 0.000000
3.121583 0.327437 30.000000 0.000000
3.141593 0.332428 30.000000 0.000000
3.161603 0.318868 30.000000 0.000000
3.181613 0.331702 30.000000 0.000000
3.201623 0.321148 30.000000 0.000000
3.221633 0.323917 30.000000 0.000000
3.241643 0.333770 30.000000 0.000000
3.261654 0.315744 30.000000 0.000000
3.281664 0.328724 30.000000 0.000000
3.301674 0.325871 30.000000 0.000000
3.321684 0.318381 30.000000 0.000000
3.341694 0.330595 30.000000 0.000000
3.361704 0.313626 30.000000 0.000000
3.381714 0.322756 30.000000 0.000000
3.401725 0.326800 30.000000 0.000000
3.421735 0.312197 30.000000 0.000000
3.441745 0.325470 30.000000 0.000000
3.461755 0.314686 30.000000 0.000000
3.481765 0.316200 30.000000 0.000000
3.501775 0.325474 30.000000 0.000000
3.521785 0.308176 30.000000 0.000000
3.541796 0.323176 30.000000 0.000000
3.561806 0.318961 30.000000 0.000000
3.581816 0.313842 30.000000 0.000000
3.601826 0.326542 30.000000 0.000000
3.621836 0.312466 30.000000 0.000000
3.641846 0.322321 30.000000 0.000000
3.661856 0.325502 30.000000 0.000000
3.681867 0.312581 30.000000 0.000000
3.701877 0.327371 30.000000 0.000000
3.721887 0.317628 30.000000 0.000000
3.741897 0.319787 30.000000 0.000000
3.761907 0.327526 30.000000 0.000000
3.781917 0.311785 30.000000 0.000000
3.801927 0.325751 30.000000 0.000000
3.821938 0.321838 30.000000 0.000000
3.841948 0.315964 30.000000 0.000000
3.861958 0.327145 30.000000 0.000000
3.881968 0.312752 30.000000 0.000000
3.901978 0.322438 30.000000 0.000000
3.921988 0.323809 30.000000 0.000000
3.941998 0.312163 30.000000 0.000000
3.962009 0.327207 30.000000 0.000000
3.982019 0.315888 30.000000 0.000000
4.002029 0.318777 30.000000 0.000000
4.022039 0.325480 30.000000 0.000000
4.042049 0.310619 30.000000 0.000000
4.062059 0.325459 30.000000 0.000000
4.082069 0.319591 30.000000 0.000000
4.102080 0.314591 30.000000 0.000000
4.122090 0.325908 30.000000 0.000000
4.142100 0.312227 30.000000 0.000000
4.162110 0.321993 30.000000 0.000000
4.182120 0.322158 30.000000 0.000000
4.202130 0.312708 30.000000 0.000000
4.222140 0.327198 30.000000 0.000000
4.242151 0.316635 30.000000 0.000000
4.262161 0.318683 30.000000 0.000000
4.282171 0.324791 30.000000 0.000000
4.302181 0.312251 30.000000 0.000000
4.322191 0.326407 30.000000 0.000000
4.342201 0.320208 30.000000 0.000000
4.362211 0.316113 30.000000 0.000000
4.382222 0.328269 30.000000 0.000000
4.402232 0.314926 30.000000 0.000000
4.422242 0.324091 30.000000 0.000000
4.442252 0.323921 30.000000 0.000000
4.462262 0.314437 30.000000 0.000000
4.482272 0.329699 30.000000 0.000000
4.502282 0.317893 30.000000 0.000000
4.522293 0.319859 30.000000 0.000000
4.542303 0.325695 30.000000 0.000000
4.562313 0.313048 30.000000 0.000000
4.582323 0.327530 30.000000 0.000000
4.602333 0.319622 30.000000 0.000000
4.622343 0.317330 30.000000 0.000000
4.642353 0.329233 30.000000 0.000000
4.662364 0.315980 30.000000 0.000000
4.682374 0.324418 30.000000 0.000000
4.702384 0.322727 30.000000 0.000000
4.722394 0.315517 30.000000 0.000000
4.742404 0.330775 30.000000 0.000000
4.762414 0.318249 30.000000 0.000000
4.782424 0.322002 30.000000 0.000000
4.802435 0.329061 30.000000 0.000000
4.822445 0.316976 30.000000 0.000000
4.842455 0.329722 30.000000 0.000000
4.862465 0.321277 30.000000 0.000000
4.882475 0.319787 30.000000 0.000000
4.902485 0.333171 30.000000 0.000000
4.922495 0.318565 30.000000 0.000000
4.942506 0.326595 30.000000 0.000000
4.962516 0.325867 30.000000 0.000000
4.982526 0.318471 30.000000 0.000000
5.002536 0.333798 30.000000 0.000000
5.022546 0.319250 30.000000 0.000000
5.042556 0.323667 30.000000 0.000000
5.062567 0.331235 30.000000 0.000000
5.082577 0.319042 30.000000 0.000000
5.102587 0.332168 30.000000 0.000000
5.122597 0.322573 30.000000 0.000000
5.142607 0.321880 30.000000 0.000000
5.162617 0.334010 30.000000 0.000000
5.182627 0.318983 30.000000 0.000000
5.202638 0.328006 30.000000 0.000000
5.222648 0.326974 30.000000 0.000000
5.242658 0.320413 30.000000 0.000000
5.262668 0.335705 30.000000 0.000000
5.282678 0.320648 30.000000 0.000000
5.302688 0.326507 30.000000 0.000000
5.322698 0.332398 30.000000 0.000000
5.342709 0.319915 30.000000 0.000000
5.362719 0.332842 30.000000 0.000000
5.382729 0.323434 30.000000 0.000000
5.402739 0.324063 30.000000 0.000000
5.422749 0.336705 30.000000 0.000000
5.442759 0.319763 30.000000 0.000000
5.462769 0.329554 30.000000 0.000000
5.482780 0.327984 30.000000 0.000000
5.502790 0.320931 30.000000 0.000000
5.522800 0.337291 30.000000 0.000000
5.542810 0.320602 30.000000 0.000000
5.562820 0.328738 30.000000 0.000000
5.582830 0.334625 30.000000 0.000000
5.602840 0.321919 30.000000 0.000000
5.622851 0.335091 30.000000 0.000000
5.642861 0.324023 30.000000 0.000000
5.662871 0.326401 30.000000 0.000000
5.682881 0.339182 30.000000 0.000000
5.702891 0.322136 30.000000 0.000000
5.722901 0.333021 30.000000 0.000000
5.742911 0.330297 30.000000 0.000000
5.762922 0.324314 30.000000 0.000000
5.782932 0.337945 30.000000 0.000000
5.802942 0.321269 30.000000 0.000000
5.822952 0.330149 30.000000 0.000000
5.842962 0.336346 30.000000 0.000000
5.862972 0.323481 30.000000 0.000000
5.882982 0.337060 30.000000 0.000000
5.902993 0.325998 30.000000 0.000000
5.923003 0.327998 30.000000 0.000000
5.943013 0.339955 30.000000 0.000000
5.963023 0.321299 30.000000 0.000000
5.983033 0.334579 30.000000 0.000000
6.003043 0.331510 30.000000 0.000000
6.023053 0.326036 30.000000 0.000000
6.043064 0.340415 30.000000 0.000000
6.063074 0.322918 30.000000 0.000000
6.083084 0.332830 30.000000 0.000000
6.103094 0.337259 30.000000 0.000000
6.123104 0.324013 30.000000 0.000000
6.143114 0.338056 30.000000 0.000000
6.163124 0.326350 30.000000 0.000000
6.183135 0.330182 30.000000 0.000000
6.203145 0.340913 30.000000 0.000000
6.223155 0.322607 30.000000 0.000000
6.243165 0.336205 30.000000 0.000000
6.263175 0.331553 30.000000 0.000000
