serial number: JANUSZ_3_RI80_21414842
torque: 16
start_temp: 30 (33)
finish_temp: 30 (33)
note: joint J3, pcb 3_4
0.000000 0.445099 30.000000 0.000000
0.020010 0.453770 30.000000 0.000000
0.040020 0.446898 30.000000 0.000000
0.060030 0.447328 30.000000 0.000000
0.080041 0.452048 30.000000 0.000000
0.100051 0.443372 30.000000 0.000000
0.120061 0.450752 30.000000 0.000000
0.140071 0.447282 30.000000 0.000000
0.160081 0.443733 30.000000 0.000000
0.180091 0.451355 30.000000 0.000000
0.200101 0.441600 30.000000 0.000000
0.220112 0.446367 30.000000 0.000000
0.240122 0.446426 30.000000 0.000000
0.260132 0.439779 30.000000 0.000000
0.280142 0.447963 30.000000 0.000000
0.300152 0.439976 30.000000 0.000000
0.320162 0.440781 30.000000 0.000000
0.340172 0.444950 30.000000 0.000000
0.360183 0.436122 30.000000 0.000000
0.380193 0.443329 30.000000 0.000000
0.400203 0.438971 30.000000 0.000000
0.420213 0.436402 30.000000 0.000000
0.440223 0.443277 30.000000 0.000000
0.460233 0.434149 30.000000 0.000000
0.480243 0.438406 30.000000 0.000000
0.500254 0.438118 30.000000 0.000000
0.520264 0.432342 30.000000 0.000000
0.540274 0.440764 30.000000 0.000000
0.560284 0.432867 30.000000 0.000000
0.580294 0.434343 30.000000 0.000000
0.600304 0.439027 30.000000 0.000000
0.620314 0.430934 30.000000 0.000000
0.640325 0.439162 30.000000 0.000000
0.660335 0.434287 30.000000 0.000000
0.680345 0.432894 30.000000 0.000000
0.700355 0.440212 30.000000 0.000000
0.720365 0.431413 30.000000 0.000000
0.740375 0.437161 30.000000 0.000000
0.760385 0.437064 30.000000 0.000000
0.780396 0.432234 30.000000 0.000000
0.800406 0.441209 30.000000 0.000000
0.820416 0.433197 30.000000 0.000000
0.840426 0.435178 30.000000 0.000000
0.860436 0.439050 30.000000 0.000000
0.880446 0.430764 30.000000 0.000000
0.900456 0.438644 30.000000 0.000000
0.920467 0.433613 30.000000 0.000000
0.940477 0.431701 30.000000 0.000000
0.960487 0.438255 30.000000 0.000000
0.980497 0.429518 30.000000 0.000000
1.000507 0.434778 30.000000 0.000000
1.020517 0.434611 30.000000 0.000000
1.040528 0.428936 30.000000 0.000000
1.060538 0.437658 30.000000 0.000000
1.080548 0.428838 30.000000 0.000000
1.100558 0.431541 30.000000 0.000000
1.120568 0.434557 30.000000 0.000000
1.140578 0.427202 30.000000 0.000000
1.160588 0.434868 30.000000 0.000000
1.180599 0.429206 30.000000 0.000000
1.200609 0.428143 30.000000 0.000000
1.220619 0.434965 30.000000 0.000000
1.240629 0.425968 30.000000 0.000000
1.260639 0.431920 30.000000 0.000000
1.280649 0.430376 30.000000 0.000000
1.300659 0.426297 30.000000 0.000000
1.320670 0.434921 30.000000 0.000000
1.340680 0.426689 30.000000 0.000000
1.360690 0.429879 30.000000 0.000000
1.380700 0.432976 30.000000 0.000000
1.400710 0.425684 30.000000 0.000000
1.420720 0.433912 30.000000 0.000000
1.440730 0.428353 30.000000 0.000000
1.460741 0.427853 30.000000 0.000000
1.480751 0.434648 30.000000 0.000000
1.500761 0.425839 30.000000 0.000000
1.520771 0.431934 30.000000 0.000000
1.540781 0.430566 30.000000 0.000000
1.560791 0.426539 30.000000 0.000000
1.580801 0.434608 30.000000 0.000000
1.600812 0.426429 30.000000 0.000000
1.620822 0.429122 30.000000 0.000000
1.640832 0.431792 30.000000 0.000000
1.660842 0.423806 30.000000 0.000000
1.680852 0.431865 30.000000 0.000000
1.700862 0.425562 30.000000 0.000000
1.720872 0.424632 30.000000 0.000000
1.740883 0.430881 30.000000 0.000000
1.760893 0.422010 30.000000 0.000000
1.780903 0.427873 30.000000 0.000000
1.800913 0.426220 30.000000 0.000000
1.820923 0.421966 30.000000 0.000000
1.840933 0.430137 30.000000 0.000000
1.860943 0.421621 30.000000 0.000000
1.880954 0.424687 30.000000 0.000000
1.900964 0.427700 30.000000 0.000000
1.920974 0.420573 30.000000 0.000000
1.940984 0.428474 30.000000 0.000000
1.960994 0.422781 30.000000 0.000000
1.981004 0.422709 30.000000 0.000000
2.001014 0.429621 30.000000 0.000000
2.021025 0.420662 30.000000 0.000000
2.041035 0.426842 30.000000 0.000000
2.061045 0.425005 30.000000 0.000000
2.081055 0.421014 30.000000 0.000000
2.101065 0.429058 30.000000 0.000000
2.121075 0.420895 30.000000 0.000000
2.141085 0.424425 30.000000 0.000000
2.161096 0.427751 30.000000 0.000000
2.181106 0.420747 30.000000 0.000000
2.201116 0.429452 30.000000 0.000000
2.221126 0.423796 30.000000 0.000000
2.241136 0.424065 30.000000 0.000000
2.261146 0.430221 30.000000 0.000000
2.281156 0.421593 30.000000 0.000000
2.301167 0.428512 30.000000 0.000000
2.321177 0.426440 30.000000 0.000000
2.341187 0.423396 30.000000 0.000000
2.361197 0.431448 30.000000 0.000000
2.381207 0.423488 30.000000 0.000000
2.401217 0.427376 30.000000 0.000000
2.421227 0.429153 30.000000 0.000000
2.441238 0.422383 30.000000 0.000000
2.461248 0.430474 30.000000 0.000000
2.481258 0.424610 30.000000 0.000000
2.501268 0.424528 30.000000 0.000000
2.521278 0.430543 30.000000 0.000000
2.541288 0.421884 30.000000 0.000000
2.561298 0.428841 30.000000 0.000000
2.581309 0.426689 30.000000 0.000000
2.601319 0.422821 30.000000 0.000000
2.621329 0.430996 30.000000 0.000000
2.641339 0.422655 30.000000 0.000000
2.661349 0.426689 30.000000 0.000000
2.681359 0.429567 30.000000 0.000000
2.701369 0.422999 30.000000 0.000000
2.721380 0.431293 30.000000 0.000000
2.741390 0.425896 30.000000 0.000000
2.761400 0.425744 30.000000 0.000000
2.781410 0.431957 30.000000 0.000000
2.801420 0.423395 30.000000 0.000000
2.821430 0.430551 30.000000 0.000000
2.841440 0.429082 30.000000 0.000000
2.861451 0.425566 30.000000 0.000000
2.881461 0.433807 30.000000 0.000000
2.901471 0.425860 30.000000 0.000000
2.921481 0.430244 30.000000 0.000000
2.941491 0.433046 30.000000 0.000000
2.961501 0.427048 30.000000 0.000000
2.981511 0.435651 30.000000 0.000000
3.001522 0.430594 30.000000 0.000000
3.021532 0.431344 30.000000 0.000000
3.041542 0.438204 30.000000 0.000000
3.061552 0.430110 30.000000 0.000000
3.081562 0.437797 30.000000 0.000000
3.101572 0.436718 30.000000 0.000000
3.121583 0.433608 30.000000 0.000000
3.141593 0.442437 30.000000 0.000000
3.161603 0.435479 30.000000 0.000000
3.181613 0.439557 30.000000 0.000000
3.201623 0.442078 30.000000 0.000000
3.221633 0.436121 30.000000 0.000000
3.241643 0.445700 30.000000 0.000000
3.261654 0.440166 30.000000 0.000000
3.281664 0.440517 30.000000 0.000000
3.301674 0.446061 30.000000 0.000000
3.321684 0.438077 30.000000 0.000000
3.341694 0.445573 30.000000 0.000000
3.361704 0.443228 30.000000 0.000000
3.381714 0.440356 30.000000 0.000000
3.401725 0.448362 30.000000 0.000000
3.421735 0.440338 30.000000 0.000000
3.441745 0.444708 30.000000 0.000000
3.461755 0.446674 30.000000 0.000000
3.481765 0.440246 30.000000 0.000000
3.501775 0.448886 30.000000 0.000000
3.521785 0.442865 30.000000 0.000000
3.541796 0.442859 30.000000 0.000000
3.561806 0.448590 30.000000 0.000000
3.581816 0.440309 30.000000 0.000000
3.601826 0.447925 30.000000 0.000000
3.621836 0.445228 30.000000 0.000000
3.641846 0.442542 30.000000 0.000000
3.661856 0.451044 30.000000 0.000000
3.681867 0.442795 30.000000 0.000000
3.701877 0.447646 30.000000 0.000000
3.721887 0.449249 30.000000 0.000000
3.741897 0.443331 30.000000 0.000000
3.761907 0.452961 30.000000 0.000000
3.781917 0.446073 30.000000 0.000000
3.801927 0.447550 30.000000 0.000000
3.821938 0.453436 30.000000 0.000000
3.841948 0.445407 30.000000 0.000000
3.861958 0.453056 30.000000 0.000000
3.881968 0.449888 30.000000 0.000000
3.901978 0.447737 30.000000 0.000000
3.921988 0.456033 30.000000 0.000000
3.941998 0.447612 30.000000 0.000000
3.962009 0.452636 30.000000 0.000000
3.982019 0.453415 30.000000 0.000000
4.002029 0.448011 30.000000 0.000000
4.022039 0.457477 30.000000 0.000000
4.042049 0.449790 30.000000 0.000000
4.062059 0.451514 30.000000 0.000000
4.082069 0.455978 30.000000 0.000000
4.102080 0.447426 30.000000 0.000000
4.122090 0.455491 30.000000 0.000000
4.142100 0.450652 30.000000 0.000000
4.162110 0.448813 30.000000 0.000000
4.182120 0.456013 30.000000 0.000000
4.202130 0.446647 30.000000 0.000000
4.222140 0.452256 30.000000 0.000000
4.242151 0.451970 30.000000 0.000000
4.262161 0.446656 30.000000 0.000000
4.282171 0.455359 30.000000 0.000000
4.302181 0.446917 30.000000 0.000000
4.322191 0.449524 30.000000 0.000000
4.342201 0.453216 30.000000 0.000000
4.362211 0.445250 30.000000 0.000000
4.382222 0.453685 30.000000 0.000000
4.402232 0.448147 30.000000 0.000000
4.422242 0.447451 30.000000 0.000000
4.442252 0.454489 30.000000 0.000000
4.462262 0.445446 30.000000 0.000000
4.482272 0.452132 30.000000 0.000000
4.502282 0.450412 30.000000 0.000000
4.522293 0.446474 30.000000 0.000000
4.542303 0.455434 30.000000 0.000000
4.562313 0.446835 30.000000 0.000000
4.582323 0.450202 30.000000 0.000000
4.602333 0.453390 30.000000 0.000000
4.622343 0.446026 30.000000 0.000000
4.642353 0.454445 30.000000 0.000000
4.662364 0.448457 30.000000 0.000000
4.682374 0.449147 30.000000 0.000000
4.702384 0.455747 30.000000 0.000000
4.722394 0.446450 30.000000 0.000000
4.742404 0.453454 30.000000 0.000000
4.762414 0.451095 30.000000 0.000000
4.782424 0.447692 30.000000 0.000000
4.802435 0.456128 30.000000 0.000000
4.822445 0.447227 30.000000 0.000000
4.842455 0.363409 30.000000 0.000000
4.862465 0.380445 30.000000 0.000000
4.882475 0.409091 30.000000 0.000000
4.902485 0.431599 30.000000 0.000000
4.922495 0.430046 30.000000 0.000000
4.942506 0.435234 30.000000 0.000000
4.962516 0.444095 30.000000 0.000000
4.982526 0.436904 30.000000 0.000000
5.002536 0.446326 30.000000 0.000000
5.022546 0.443636 30.000000 0.000000
5.042556 0.442581 30.000000 0.000000
5.062567 0.451565 30.000000 0.000000
5.082577 0.442614 30.000000 0.000000
5.102587 0.448560 30.000000 0.000000
5.122597 0.449028 30.000000 0.000000
5.142607 0.444169 30.000000 0.000000
5.162617 0.453534 30.000000 0.000000
5.182627 0.446180 30.000000 0.000000
5.202638 0.448306 30.000000 0.000000
5.222648 0.453132 30.000000 0.000000
5.242658 0.444617 30.000000 0.000000
5.262668 0.453130 30.000000 0.000000
5.282678 0.448519 30.000000 0.000000
5.302688 0.447595 30.000000 0.000000
5.322698 0.455166 30.000000 0.000000
5.342709 0.446583 30.000000 0.000000
5.362719 0.452595 30.000000 0.000000
5.382729 0.453073 30.000000 0.000000
5.402739 0.447860 30.000000 0.000000
5.422749 0.456813 30.000000 0.000000
5.442759 0.449115 30.000000 0.000000
5.462769 0.452070 30.000000 0.000000
5.482780 0.456199 30.000000 0.000000
5.502790 0.447989 30.000000 0.000000
5.522800 0.456617 30.000000 0.000000
5.542810 0.451470 30.000000 0.000000
5.562820 0.450610 30.000000 0.000000
5.582830 0.457698 30.000000 0.000000
5.602840 0.449130 30.000000 0.000000
5.622851 0.455592 30.000000 0.000000
5.642861 0.454613 30.000000 0.000000
5.662871 0.450173 30.000000 0.000000
5.682881 0.458835 30.000000 0.000000
5.702891 0.450589 30.000000 0.000000
5.722901 0.453750 30.000000 0.000000
5.742911 0.456754 30.000000 0.000000
5.762922 0.448786 30.000000 0.000000
5.782932 0.457278 30.000000 0.000000
5.802942 0.451619 30.000000 0.000000
5.822952 0.450997 30.000000 0.000000
5.842962 0.457551 30.000000 0.000000
5.862972 0.448182 30.000000 0.000000
5.882982 0.454883 30.000000 0.000000
5.902993 0.452577 30.000000 0.000000
5.923003 0.448676 30.000000 0.000000
5.943013 0.457260 30.000000 0.000000
5.963023 0.448670 30.000000 0.000000
5.983033 0.452140 30.000000 0.000000
6.003043 0.454464 30.000000 0.000000
6.023053 0.447297 30.000000 0.000000
6.043064 0.455928 30.000000 0.000000
6.063074 0.449210 30.000000 0.000000
6.083084 0.449102 30.000000 0.000000
6.103094 0.454967 30.000000 0.000000
6.123104 0.445828 30.000000 0.000000
6.143114 0.453316 30.000000 0.000000
6.163124 0.450694 30.000000 0.000000
6.183135 0.447063 30.000000 0.000000
6.203145 0.455257 30.000000 0.000000
6.223155 0.446273 30.000000 0.000000
6.243165 0.450468 30.000000 0.000000
6.263175 0.451726 30.000000 0.000000
