serial number: RI70_21111530
torque: 8
start_temp: 20 (20)
finish_temp: 20 (21)
note: montaz tylko z przymiarem
0.000000 0.453892 19.977955 0.000000
0.020010 0.453780 19.972955 0.000000
0.040020 0.452784 19.966742 0.000000
0.060030 0.454501 19.970115 0.000000
0.080041 0.454278 19.965714 0.000000
0.100051 0.454532 19.964746 0.000000
0.120061 0.455151 19.978079 0.000000
0.140071 0.453576 19.973184 0.000000
0.160081 0.454480 19.976568 0.000000
0.180091 0.454544 19.991868 0.000000
0.200101 0.455412 19.970227 0.000000
0.220112 0.455386 19.970345 0.000000
0.240122 0.453411 19.969890 0.000000
0.260132 0.454450 19.953216 0.000000
0.280142 0.454931 19.962444 0.000000
0.300152 0.454081 19.956279 0.000000
0.320162 0.455457 19.949379 0.000000
0.340172 0.455103 19.971011 0.000000
0.360183 0.455595 19.972874 0.000000
0.380193 0.455708 19.973943 0.000000
0.400203 0.453162 19.977877 0.000000
0.420213 0.454754 19.971136 0.000000
0.440223 0.454125 19.969425 0.000000
0.460233 0.454910 19.971461 0.000000
0.480243 0.454818 19.973864 0.000000
0.500254 0.453357 19.979767 0.000000
0.520264 0.453767 19.979556 0.000000
0.540274 0.454842 19.985922 0.000000
0.560284 0.453049 19.966818 0.000000
0.580294 0.454623 19.984598 0.000000
0.600304 0.452786 19.987345 0.000000
0.620314 0.452844 19.988864 0.000000
0.640325 0.453790 19.965424 0.000000
0.660335 0.451335 19.983051 0.000000
0.680345 0.453292 19.976000 0.000000
0.700355 0.453569 19.974011 0.000000
0.720365 0.453816 19.964916 0.000000
0.740375 0.454357 19.964520 0.000000
0.760385 0.452513 19.962312 0.000000
0.780396 0.454327 19.958870 0.000000
0.800406 0.454810 19.959551 0.000000
0.820416 0.453603 19.978035 0.000000
0.840426 0.455560 19.963128 0.000000
0.860436 0.454446 19.973488 0.000000
0.880446 0.454504 19.987797 0.000000
0.900456 0.455878 19.981657 0.000000
0.920467 0.453767 19.974713 0.000000
0.940477 0.455828 19.961387 0.000000
0.960487 0.456323 19.952500 0.000000
0.980497 0.455142 19.958192 0.000000
1.000507 0.455271 19.979209 0.000000
1.020517 0.453341 19.971073 0.000000
1.040528 0.454135 19.966437 0.000000
1.060538 0.455517 19.954350 0.000000
1.080548 0.452863 19.960925 0.000000
1.100558 0.455069 19.980440 0.000000
1.120568 0.454255 19.972655 0.000000
1.140578 0.454658 19.966705 0.000000
1.160588 0.456529 19.964800 0.000000
1.180599 0.453542 19.975141 0.000000
1.200609 0.453751 19.985618 0.000000
1.220619 0.454044 19.973801 0.000000
1.240629 0.452641 19.963799 0.000000
1.260639 0.453922 19.974078 0.000000
1.280649 0.452769 19.968914 0.000000
1.300659 0.452395 19.975593 0.000000
1.320670 0.454155 19.949827 0.000000
1.340680 0.451615 19.970166 0.000000
1.360690 0.452883 19.973409 0.000000
1.380700 0.452290 19.962500 0.000000
1.400710 0.451682 19.970279 0.000000
1.420720 0.454232 19.978876 0.000000
1.440730 0.450429 19.987907 0.000000
1.460741 0.451603 19.960442 0.000000
1.480751 0.453485 19.993446 0.000000
1.500761 0.450574 19.971011 0.000000
1.520771 0.452808 19.973864 0.000000
1.540781 0.450940 19.982727 0.000000
1.560791 0.451800 19.975281 0.000000
1.580801 0.452917 19.987191 0.000000
1.600812 0.451663 19.992090 0.000000
1.620822 0.452625 19.993295 0.000000
1.640832 0.451195 19.980559 0.000000
1.660842 0.451020 19.963575 0.000000
1.680852 0.453990 19.976723 0.000000
1.700862 0.450889 19.967314 0.000000
1.720872 0.451711 19.985934 0.000000
1.740883 0.453550 19.986514 0.000000
1.760893 0.450956 19.966897 0.000000
1.780903 0.451683 19.973631 0.000000
1.800913 0.450082 19.974667 0.000000
1.820923 0.450010 19.967232 0.000000
1.840933 0.453004 19.981609 0.000000
1.860943 0.450012 19.973846 0.000000
1.880954 0.451537 19.986743 0.000000
1.900964 0.450919 19.966742 0.000000
1.920974 0.449351 19.971364 0.000000
1.940984 0.452051 19.977207 0.000000
1.960994 0.448398 19.973923 0.000000
1.981004 0.448179 19.960231 0.000000
2.001014 0.449665 19.961758 0.000000
2.021025 0.447646 19.980465 0.000000
2.041035 0.448120 19.982609 0.000000
2.061045 0.447631 19.990960 0.000000
2.081055 0.446673 19.982000 0.000000
2.101065 0.448968 19.972961 0.000000
2.121075 0.445180 19.968352 0.000000
2.141085 0.445122 19.984407 0.000000
2.161096 0.445366 19.980324 0.000000
2.181106 0.443909 19.973333 0.000000
2.201116 0.447216 19.973034 0.000000
2.221126 0.443723 19.992994 0.000000
2.241136 0.440030 19.978734 0.000000
2.261146 0.442237 19.972830 0.000000
2.281156 0.440614 19.950250 0.000000
2.301167 0.441260 19.973750 0.000000
2.321177 0.441578 19.973775 0.000000
2.341187 0.439443 19.979756 0.000000
2.361197 0.442232 19.992201 0.000000
2.381207 0.439497 19.970932 0.000000
2.401217 0.438440 19.969750 0.000000
2.421227 0.440099 19.973503 0.000000
2.441238 0.438522 19.967898 0.000000
2.461248 0.439699 19.969383 0.000000
2.481258 0.437986 19.979874 0.000000
2.501268 0.436056 19.988395 0.000000
2.521278 0.437995 19.978500 0.000000
2.541288 0.436573 19.990864 0.000000
2.561298 0.436844 19.987355 0.000000
2.581309 0.436773 19.987730 0.000000
2.601319 0.434607 19.985839 0.000000
2.621329 0.436843 19.984348 0.000000
2.641339 0.436147 19.975128 0.000000
2.661349 0.433622 19.972048 0.000000
2.681359 0.435490 19.964720 0.000000
2.701369 0.433668 19.981595 0.000000
2.721380 0.433902 19.957750 0.000000
2.741390 0.432947 19.987901 0.000000
2.761400 0.429805 19.987750 0.000000
2.781410 0.432040 19.980870 0.000000
2.801420 0.431052 19.972289 0.000000
2.821430 0.430196 19.974634 0.000000
2.841440 0.430685 19.974177 0.000000
2.861451 0.426744 19.967619 0.000000
2.881461 0.428356 19.975849 0.000000
2.901471 0.427637 19.993772 0.000000
2.921481 0.424149 19.969441 0.000000
2.941491 0.426795 19.973018 0.000000
2.961501 0.424850 19.979877 0.000000
2.981511 0.424366 19.979535 0.000000
3.001522 0.425874 19.975597 0.000000
3.021532 0.422470 19.971636 0.000000
3.041542 0.424593 19.963333 0.000000
3.061552 0.423754 19.984294 0.000000
3.081562 0.422003 19.981687 0.000000
3.101572 0.423616 19.967805 0.000000
3.121583 0.420032 19.977647 0.000000
3.141593 0.318928 19.930407 0.000000
3.161603 0.388566 19.913269 0.000000
3.181613 0.397855 19.928934 0.000000
3.201623 0.407798 19.943838 0.000000
3.221633 0.408363 19.946458 0.000000
3.241643 0.410886 19.929600 0.000000
3.261654 0.415460 19.941875 0.000000
3.281664 0.412560 19.961224 0.000000
3.301674 0.415727 19.960635 0.000000
3.321684 0.415645 19.959583 0.000000
3.341694 0.414100 19.951915 0.000000
3.361704 0.416713 19.954404 0.000000
3.381714 0.414153 19.960205 0.000000
3.401725 0.415779 19.963542 0.000000
3.421735 0.416938 19.956021 0.000000
3.441745 0.411862 19.985436 0.000000
3.461755 0.414820 19.973265 0.000000
3.481765 0.412755 19.969026 0.000000
3.501775 0.412499 19.975000 0.000000
3.521785 0.415680 19.935102 0.000000
3.541796 0.410241 19.946737 0.000000
3.561806 0.412780 19.969026 0.000000
3.581816 0.412754 19.976410 0.000000
3.601826 0.411115 19.962667 0.000000
3.621836 0.414837 19.927749 0.000000
3.641846 0.411530 19.937868 0.000000
3.661856 0.412080 19.958980 0.000000
3.681867 0.413453 19.958737 0.000000
3.701877 0.409692 19.952410 0.000000
3.721887 0.412769 19.988513 0.000000
3.741897 0.411579 19.954845 0.000000
3.761907 0.410599 19.951546 0.000000
3.781917 0.414917 19.966218 0.000000
3.801927 0.409036 19.947273 0.000000
3.821938 0.412498 19.916859 0.000000
3.841948 0.413034 19.956735 0.000000
3.861958 0.410565 19.954315 0.000000
3.881968 0.413248 19.962316 0.000000
3.901978 0.409560 19.959388 0.000000
3.921988 0.410125 19.954845 0.000000
3.941998 0.412263 19.957563 0.000000
3.962009 0.408551 19.942083 0.000000
3.982019 0.412027 19.959167 0.000000
4.002029 0.410756 19.957172 0.000000
4.022039 0.410062 19.958980 0.000000
4.042049 0.414320 19.953575 0.000000
4.062059 0.409087 19.952284 0.000000
4.082069 0.411872 19.953089 0.000000
4.102080 0.412716 19.951340 0.000000
4.122090 0.409849 19.958974 0.000000
4.142100 0.412497 19.970667 0.000000
4.162110 0.409114 19.966875 0.000000
4.182120 0.410607 19.954627 0.000000
4.202130 0.413451 19.948272 0.000000
4.222140 0.410119 19.958376 0.000000
4.242151 0.412476 19.952632 0.000000
4.262161 0.411455 19.948426 0.000000
4.282171 0.410017 19.966392 0.000000
4.302181 0.413728 19.919794 0.000000
4.322191 0.409707 19.918144 0.000000
4.342201 0.411817 19.965455 0.000000
4.362211 0.413678 19.960206 0.000000
4.382222 0.410515 19.952746 0.000000
4.402232 0.413940 19.955979 0.000000
4.422242 0.410964 19.959397 0.000000
4.442252 0.411717 19.971606 0.000000
4.462262 0.414877 19.947136 0.000000
4.482272 0.410914 19.951958 0.000000
4.502282 0.413024 19.951837 0.000000
4.522293 0.412511 19.966458 0.000000
4.542303 0.411332 19.962424 0.000000
4.562313 0.415177 19.974603 0.000000
4.582323 0.411268 19.970761 0.000000
4.602333 0.413184 19.956458 0.000000
4.622343 0.415045 19.941128 0.000000
4.642353 0.412387 19.974093 0.000000
4.662364 0.416209 19.972021 0.000000
4.682374 0.415105 19.950995 0.000000
4.702384 0.415142 19.932021 0.000000
4.722394 0.419585 19.946737 0.000000
4.742404 0.416371 19.951546 0.000000
4.762414 0.417924 19.957884 0.000000
4.782424 0.419175 19.958953 0.000000
4.802435 0.417593 19.943385 0.000000
4.822445 0.421354 19.961070 0.000000
4.842455 0.417080 19.986943 0.000000
4.862465 0.418381 19.983665 0.000000
4.882475 0.420208 19.966702 0.000000
4.902485 0.417726 19.946462 0.000000
4.922495 0.420383 19.960421 0.000000
4.942506 0.419321 19.969149 0.000000
4.962516 0.419495 19.981053 0.000000
4.982526 0.423088 19.956614 0.000000
5.002536 0.421082 19.949485 0.000000
5.022546 0.423655 19.964176 0.000000
5.042556 0.424699 19.956021 0.000000
5.062567 0.424168 19.949630 0.000000
5.082577 0.427872 19.964255 0.000000
5.102587 0.424367 19.968377 0.000000
5.122597 0.426001 19.986310 0.000000
5.142607 0.427686 19.963077 0.000000
5.162617 0.426535 19.943351 0.000000
5.182627 0.427915 19.951503 0.000000
5.202638 0.426210 19.971979 0.000000
5.222648 0.426315 19.950995 0.000000
5.242658 0.428927 19.972678 0.000000
5.262668 0.427513 19.975301 0.000000
5.282678 0.429015 19.970851 0.000000
5.302688 0.430230 19.947609 0.000000
5.322698 0.430147 19.978836 0.000000
5.342709 0.432801 19.962186 0.000000
5.362719 0.430178 19.944468 0.000000
5.382729 0.432600 19.944530 0.000000
5.402739 0.434182 19.968842 0.000000
5.422749 0.433073 19.962418 0.000000
5.442759 0.434991 19.964973 0.000000
5.462769 0.433378 19.977968 0.000000
5.482780 0.434595 19.980565 0.000000
5.502790 0.436775 19.979149 0.000000
5.522800 0.436758 19.958011 0.000000
5.542810 0.438350 19.948449 0.000000
5.562820 0.438213 19.942147 0.000000
5.582830 0.438672 19.963386 0.000000
5.602840 0.440943 19.968222 0.000000
5.622851 0.439077 19.955824 0.000000
5.642861 0.441294 19.957127 0.000000
5.662871 0.443291 19.960899 0.000000
5.682881 0.441213 19.955580 0.000000
5.702891 0.444457 19.975519 0.000000
5.722901 0.442657 19.973478 0.000000
5.742911 0.443811 19.964571 0.000000
5.762922 0.444859 19.970435 0.000000
5.782932 0.443936 19.953073 0.000000
5.802942 0.445490 19.931429 0.000000
5.822952 0.445004 19.948927 0.000000
5.842962 0.445213 19.971209 0.000000
5.862972 0.446938 19.938372 0.000000
5.882982 0.446533 19.959126 0.000000
5.902993 0.447264 19.975506 0.000000
5.923003 0.449644 19.975455 0.000000
5.943013 0.447883 19.970444 0.000000
5.963023 0.449565 19.983464 0.000000
5.983033 0.449274 19.959344 0.000000
6.003043 0.448322 19.956782 0.000000
6.023053 0.449880 19.967416 0.000000
6.043064 0.450251 19.976686 0.000000
6.063074 0.449257 19.992609 0.000000
6.083084 0.450911 19.984828 0.000000
6.103094 0.450819 19.960000 0.000000
6.123104 0.451562 19.944667 0.000000
6.143114 0.451712 19.946893 0.000000
6.163124 0.451614 19.961573 0.000000
6.183135 0.452193 19.960904 0.000000
6.203145 0.452238 19.974400 0.000000
6.223155 0.452418 19.978876 0.000000
6.243165 0.453107 19.980682 0.000000
6.263175 0.452800 19.978983 0.000000
