serial number: RI70_21111530
torque: 8
start_temp: 25 (26)
finish_temp: 25 (26)
note: montaz tylko z przymiarem
0.000000 0.859481 25.002791 2425.186047
0.020010 0.857542 25.003128 2479.726257
0.040020 0.858937 25.002529 2532.988506
0.060030 0.860622 25.005176 2582.088235
0.080041 0.857411 25.005587 2635.603352
0.100051 0.859530 25.005318 2685.942197
0.120061 0.858560 25.003864 2736.659091
0.140071 0.857781 24.999532 2788.847953
0.160081 0.859233 25.000447 2837.128492
0.180091 0.857113 25.001136 2890.227273
0.200101 0.857862 25.002604 2940.272189
0.220112 0.859214 25.002022 2990.370787
0.240122 0.857021 25.000000 3043.619883
0.260132 0.858151 25.000000 3094.366667
0.280142 0.858418 25.000000 3146.629213
0.300152 0.856510 25.000000 3199.235294
0.320162 0.858780 25.000000 3247.691011
0.340172 0.855504 25.000682 3301.056818
0.360183 0.858421 25.005087 3350.335260
0.380193 0.858450 25.005444 3399.863905
0.400203 0.854442 25.003111 3450.283333
0.420213 0.858673 25.002472 3496.882022
0.440223 0.856294 25.000473 3544.384615
0.460233 0.854772 25.000000 3591.235955
0.480243 0.856781 25.000000 3635.668539
0.500254 0.854582 25.000000 3678.830508
0.520264 0.856377 25.000000 3721.226744
0.540274 0.854774 25.001573 3761.196629
0.560284 0.854208 25.002034 3798.870056
0.580294 0.857199 24.999064 3838.023392
0.600304 0.852009 24.997257 3872.205714
0.620314 0.854330 25.000000 3909.202247
0.640325 0.855449 25.000000 3942.088398
0.660335 0.852230 25.000000 3976.367470
0.680345 0.855170 25.002247 4005.488764
0.700355 0.853311 25.007865 4039.134831
0.720365 0.850687 25.006279 4066.279070
0.740375 0.857226 24.997514 4097.915254
0.760385 0.852672 25.000000 4121.618497
0.780396 0.854104 25.004444 4152.505556
0.800406 0.853600 25.004270 4173.337079
0.820416 0.852519 24.998629 4196.857143
0.840426 0.856210 24.991724 4222.620690
0.860436 0.852942 24.992849 4238.284916
0.880446 0.854234 24.999769 4259.502890
0.900456 0.855194 25.000000 4283.161850
0.920467 0.854524 25.000000 4298.111732
0.940477 0.856633 25.000000 4316.057803
0.960487 0.853317 25.001788 4342.100559
0.980497 0.853836 25.002339 4360.847953
1.000507 0.857469 25.001600 4382.565714
1.020517 0.855053 25.000000 4413.284091
1.040528 0.855864 25.000000 4435.965318
1.060538 0.854617 25.004153 4471.043716
1.080548 0.854675 25.011429 4499.811429
1.100558 0.858397 25.009266 4537.367232
1.120568 0.855478 25.003468 4569.369942
1.140578 0.857745 25.000000 4608.155172
1.160588 0.856442 25.000925 4641.393064
1.180599 0.856868 25.002938 4679.028249
1.200609 0.859931 25.001149 4713.126437
1.220619 0.857062 24.994576 4747.169492
1.240629 0.857457 24.994651 4779.697674
1.260639 0.859693 25.000000 4810.640000
1.280649 0.859058 25.000000 4840.780347
1.300659 0.859778 24.999778 4871.472222
1.320670 0.858146 24.999529 4899.858824
1.340680 0.859337 25.000000 4930.834286
1.360690 0.861368 25.000698 4957.098837
1.380700 0.858271 25.000000 4990.659218
1.400710 0.859274 25.002312 5018.242775
1.420720 0.858701 25.002312 5053.208092
1.440730 0.860703 25.001149 5083.557471
1.460741 0.861701 25.005486 5119.765714
1.480751 0.858626 25.006936 5154.057803
1.500761 0.860405 25.004855 5190.855491
1.520771 0.860163 25.000000 5228.063953
1.540781 0.858553 25.001105 5265.922652
1.560791 0.860196 25.002543 5305.768786
1.580801 0.858582 25.002045 5345.193182
1.600812 0.857705 25.000000 5384.568862
1.620822 0.861164 25.000000 5425.314286
1.640832 0.858618 25.000000 5466.400000
1.660842 0.859253 25.000000 5508.051724
1.680852 0.858593 25.000000 5549.988506
1.700862 0.856776 25.000000 5592.105556
1.720872 0.860208 25.000000 5633.838150
1.740883 0.854213 25.001573 5676.550562
1.760893 0.857844 25.003256 5719.098837
1.780903 0.855343 25.003778 5762.650000
1.800913 0.856102 25.002824 5807.200000
1.820923 0.856572 25.000000 5852.471591
1.840933 0.853935 25.000000 5898.766082
1.860943 0.854792 25.000000 5946.922222
1.880954 0.854432 25.000000 5997.664804
1.900964 0.852823 25.003468 6049.260116
1.920974 0.854096 25.004884 6101.866279
1.940984 0.850742 25.003111 6156.594444
1.960994 0.850432 25.000000 6213.261364
1.981004 0.852608 25.000000 6270.623596
2.001014 0.849073 25.000000 6328.070588
2.021025 0.849606 25.000000 6388.846995
2.041035 0.849405 25.000225 6451.404494
2.061045 0.848166 25.005549 6513.953757
2.081055 0.848753 25.007955 6577.732955
2.101065 0.840369 25.002367 6645.142012
2.121075 0.843967 25.010552 6712.975460
2.141085 0.843848 25.007811 6782.071006
2.161096 0.839855 25.002169 6854.246988
2.181106 0.840517 25.000000 6928.853801
2.201116 0.838666 25.000000 7004.256098
2.221126 0.838595 25.000000 7081.204819
2.241136 0.840812 25.000000 7159.131737
2.261146 0.834433 25.000000 7241.505882
2.281156 0.838931 25.000000 7324.695122
2.301167 0.835828 25.000000 7410.194118
2.321177 0.833362 25.000000 7497.548193
2.341187 0.837672 25.000000 7585.476744
2.361197 0.831862 25.000000 7673.810976
2.381207 0.832903 25.000000 7761.668675
2.401217 0.834553 25.000000 7855.172414
2.421227 0.829246 25.000000 7947.773810
2.441238 0.833540 25.000000 8041.083333
2.461248 0.829263 25.000000 8135.203593
2.481258 0.828356 25.000000 8229.397661
2.501268 0.830470 25.000000 8324.309091
2.521278 0.824699 25.002529 8420.890805
2.541288 0.827459 25.002824 8518.382353
2.561298 0.823020 25.000471 8614.523529
2.581309 0.824023 25.000000 8709.868263
2.601319 0.826095 25.000000 8801.648810
2.621329 0.820515 25.001404 8895.450292
2.641339 0.821219 25.002500 8990.312500
2.661349 0.821795 25.001893 9082.857988
2.681359 0.817754 25.000000 9172.523529
2.701369 0.820666 25.000000 9260.742690
2.721380 0.817059 25.000000 9348.559524
2.741390 0.815755 25.000000 9432.678161
2.761400 0.817776 25.000000 9516.804598
2.781410 0.812121 25.000000 9598.245614
2.801420 0.814734 25.000000 9677.358824
2.821430 0.811791 25.000000 9756.005650
2.841440 0.811401 25.000000 9832.824561
2.861451 0.813440 25.000941 9906.470588
2.881461 0.805743 25.002727 9979.886364
2.901471 0.809046 24.999769 10049.884393
2.921481 0.808739 24.997193 10117.327485
2.941491 0.803490 24.995506 10184.769663
2.961501 0.808770 24.994667 10249.060606
2.981511 0.801896 24.997500 10311.943182
3.001522 0.802421 25.000000 10373.919540
3.021532 0.803147 25.000000 10434.829545
3.041542 0.798320 25.000000 10493.943503
3.061552 0.801222 25.000000 10551.598837
3.081562 0.798524 25.000000 10607.471264
3.101572 0.795228 25.000690 10663.247126
3.121583 0.800372 25.002791 10716.517442
3.141593 0.601272 25.001594 10766.187251
3.161603 0.721957 25.000000 10821.307692
3.181613 0.740219 25.000202 10871.919192
3.201623 0.747200 25.002376 10920.955446
3.221633 0.761429 25.002487 10968.932642
3.241643 0.756140 25.000000 11016.298077
3.261654 0.764223 25.002083 11063.213542
3.281664 0.764813 25.002424 11106.484848
3.301674 0.760686 25.000619 11150.371134
3.321684 0.768674 25.000000 11194.326531
3.341694 0.765621 25.000597 11235.293532
3.361704 0.765664 25.002500 11276.598958
3.381714 0.772233 25.003030 11317.595960
3.401725 0.763677 25.002449 11355.372449
3.421735 0.769777 25.001667 11394.718750
3.441745 0.770015 25.000000 11432.230769
3.461755 0.767450 25.002667 11468.979487
3.481765 0.771171 25.002437 11505.984772
3.501775 0.765397 25.000000 11540.212435
3.521785 0.768692 25.000000 11574.709184
3.541796 0.771458 25.000000 11607.471503
3.561806 0.765690 25.000000 11639.690355
3.581816 0.771132 25.000000 11670.421053
3.601826 0.769029 25.000000 11700.708543
3.621836 0.766681 25.000000 11729.543590
3.641846 0.772633 25.001250 11758.432292
3.661856 0.764887 25.002587 11783.616915
3.681867 0.768770 25.001231 11812.671795
3.701877 0.769279 25.000000 11836.287179
3.721887 0.765498 25.000000 11862.289474
3.741897 0.770548 25.000000 11889.515000
3.761907 0.766288 25.000000 11913.756345
3.781917 0.766834 25.000000 11944.000000
3.801927 0.770730 25.000000 11968.143564
3.821938 0.765081 25.000000 11999.264249
3.841948 0.771030 25.000000 12025.953368
3.861958 0.766091 25.000000 12053.695000
3.881968 0.765589 25.000000 12083.159794
3.901978 0.772269 25.000000 12112.314721
3.921988 0.765248 25.000000 12141.492308
3.941998 0.770299 25.000000 12173.768041
3.962009 0.768362 25.000000 12203.532995
3.982019 0.766405 25.000606 12237.247475
4.002029 0.772064 25.002553 12268.808511
4.022039 0.766925 25.002083 12301.276042
4.042049 0.768284 25.000000 12334.725000
4.062059 0.770952 25.000000 12368.678392
4.082069 0.767069 25.000000 12403.348958
4.102080 0.769697 25.000000 12435.632124
4.122090 0.769484 25.000000 12470.311558
4.142100 0.767249 25.000000 12501.643979
4.162110 0.774650 25.000000 12533.887755
4.182120 0.766263 25.000000 12564.426396
4.202130 0.772383 25.000000 12591.563158
4.222140 0.770516 25.000000 12622.781726
4.242151 0.769820 25.000000 12647.718593
4.262161 0.775184 25.001711 12674.379679
4.282171 0.769181 25.002400 12702.400000
4.302181 0.772852 25.001481 12725.190476
4.322191 0.774971 25.002412 12749.477387
4.342201 0.771697 25.002234 12778.350254
4.362211 0.778090 25.000000 12796.968085
4.382222 0.773671 25.000000 12823.415385
4.402232 0.774307 24.996939 12849.586735
4.422242 0.781677 24.994497 12870.206349
4.442252 0.773451 24.998763 12901.427835
4.462262 0.779744 25.002474 12925.402062
4.482272 0.779610 25.002105 12956.500000
4.502282 0.777493 25.000203 12986.395939
4.522293 0.784113 25.007407 13020.179894
4.542303 0.778638 25.007579 13053.073684
4.562313 0.782637 25.000632 13090.757895
4.582323 0.784408 25.000000 13126.720207
4.602333 0.781486 25.000000 13168.500000
4.622343 0.787315 25.000000 13209.403061
4.642353 0.782968 25.000000 13251.935829
4.662364 0.786377 25.000000 13296.796875
4.682374 0.788920 25.000000 13342.838542
4.702384 0.785095 25.000000 13388.600000
4.722394 0.790372 25.000000 13435.106383
4.742404 0.789940 25.000000 13484.281081
4.762414 0.789354 25.000000 13531.823834
4.782424 0.794345 24.997696 13580.900524
4.802435 0.790347 24.994866 13631.133690
4.822445 0.793090 24.998925 13679.290323
4.842455 0.797168 25.002766 13729.755319
4.862465 0.792899 25.001624 13780.969543
4.882475 0.800223 25.002431 13832.552486
4.902485 0.796668 25.001702 13884.021277
4.922495 0.798619 25.000000 13934.252632
4.942506 0.803596 25.000000 13987.174863
4.962516 0.798363 25.000000 14041.529101
4.982526 0.803798 25.000652 14093.891304
5.002536 0.803620 25.002553 14150.345745
5.022546 0.802008 25.002811 14205.913514
5.042556 0.810121 25.010316 14262.973684
5.062567 0.805277 25.011522 14324.489130
5.082577 0.809797 25.003789 14382.994737
5.102587 0.812225 25.000440 14446.664835
5.122597 0.807126 24.999144 14509.363636
5.142607 0.814763 25.000000 14571.466667
5.162617 0.812525 25.000842 14639.878947
5.182627 0.813824 25.000442 14704.469613
5.202638 0.818881 25.002796 14772.811828
5.222648 0.814574 25.007650 14845.081967
5.242658 0.818137 25.008913 14912.554348
5.262668 0.821532 25.006813 14987.208791
5.282678 0.816996 25.003716 15061.169399
5.302688 0.826339 25.002418 15135.752747
5.322698 0.820823 25.000000 15216.076087
5.342709 0.822936 25.000000 15291.904494
5.362719 0.828429 25.000000 15373.820652
5.382729 0.825233 25.000000 15458.306011
5.402739 0.829380 25.000000 15539.938889
5.422749 0.828398 25.000000 15627.792135
5.442759 0.830911 25.001304 15713.217391
5.462769 0.832745 25.003164 15799.542373
5.482780 0.831264 25.004108 15889.443243
5.502790 0.835210 25.002486 15975.813559
5.522800 0.836156 25.000000 16067.966102
5.542810 0.834843 25.000000 16156.774725
5.562820 0.840030 25.002418 16246.010989
5.582830 0.834930 25.005349 16336.005814
5.602840 0.839151 25.005622 304.324324
5.622851 0.839828 25.003371 128.050562
5.642861 0.840340 25.000000 216.808989
5.662871 0.844083 25.000000 300.438889
5.682881 0.839785 25.000000 387.751412
5.702891 0.843040 25.000000 468.977273
5.722901 0.846551 25.000000 550.954802
5.742911 0.843223 25.000000 633.224719
5.762922 0.846517 25.001117 710.519553
5.782932 0.845508 25.005000 792.528409
5.802942 0.847882 25.007640 870.887640
5.822952 0.849159 25.003256 945.203488
5.842962 0.848336 25.000000 1023.597765
5.862972 0.847931 25.000000 1098.923077
5.882982 0.851430 25.000000 1175.522472
5.902993 0.849314 25.000000 1250.488506
5.923003 0.851254 25.000000 1319.289773
5.943013 0.852526 25.000000 1393.459770
5.963023 0.851229 25.000000 1461.734104
5.983033 0.855112 25.005198 1529.870056
6.003043 0.851136 25.004520 1599.785311
6.023053 0.853973 25.001600 1663.120000
6.043064 0.855575 25.000674 1731.117978
6.063074 0.853322 25.004494 1795.516854
6.083084 0.858671 25.005549 1855.208092
6.103094 0.853612 25.000694 1917.641618
6.123104 0.855325 25.000000 1975.314286
6.143114 0.856662 25.000000 2036.044199
6.163124 0.856766 25.000000 2096.184524
6.183135 0.859402 25.001850 2149.219653
6.203145 0.855402 25.004667 2208.905556
6.223155 0.856430 25.003908 2264.241379
6.243165 0.859959 25.000904 2318.853107
6.263175 0.855917 25.000229 2374.817143
