serial number: JANUSZ_4_RI70_21209057
torque: 8.0
start_temp: 30 (32)
finish_temp: 29 (31)
note: joint_J4_pcb_3_4
0.000000 nan
0.021014 0.463940
0.042028 0.464970
0.063042 0.469748
0.084056 0.462611
0.105070 0.471453
0.126084 0.465544
0.147098 0.467962
0.168112 0.472245
0.189126 0.465957
0.210140 0.475097
0.231154 0.468423
0.252168 0.470486
0.273182 0.473915
0.294196 0.467922
0.315210 0.476794
0.336224 0.469690
0.357238 0.473101
0.378252 0.475824
0.399266 0.470034
0.420280 0.478856
0.441294 0.471027
0.462308 0.474595
0.483322 0.476395
0.504336 0.471931
0.525350 0.479775
0.546364 0.471038
0.567378 0.475877
0.588392 0.475934
0.609406 0.471686
0.630420 0.479813
0.651434 0.470853
0.672448 0.476580
0.693462 0.475899
0.714476 0.472920
0.735490 0.481308
0.756504 0.472677
0.777518 0.478772
0.798532 0.476585
0.819546 0.474575
0.840560 0.481709
0.861574 0.472821
0.882588 0.479983
0.903602 0.476924
0.924616 0.475249
0.945630 0.481714
0.966644 0.473085
0.987658 0.480641
1.008672 0.475972
1.029686 0.475205
1.050700 0.481015
1.071714 0.472545
1.092728 0.481043
1.113742 0.475936
1.134756 0.476652
1.155770 0.480749
1.176784 0.472473
1.197798 0.480499
1.218812 0.473897
1.239826 0.474568
1.260840 0.477889
1.281854 0.470369
1.302868 0.478949
1.323882 0.471810
1.344896 0.474529
1.365910 0.477090
1.386924 0.469309
1.407938 0.477451
1.428952 0.469661
1.449966 0.473348
1.470980 0.474552
1.491994 0.469429
1.513008 0.477898
1.534022 0.469340
1.555036 0.473789
1.576050 0.473776
1.597064 0.469204
1.618078 0.476731
1.639092 0.467631
1.660106 0.472977
1.681120 0.470866
1.702134 0.467395
1.723148 0.473830
1.744162 0.464212
1.765176 0.471296
1.786190 0.468502
1.807204 0.466980
1.828218 0.472805
1.849232 0.463944
1.870246 0.472247
1.891260 0.468597
1.912274 0.468641
1.933288 0.473546
1.954302 0.464890
1.975316 0.473694
1.996330 0.468388
2.017344 0.469977
2.038358 0.473853
2.059372 0.466097
2.080386 0.475225
2.101400 0.468534
2.122414 0.471342
2.143428 0.473906
2.164442 0.467622
2.185456 0.476897
2.206470 0.470264
2.227484 0.475142
2.248498 0.476654
2.269512 0.471665
2.290526 0.480186
2.311540 0.472106
2.332554 0.477397
2.353568 0.476660
2.374582 0.473119
2.395596 0.481129
2.416610 0.472268
2.437624 0.479298
2.458638 0.477398
2.479652 0.475715
2.500666 0.482709
2.521680 0.474169
2.542694 0.482275
2.563708 0.478137
2.584722 0.477626
2.605736 0.482743
2.626750 0.474413
2.647764 0.482935
2.668778 0.477053
2.689792 0.478167
2.710806 0.482068
2.731820 0.474499
2.752834 0.483416
2.773848 0.476293
2.794862 0.478507
2.815876 0.481141
2.836890 0.475033
2.857904 0.484139
2.878918 0.475547
2.899932 0.479491
2.920946 0.480198
2.941960 0.475471
2.962974 0.484221
2.983988 0.475487
3.005002 0.480659
3.026016 0.479595
3.047030 0.475237
3.068044 0.482250
3.089058 0.473112
3.110072 0.479646
3.131086 0.476608
3.152100 0.474251
3.173114 0.480381
3.194128 0.471314
3.215142 0.478706
3.236156 0.473817
3.257170 0.473244
3.278184 0.477877
3.299198 0.469870
3.320212 0.478112
3.341226 0.471570
3.362240 0.472092
3.383254 0.475271
3.404268 0.468191
3.425282 0.476625
3.446296 0.468661
3.467310 0.470565
3.488324 0.472208
3.509338 0.466750
3.530352 0.475274
3.551366 0.466739
3.572380 0.469779
3.593394 0.469950
3.614408 0.465018
3.635422 0.472795
3.656436 0.463406
3.677450 0.468754
3.698464 0.467773
3.719478 0.464968
3.740492 0.471667
3.761506 0.462745
3.782520 0.469298
3.803534 0.465853
3.824548 0.463350
3.845562 0.469452
3.866576 0.460813
3.887590 0.467922
3.908604 0.463443
3.929618 0.462281
3.950632 0.467188
3.971646 0.459015
3.992660 0.466917
4.013674 0.461248
4.034688 0.461777
4.055702 0.465826
4.076716 0.458839
4.097730 0.467403
4.118744 0.460595
4.139758 0.462289
4.160772 0.465051
4.181786 0.459726
4.202800 0.469221
4.223814 0.462023
4.244828 0.464920
4.265842 0.466953
4.286856 0.461985
4.307870 0.471200
4.328884 0.463747
4.349898 0.468090
4.370912 0.468712
4.391926 0.464631
4.412940 0.472972
4.433954 0.464855
4.454968 0.470480
4.475982 0.470280
4.496996 0.467566
4.518010 0.475578
4.539023 0.467469
4.560037 0.474376
4.581051 0.472314
4.602065 0.469751
4.623079 0.477136
4.644093 0.468791
4.665107 0.476883
4.686121 0.474042
4.707135 0.472415
4.728149 0.478478
4.749163 0.469637
4.770177 0.477668
4.791191 0.473810
4.812205 0.473951
4.833219 0.480563
4.854233 0.472006
4.875247 0.480142
4.896261 0.475688
4.917275 0.476321
4.938289 0.481344
4.959303 0.473123
4.980317 0.481591
5.001331 0.475597
5.022345 0.476380
5.043359 0.480341
5.064373 0.472568
5.085387 0.481113
5.106401 0.474240
5.127415 0.475950
5.148429 0.479259
5.169443 0.471702
5.190457 0.479726
5.211471 0.472301
5.232485 0.474677
5.253499 0.477087
5.274513 0.470810
5.295527 0.479113
5.316541 0.470521
5.337555 0.473314
5.358569 0.474537
5.379583 0.469166
5.400597 0.477514
5.421611 0.468725
5.442625 0.472151
5.463639 0.472473
5.484653 0.467575
5.505667 0.475508
5.526681 0.466181
5.547695 0.469975
5.568709 0.468884
5.589723 0.464525
5.610737 0.471881
5.631751 0.462593
5.652765 0.467163
5.673779 0.465871
5.694793 0.462259
5.715807 0.469733
5.736821 0.460650
5.757835 0.466487
5.778849 0.464747
5.799863 0.462086
5.820877 0.469491
5.841891 0.460406
5.862905 0.466933
5.883919 0.464550
5.904933 0.462416
5.925947 0.469124
5.946961 0.460364
5.967975 0.467196
5.988989 0.463503
6.010003 0.461861
6.031017 0.467711
6.052031 0.459008
6.073045 0.466643
6.094059 0.462707
6.115073 0.461330
6.136087 0.466592
6.157101 0.458828
6.178115 0.466978
6.199129 0.462599
6.220143 0.463001
6.241157 0.468106
6.262171 0.460416
6.283185 0.469549
