serial number: JANUSZ_4_RI70_21209057
torque: 8.0
start_temp: 30 (32)
finish_temp: 29 (31)
note: joint_J4_pcb_3_4
0.000000 nan
0.021014 0.456185
0.042028 0.462974
0.063042 0.460509
0.084056 0.457164
0.105070 0.464058
0.126084 0.456396
0.147098 0.464109
0.168112 0.460267
0.189126 0.457423
0.210140 0.463366
0.231154 0.455797
0.252168 0.463345
0.273182 0.458543
0.294196 0.456651
0.315210 0.461830
0.336224 0.454778
0.357238 0.462827
0.378252 0.457174
0.399266 0.456368
0.420280 0.460118
0.441294 0.453919
0.462308 0.462859
0.483322 0.456416
0.504336 0.456403
0.525350 0.458908
0.546364 0.452561
0.567378 0.460822
0.588392 0.454819
0.609406 0.457061
0.630420 0.459197
0.651434 0.453399
0.672448 0.460684
0.693462 0.453654
0.714476 0.456139
0.735490 0.456294
0.756504 0.450582
0.777518 0.457663
0.798532 0.450532
0.819546 0.454349
0.840560 0.454043
0.861574 0.449333
0.882588 0.456154
0.903602 0.449533
0.924616 0.455216
0.945630 0.454422
0.966644 0.449774
0.987658 0.455964
1.008672 0.449156
1.029686 0.455206
1.050700 0.452607
1.071714 0.449318
1.092728 0.454782
1.113742 0.448786
1.134756 0.455711
1.155770 0.452674
1.176784 0.450175
1.197798 0.455537
1.218812 0.449739
1.239826 0.456654
1.260840 0.452996
1.281854 0.451473
1.302868 0.455835
1.323882 0.450207
1.344896 0.457110
1.365910 0.453196
1.386924 0.453508
1.407938 0.457433
1.428952 0.452455
1.449966 0.459783
1.470980 0.454278
1.491994 0.455414
1.513008 0.457873
1.534022 0.453122
1.555036 0.460572
1.576050 0.455212
1.597064 0.457007
1.618078 0.457958
1.639092 0.453071
1.660106 0.459398
1.681120 0.454112
1.702134 0.457589
1.723148 0.458183
1.744162 0.454223
1.765176 0.460482
1.786190 0.455432
1.807204 0.459886
1.828218 0.459314
1.849232 0.455986
1.870246 0.461529
1.891260 0.455609
1.912274 0.461252
1.933288 0.459926
1.954302 0.457488
1.975316 0.462717
1.996330 0.457235
2.017344 0.462581
2.038358 0.460569
2.059372 0.459579
2.080386 0.465346
2.101400 0.460102
2.122414 0.465970
2.143428 0.462484
2.164442 0.461526
2.185456 0.464947
2.206470 0.459927
2.227484 0.465697
2.248498 0.461156
2.269512 0.461756
2.290526 0.464308
2.311540 0.459919
2.332554 0.466196
2.353568 0.461106
2.374582 0.462646
2.395596 0.464315
2.416610 0.460125
2.437624 0.466271
2.458638 0.460454
2.479652 0.461908
2.500666 0.462471
2.521680 0.458457
2.542694 0.464048
2.563708 0.458754
2.584722 0.462549
2.605736 0.461930
2.626750 0.458992
2.647764 0.463815
2.668778 0.457992
2.689792 0.461518
2.710806 0.459736
2.731820 0.456958
2.752834 0.461032
2.773848 0.455245
2.794862 0.459286
2.815876 0.456643
2.836890 0.454705
2.857904 0.458567
2.878918 0.453489
2.899932 0.458359
2.920946 0.455054
2.941960 0.453551
2.962974 0.455972
2.983988 0.450391
3.005002 0.455641
3.026016 0.451680
3.047030 0.452042
3.068044 0.453869
3.089058 0.449168
3.110072 0.454764
3.131086 0.449697
3.152100 0.450931
3.173114 0.451797
3.194128 0.447897
3.215142 0.453218
3.236156 0.448417
3.257170 0.451090
3.278184 0.451850
3.299198 0.448804
3.320212 0.454331
3.341226 0.449324
3.362240 0.453044
3.383254 0.452794
3.404268 0.450321
3.425282 0.455502
3.446296 0.450117
3.467310 0.455019
3.488324 0.453102
3.509338 0.451131
3.530352 0.455738
3.551366 0.450632
3.572380 0.456588
3.593394 0.454105
3.614408 0.453275
3.635422 0.457376
3.656436 0.451775
3.677450 0.457687
3.698464 0.453244
3.719478 0.452886
3.740492 0.455782
3.761506 0.450917
3.782520 0.457314
3.803534 0.452260
3.824548 0.453449
3.845562 0.455326
3.866576 0.450577
3.887590 0.457284
3.908604 0.451474
3.929618 0.453080
3.950632 0.454230
3.971646 0.449881
3.992660 0.456548
4.013674 0.450121
4.034688 0.452872
4.055702 0.451642
4.076716 0.447386
4.097730 0.453255
4.118744 0.445997
4.139758 0.450035
4.160772 0.449642
4.181786 0.447886
4.202800 0.454179
4.223814 0.447394
4.244828 0.453079
4.265842 0.450918
4.286856 0.449416
4.307870 0.455857
4.328884 0.448861
4.349898 0.454455
4.370912 0.450579
4.391926 0.448887
4.412940 0.453129
4.433954 0.445985
4.454968 0.452424
4.475982 0.447700
4.496996 0.447136
4.518010 0.451226
4.539023 0.444978
4.560037 0.452834
4.581051 0.446653
4.602065 0.447100
4.623079 0.449974
4.644093 0.444535
4.665107 0.452403
4.686121 0.444997
4.707135 0.446230
4.728149 0.448389
4.749163 0.442924
4.770177 0.451479
4.791191 0.444860
4.812205 0.446855
4.833219 0.448210
4.854233 0.443011
4.875247 0.451087
4.896261 0.443615
4.917275 0.447040
4.938289 0.446832
4.959303 0.441893
4.980317 0.450374
5.001331 0.442594
5.022345 0.446689
5.043359 0.444743
5.064373 0.439814
5.085387 0.447257
5.106401 0.439362
5.127415 0.445412
5.148429 0.443256
5.169443 0.439482
5.190457 0.446979
5.211471 0.438938
5.232485 0.445792
5.253499 0.444053
5.274513 0.441986
5.295527 0.448696
5.316541 0.440797
5.337555 0.447981
5.358569 0.444131
5.379583 0.441671
5.400597 0.447954
5.421611 0.439725
5.442625 0.446784
5.463639 0.441944
5.484653 0.440777
5.505667 0.446391
5.526681 0.440170
5.547695 0.449308
5.568709 0.444024
5.589723 0.444445
5.610737 0.449400
5.631751 0.442480
5.652765 0.451371
5.673779 0.445845
5.694793 0.446542
5.715807 0.450769
5.736821 0.444120
5.757835 0.452552
5.778849 0.445863
5.799863 0.447599
5.820877 0.451487
5.841891 0.446308
5.862905 0.455926
5.883919 0.449377
5.904933 0.452157
5.925947 0.455093
5.946961 0.450079
5.967975 0.458672
5.988989 0.450812
6.010003 0.453419
6.031017 0.455296
6.052031 0.450416
6.073045 0.459450
6.094059 0.452079
6.115073 0.457526
6.136087 0.457781
6.157101 0.453974
6.178115 0.461889
6.199129 0.454590
6.220143 0.460824
6.241157 0.459933
6.262171 0.456300
6.283185 0.463806
