serial number: JANUSZ_4_RI70_21209057
torque: 8.0
start_temp: 30 (31)
finish_temp: 29 (31)
note: joint_J4_pcb_3_4
0.000000 nan
0.021014 0.477815
0.042028 0.477834
0.063042 0.482143
0.084056 0.475357
0.105070 0.483052
0.126084 0.478198
0.147098 0.479330
0.168112 0.483577
0.189126 0.477542
0.210140 0.486201
0.231154 0.481408
0.252168 0.483293
0.273182 0.487074
0.294196 0.481726
0.315210 0.489471
0.336224 0.483101
0.357238 0.485025
0.378252 0.488019
0.399266 0.482714
0.420280 0.491080
0.441294 0.485126
0.462308 0.488635
0.483322 0.491290
0.504336 0.486930
0.525350 0.495089
0.546364 0.488044
0.567378 0.491707
0.588392 0.492590
0.609406 0.487861
0.630420 0.495424
0.651434 0.487875
0.672448 0.492673
0.693462 0.492661
0.714476 0.489314
0.735490 0.496120
0.756504 0.487756
0.777518 0.492681
0.798532 0.491829
0.819546 0.489086
0.840560 0.495200
0.861574 0.486271
0.882588 0.492318
0.903602 0.490602
0.924616 0.489027
0.945630 0.494847
0.966644 0.486046
0.987658 0.492640
1.008672 0.490178
1.029686 0.488903
1.050700 0.494432
1.071714 0.485955
1.092728 0.493252
1.113742 0.489224
1.134756 0.488139
1.155770 0.491929
1.176784 0.482781
1.197798 0.488729
1.218812 0.483206
1.239826 0.483377
1.260840 0.487205
1.281854 0.479345
1.302868 0.485779
1.323882 0.479703
1.344896 0.481408
1.365910 0.484833
1.386924 0.478568
1.407938 0.485317
1.428952 0.478869
1.449966 0.480679
1.470980 0.482935
1.491994 0.477423
1.513008 0.483773
1.534022 0.475734
1.555036 0.478648
1.576050 0.478944
1.597064 0.474694
1.618078 0.481378
1.639092 0.472156
1.660106 0.476434
1.681120 0.476317
1.702134 0.473775
1.723148 0.479787
1.744162 0.470835
1.765176 0.476060
1.786190 0.474484
1.807204 0.472644
1.828218 0.478593
1.849232 0.470062
1.870246 0.476993
1.891260 0.474446
1.912274 0.474041
1.933288 0.478998
1.954302 0.470793
1.975316 0.478033
1.996330 0.473962
2.017344 0.474520
2.038358 0.478487
2.059372 0.471344
2.080386 0.479272
2.101400 0.474102
2.122414 0.476680
2.143428 0.479813
2.164442 0.474082
2.185456 0.482284
2.206470 0.476024
2.227484 0.479146
2.248498 0.481354
2.269512 0.476571
2.290526 0.484251
2.311540 0.476723
2.332554 0.480892
2.353568 0.481613
2.374582 0.478445
2.395596 0.485731
2.416610 0.477228
2.437624 0.482798
2.458638 0.481953
2.479652 0.479762
2.500666 0.486823
2.521680 0.478472
2.542694 0.484975
2.563708 0.482551
2.584722 0.481708
2.605736 0.487514
2.626750 0.479941
2.647764 0.487355
2.668778 0.483132
2.689792 0.483931
2.710806 0.488091
2.731820 0.480556
2.752834 0.488434
2.773848 0.482697
2.794862 0.484216
2.815876 0.487302
2.836890 0.481213
2.857904 0.489293
2.878918 0.482377
2.899932 0.484897
2.920946 0.486546
2.941960 0.481316
2.962974 0.488376
2.983988 0.480069
3.005002 0.483965
3.026016 0.485069
3.047030 0.481233
3.068044 0.488648
3.089058 0.480648
3.110072 0.485798
3.131086 0.484115
3.152100 0.480780
3.173114 0.486271
3.194128 0.477895
3.215142 0.483572
3.236156 0.480335
3.257170 0.478688
3.278184 0.483226
3.299198 0.475267
3.320212 0.481753
3.341226 0.476700
3.362240 0.475968
3.383254 0.479816
3.404268 0.472996
3.425282 0.480080
3.446296 0.474302
3.467310 0.474718
3.488324 0.477071
3.509338 0.471610
3.530352 0.478464
3.551366 0.471140
3.572380 0.472879
3.593394 0.474828
3.614408 0.470562
3.635422 0.477576
3.656436 0.469385
3.677450 0.471991
3.698464 0.472134
3.719478 0.468388
3.740492 0.475136
3.761506 0.466829
3.782520 0.471462
3.803534 0.470157
3.824548 0.467861
3.845562 0.473577
3.866576 0.465421
3.887590 0.471471
3.908604 0.468262
3.929618 0.466357
3.950632 0.471272
3.971646 0.463789
3.992660 0.469848
4.013674 0.466828
4.034688 0.466222
4.055702 0.470064
4.076716 0.463090
4.097730 0.470096
4.118744 0.465931
4.139758 0.466331
4.160772 0.470482
4.181786 0.464955
4.202800 0.471874
4.223814 0.467013
4.244828 0.469144
4.265842 0.472957
4.286856 0.468318
4.307870 0.475260
4.328884 0.469064
4.349898 0.471673
4.370912 0.473848
4.391926 0.470230
4.412940 0.477952
4.433954 0.470516
4.454968 0.474768
4.475982 0.475626
4.496996 0.472461
4.518010 0.479612
4.539023 0.472344
4.560037 0.477318
4.581051 0.477554
4.602065 0.474959
4.623079 0.481585
4.644093 0.473815
4.665107 0.480341
4.686121 0.478975
4.707135 0.477081
4.728149 0.483533
4.749163 0.475762
4.770177 0.481846
4.791191 0.479745
4.812205 0.478651
4.833219 0.485099
4.854233 0.478047
4.875247 0.485082
4.896261 0.482301
4.917275 0.481992
4.938289 0.487067
4.959303 0.480329
4.980317 0.487789
5.001331 0.483929
5.022345 0.483857
5.043359 0.488492
5.064373 0.480971
5.085387 0.488130
5.106401 0.483211
5.127415 0.483550
5.148429 0.487659
5.169443 0.481328
5.190457 0.487974
5.211471 0.482232
5.232485 0.482917
5.253499 0.485656
5.274513 0.479341
5.295527 0.485432
5.316541 0.478457
5.337555 0.479002
5.358569 0.481101
5.379583 0.476249
5.400597 0.483108
5.421611 0.476047
5.442625 0.478122
5.463639 0.480738
5.484653 0.476605
5.505667 0.483565
5.526681 0.476516
5.547695 0.478808
5.568709 0.479604
5.589723 0.474719
5.610737 0.481180
5.631751 0.473414
5.652765 0.476888
5.673779 0.477257
5.694793 0.474369
5.715807 0.481186
5.736821 0.473073
5.757835 0.476992
5.778849 0.476610
5.799863 0.474120
5.820877 0.480614
5.841891 0.472162
5.862905 0.476833
5.883919 0.476111
5.904933 0.474015
5.925947 0.479943
5.946961 0.471715
5.967975 0.476881
5.988989 0.474628
6.010003 0.473445
6.031017 0.479826
6.052031 0.472102
6.073045 0.478229
6.094059 0.475427
6.115073 0.474677
6.136087 0.480518
6.157101 0.472940
6.178115 0.479834
6.199129 0.476534
6.220143 0.476540
6.241157 0.481744
6.262171 0.474559
6.283185 0.481906
