serial number: JANUSZ_4_RI70_21209057
torque: 8.0
start_temp: 30 (31)
finish_temp: 30 (31)
note: joint 1 J4, pcb 3_4
0.000000 nan
0.021014 0.504562
0.042028 0.498082
0.063042 0.505806
0.084056 0.501810
0.105070 0.501918
0.126084 0.505635
0.147098 0.499424
0.168112 0.506762
0.189126 0.501609
0.210140 0.502251
0.231154 0.504900
0.252168 0.498857
0.273182 0.506422
0.294196 0.501012
0.315210 0.502534
0.336224 0.505238
0.357238 0.499600
0.378252 0.507227
0.399266 0.501767
0.420280 0.504546
0.441294 0.506681
0.462308 0.501634
0.483322 0.509383
0.504336 0.502978
0.525350 0.506233
0.546364 0.507430
0.567378 0.502505
0.588392 0.509502
0.609406 0.502980
0.630420 0.507018
0.651434 0.507487
0.672448 0.503191
0.693462 0.510809
0.714476 0.504778
0.735490 0.510069
0.756504 0.510000
0.777518 0.506588
0.798532 0.513599
0.819546 0.507369
0.840560 0.513346
0.861574 0.512018
0.882588 0.508610
0.903602 0.515323
0.924616 0.508807
0.945630 0.515942
0.966644 0.513835
0.987658 0.511861
1.008672 0.518333
1.029686 0.512856
1.050700 0.519834
1.071714 0.515831
1.092728 0.514016
1.113742 0.518919
1.134756 0.512479
1.155770 0.520117
1.176784 0.516028
1.197798 0.515056
1.218812 0.519244
1.239826 0.512826
1.260840 0.519862
1.281854 0.514846
1.302868 0.515163
1.323882 0.519140
1.344896 0.513700
1.365910 0.521387
1.386924 0.516393
1.407938 0.517703
1.428952 0.520370
1.449966 0.514610
1.470980 0.522171
1.491994 0.516132
1.513008 0.517884
1.534022 0.518798
1.555036 0.512988
1.576050 0.519633
1.597064 0.513092
1.618078 0.516155
1.639092 0.516441
1.660106 0.511331
1.681120 0.517804
1.702134 0.510485
1.723148 0.514799
1.744162 0.513795
1.765176 0.509133
1.786190 0.515309
1.807204 0.508910
1.828218 0.514243
1.849232 0.512386
1.870246 0.509052
1.891260 0.514554
1.912274 0.508798
1.933288 0.515277
1.954302 0.512921
1.975316 0.510049
1.996330 0.515417
2.017344 0.508803
2.038358 0.515248
2.059372 0.511922
2.080386 0.509978
2.101400 0.514736
2.122414 0.508837
2.143428 0.516007
2.164442 0.511893
2.185456 0.510773
2.206470 0.514539
2.227484 0.508269
2.248498 0.515038
2.269512 0.510224
2.290526 0.509926
2.311540 0.512695
2.332554 0.507321
2.353568 0.514223
2.374582 0.509563
2.395596 0.511247
2.416610 0.513455
2.437624 0.509047
2.458638 0.516108
2.479652 0.510993
2.500666 0.513175
2.521680 0.514232
2.542694 0.510228
2.563708 0.516472
2.584722 0.511042
2.605736 0.514246
2.626750 0.514988
2.647764 0.511958
2.668778 0.517970
2.689792 0.512646
2.710806 0.517258
2.731820 0.516390
2.752834 0.513870
2.773848 0.519726
2.794862 0.514279
2.815876 0.519863
2.836890 0.518357
2.857904 0.516285
2.878918 0.521660
2.899932 0.516821
2.920946 0.522891
2.941960 0.520480
2.962974 0.519279
2.983988 0.523831
3.005002 0.518934
3.026016 0.525378
3.047030 0.522163
3.068044 0.521954
3.089058 0.525839
3.110072 0.520682
3.131086 0.527119
3.152100 0.523088
3.173114 0.523658
3.194128 0.526212
3.215142 0.520406
3.236156 0.525899
3.257170 0.520818
3.278184 0.521743
3.299198 0.523888
3.320212 0.519551
3.341226 0.525807
3.362240 0.521201
3.383254 0.523818
3.404268 0.524832
3.425282 0.521207
3.446296 0.528051
3.467310 0.522893
3.488324 0.526559
3.509338 0.526457
3.530352 0.522785
3.551366 0.527894
3.572380 0.521591
3.593394 0.525007
3.614408 0.523460
3.635422 0.520218
3.656436 0.524673
3.677450 0.518885
3.698464 0.523576
3.719478 0.520841
3.740492 0.518311
3.761506 0.521487
3.782520 0.515305
3.803534 0.519992
3.824548 0.516322
3.845562 0.514969
3.866576 0.517877
3.887590 0.512343
3.908604 0.517722
3.929618 0.513604
3.950632 0.513708
3.971646 0.516149
3.992660 0.510587
4.013674 0.515713
4.034688 0.511213
4.055702 0.512006
4.076716 0.512682
4.097730 0.507638
4.118744 0.512439
4.139758 0.507499
4.160772 0.509664
4.181786 0.510231
4.202800 0.506262
4.223814 0.510675
4.244828 0.505146
4.265842 0.508505
4.286856 0.507907
4.307870 0.504621
4.328884 0.508772
4.349898 0.503729
4.370912 0.508250
4.391926 0.507174
4.412940 0.505100
4.433954 0.509357
4.454968 0.504590
4.475982 0.510017
4.496996 0.507599
4.518010 0.506410
4.539023 0.509715
4.560037 0.504970
4.581051 0.510210
4.602065 0.506708
4.623079 0.506112
4.644093 0.509077
4.665107 0.504767
4.686121 0.510300
4.707135 0.506737
4.728149 0.507897
4.749163 0.510519
4.770177 0.505712
4.791191 0.510784
4.812205 0.506120
4.833219 0.507581
4.854233 0.509321
4.875247 0.505387
4.896261 0.511128
4.917275 0.506210
4.938289 0.509205
4.959303 0.509681
4.980317 0.505740
5.001331 0.511451
5.022345 0.506530
5.043359 0.510795
5.064373 0.510201
5.085387 0.507463
5.106401 0.512572
5.127415 0.507420
5.148429 0.512432
5.169443 0.511095
5.190457 0.509025
5.211471 0.514176
5.232485 0.508269
5.253499 0.514176
5.274513 0.511795
5.295527 0.510311
5.316541 0.513794
5.337555 0.507551
5.358569 0.513176
5.379583 0.509606
5.400597 0.508822
5.421611 0.511575
5.442625 0.505733
5.463639 0.511899
5.484653 0.507502
5.505667 0.508075
5.526681 0.510965
5.547695 0.505946
5.568709 0.512749
5.589723 0.507351
5.610737 0.508155
5.631751 0.509576
5.652765 0.505002
5.673779 0.511926
5.694793 0.505865
5.715807 0.507572
5.736821 0.508031
5.757835 0.503977
5.778849 0.510278
5.799863 0.504058
5.820877 0.507166
5.841891 0.506515
5.862905 0.503024
5.883919 0.508829
5.904933 0.502343
5.925947 0.506627
5.946961 0.505119
5.967975 0.502139
5.988989 0.507605
6.010003 0.500781
6.031017 0.506171
6.052031 0.503447
6.073045 0.500737
6.094059 0.505201
6.115073 0.497922
6.136087 0.503823
6.157101 0.500642
6.178115 0.499302
6.199129 0.504089
6.220143 0.497574
6.241157 0.504713
6.262171 0.500823
6.283185 0.500482
