serial number: JANUSZ_4_RI70_21414866
torque: 8.0
start_temp: 29 (35)
finish_temp: 29 (35)
note: joint 1 J4, pcb 3_4
0.000000 nan
0.021014 0.366998
0.042028 0.368314
0.063042 0.368399
0.084056 0.367273
0.105070 0.368543
0.126084 0.367004
0.147098 0.368122
0.168112 0.368507
0.189126 0.368458
0.210140 0.369209
0.231154 0.367750
0.252168 0.370184
0.273182 0.367886
0.294196 0.369130
0.315210 0.368775
0.336224 0.366958
0.357238 0.367931
0.378252 0.366660
0.399266 0.368313
0.420280 0.367565
0.441294 0.366892
0.462308 0.367658
0.483322 0.367020
0.504336 0.367173
0.525350 0.366087
0.546364 0.365413
0.567378 0.364812
0.588392 0.364498
0.609406 0.364103
0.630420 0.363954
0.651434 0.362667
0.672448 0.361606
0.693462 0.361383
0.714476 0.361359
0.735490 0.360744
0.756504 0.361415
0.777518 0.359914
0.798532 0.360231
0.819546 0.359635
0.840560 0.358523
0.861574 0.357343
0.882588 0.356115
0.903602 0.355438
0.924616 0.355138
0.945630 0.355256
0.966644 0.353647
0.987658 0.354201
1.008672 0.352683
1.029686 0.352839
1.050700 0.352297
1.071714 0.350509
1.092728 0.351069
1.113742 0.348760
1.134756 0.349525
1.155770 0.348800
1.176784 0.348083
1.197798 0.347849
1.218812 0.345531
1.239826 0.345438
1.260840 0.344506
1.281854 0.344168
1.302868 0.343523
1.323882 0.341940
1.344896 0.342522
1.365910 0.342474
1.386924 0.343018
1.407938 0.343394
1.428952 0.341740
1.449966 0.342055
1.470980 0.342295
1.491994 0.341004
1.513008 0.342209
1.534022 0.339123
1.555036 0.338431
1.576050 0.337227
1.597064 0.337083
1.618078 0.336892
1.639092 0.335364
1.660106 0.335360
1.681120 0.333931
1.702134 0.334913
1.723148 0.335166
1.744162 0.334476
1.765176 0.334111
1.786190 0.332669
1.807204 0.333248
1.828218 0.333322
1.849232 0.333840
1.870246 0.333452
1.891260 0.332150
1.912274 0.332608
1.933288 0.332880
1.954302 0.333432
1.975316 0.333200
1.996330 0.331950
2.017344 0.331949
2.038358 0.332025
2.059372 0.332199
2.080386 0.332761
2.101400 0.332135
2.122414 0.331986
2.143428 0.331875
2.164442 0.334190
2.185456 0.332686
2.206470 0.332668
2.227484 0.332121
2.248498 0.330279
2.269512 0.330997
2.290526 0.330283
2.311540 0.330875
2.332554 0.330109
2.353568 0.328669
2.374582 0.328460
2.395596 0.329695
2.416610 0.329057
2.437624 0.330053
2.458638 0.328558
2.479652 0.328287
2.500666 0.328302
2.521680 0.327148
2.542694 0.327602
2.563708 0.325138
2.584722 0.325428
2.605736 0.323387
2.626750 0.325031
2.647764 0.324429
2.668778 0.324055
2.689792 0.324369
2.710806 0.322066
2.731820 0.323019
2.752834 0.323392
2.773848 0.323336
2.794862 0.323004
2.815876 0.321732
2.836890 0.321185
2.857904 0.320231
2.878918 0.320619
2.899932 0.322411
2.920946 0.319387
2.941960 0.320714
2.962974 0.320493
2.983988 0.321633
3.005002 0.321786
3.026016 0.319434
3.047030 0.320761
3.068044 0.318451
3.089058 0.320791
3.110072 0.321334
3.131086 0.321709
3.152100 0.321245
3.173114 0.318365
3.194128 0.319838
3.215142 0.320055
3.236156 0.319896
3.257170 0.319399
3.278184 0.318040
3.299198 0.317820
3.320212 0.318942
3.341226 0.319435
3.362240 0.320142
3.383254 0.318913
3.404268 0.318822
3.425282 0.319611
3.446296 0.321479
3.467310 0.323098
3.488324 0.320567
3.509338 0.320677
3.530352 0.318264
3.551366 0.321005
3.572380 0.321936
3.593394 0.320923
3.614408 0.321325
3.635422 0.320801
3.656436 0.321940
3.677450 0.324212
3.698464 0.325508
3.719478 0.325802
3.740492 0.325246
3.761506 0.325633
3.782520 0.326858
3.803534 0.327646
3.824548 0.328718
3.845562 0.326132
3.866576 0.326971
3.887590 0.327812
3.908604 0.329647
3.929618 0.332658
3.950632 0.330170
3.971646 0.332255
3.992660 0.331672
4.013674 0.333458
4.034688 0.335998
4.055702 0.334302
4.076716 0.335736
4.097730 0.334384
4.118744 0.336096
4.139758 0.339097
4.160772 0.338535
4.181786 0.339401
4.202800 0.338502
4.223814 0.340393
4.244828 0.342949
4.265842 0.343507
4.286856 0.345171
4.307870 0.343241
4.328884 0.345506
4.349898 0.345178
4.370912 0.344711
4.391926 0.346304
4.412940 0.345324
4.433954 0.347349
4.454968 0.348074
4.475982 0.348865
4.496996 0.350966
4.518010 0.350563
4.539023 0.352591
4.560037 0.351868
4.581051 0.351424
4.602065 0.352849
4.623079 0.352447
4.644093 0.351811
4.665107 0.351625
4.686121 0.351815
4.707135 0.354017
4.728149 0.353165
4.749163 0.354343
4.770177 0.353548
4.791191 0.354427
4.812205 0.355260
4.833219 0.354376
4.854233 0.355628
4.875247 0.353714
4.896261 0.355713
4.917275 0.356483
4.938289 0.355237
4.959303 0.357233
4.980317 0.355498
5.001331 0.356709
5.022345 0.356206
5.043359 0.356203
5.064373 0.356938
5.085387 0.356962
5.106401 0.357614
5.127415 0.358052
5.148429 0.359020
5.169443 0.357999
5.190457 0.357898
5.211471 0.357205
5.232485 0.356620
5.253499 0.358346
5.274513 0.358172
5.295527 0.358805
5.316541 0.360627
5.337555 0.359856
5.358569 0.360813
5.379583 0.361054
5.400597 0.360630
5.421611 0.361707
5.442625 0.360475
5.463639 0.361326
5.484653 0.361128
5.505667 0.361499
5.526681 0.361738
5.547695 0.362519
5.568709 0.362366
5.589723 0.362442
5.610737 0.362599
5.631751 0.362059
5.652765 0.362820
5.673779 0.362801
5.694793 0.362536
5.715807 0.362925
5.736821 0.362613
5.757835 0.362604
5.778849 0.364086
5.799863 0.363202
5.820877 0.364953
5.841891 0.364020
5.862905 0.364414
5.883919 0.365745
5.904933 0.364689
5.925947 0.366499
5.946961 0.365190
5.967975 0.366617
5.988989 0.366523
6.010003 0.367372
6.031017 0.368524
6.052031 0.366625
6.073045 0.369244
6.094059 0.367465
6.115073 0.369047
6.136087 0.369262
6.157101 0.367458
6.178115 0.369559
6.199129 0.367515
6.220143 0.369923
6.241157 0.368869
6.262171 0.368188
6.283185 0.368660
