serial number: JANUSZ_4_RI70_21414866
torque: 8.0
start_temp: 29 (35)
finish_temp: 29 (35)
note: joint 1 J4, pcb 3_4
0.000000 nan
0.021014 0.347575
0.042028 0.347052
0.063042 0.346575
0.084056 0.347253
0.105070 0.346708
0.126084 0.345681
0.147098 0.344589
0.168112 0.344409
0.189126 0.345735
0.210140 0.344231
0.231154 0.344872
0.252168 0.343847
0.273182 0.344499
0.294196 0.344814
0.315210 0.343517
0.336224 0.344446
0.357238 0.343775
0.378252 0.342835
0.399266 0.343055
0.420280 0.342146
0.441294 0.343721
0.462308 0.343913
0.483322 0.344498
0.504336 0.342163
0.525350 0.342380
0.546364 0.343491
0.567378 0.342582
0.588392 0.343592
0.609406 0.340934
0.630420 0.340794
0.651434 0.341385
0.672448 0.339344
0.693462 0.340061
0.714476 0.338788
0.735490 0.338900
0.756504 0.338686
0.777518 0.338111
0.798532 0.337825
0.819546 0.337622
0.840560 0.337021
0.861574 0.337006
0.882588 0.336174
0.903602 0.336278
0.924616 0.335380
0.945630 0.335426
0.966644 0.334137
0.987658 0.333655
1.008672 0.333857
1.029686 0.332427
1.050700 0.333263
1.071714 0.331518
1.092728 0.331798
1.113742 0.331951
1.134756 0.330336
1.155770 0.330730
1.176784 0.329477
1.197798 0.329458
1.218812 0.329552
1.239826 0.328937
1.260840 0.328507
1.281854 0.328704
1.302868 0.328287
1.323882 0.328878
1.344896 0.329149
1.365910 0.329362
1.386924 0.328286
1.407938 0.329081
1.428952 0.329077
1.449966 0.328911
1.470980 0.329375
1.491994 0.327658
1.513008 0.329128
1.534022 0.327513
1.555036 0.328361
1.576050 0.328081
1.597064 0.327303
1.618078 0.328136
1.639092 0.328107
1.660106 0.327949
1.681120 0.328000
1.702134 0.327980
1.723148 0.328915
1.744162 0.328964
1.765176 0.329723
1.786190 0.331038
1.807204 0.331021
1.828218 0.332743
1.849232 0.331823
1.870246 0.332562
1.891260 0.334074
1.912274 0.333695
1.933288 0.334816
1.954302 0.333509
1.975316 0.334818
1.996330 0.335366
2.017344 0.334449
2.038358 0.336484
2.059372 0.335285
2.080386 0.337026
2.101400 0.337445
2.122414 0.337860
2.143428 0.339871
2.164442 0.339258
2.185456 0.341181
2.206470 0.340557
2.227484 0.342323
2.248498 0.343135
2.269512 0.343132
2.290526 0.345342
2.311540 0.344539
2.332554 0.346021
2.353568 0.346921
2.374582 0.346670
2.395596 0.347893
2.416610 0.347291
2.437624 0.348812
2.458638 0.350345
2.479652 0.351134
2.500666 0.352107
2.521680 0.353478
2.542694 0.354347
2.563708 0.354535
2.584722 0.355596
2.605736 0.356719
2.626750 0.357551
2.647764 0.358102
2.668778 0.358915
2.689792 0.359764
2.710806 0.360409
2.731820 0.360589
2.752834 0.361779
2.773848 0.361750
2.794862 0.362524
2.815876 0.363275
2.836890 0.363436
2.857904 0.364650
2.878918 0.365184
2.899932 0.365450
2.920946 0.367042
2.941960 0.366639
2.962974 0.367248
2.983988 0.368456
3.005002 0.367554
3.026016 0.369160
3.047030 0.368048
3.068044 0.368396
3.089058 0.369633
3.110072 0.369042
3.131086 0.370780
3.152100 0.369972
3.173114 0.370421
3.194128 0.370373
3.215142 0.370706
3.236156 0.371272
3.257170 0.369992
3.278184 0.371310
3.299198 0.369551
3.320212 0.371532
3.341226 0.371900
3.362240 0.371068
3.383254 0.373885
3.404268 0.372661
3.425282 0.373086
3.446296 0.374181
3.467310 0.372608
3.488324 0.375347
3.509338 0.373376
3.530352 0.374069
3.551366 0.374733
3.572380 0.373892
3.593394 0.376168
3.614408 0.374490
3.635422 0.375199
3.656436 0.375603
3.677450 0.375493
3.698464 0.377679
3.719478 0.376988
3.740492 0.379382
3.761506 0.377001
3.782520 0.378261
3.803534 0.378217
3.824548 0.376762
3.845562 0.379315
3.866576 0.376968
3.887590 0.378966
3.908604 0.378656
3.929618 0.378865
3.950632 0.380694
3.971646 0.378091
3.992660 0.379206
4.013674 0.379476
4.034688 0.379951
4.055702 0.380673
4.076716 0.380262
4.097730 0.379953
4.118744 0.379830
4.139758 0.380148
4.160772 0.382184
4.181786 0.381047
4.202800 0.383072
4.223814 0.381813
4.244828 0.382588
4.265842 0.382972
4.286856 0.381155
4.307870 0.383865
4.328884 0.381749
4.349898 0.383282
4.370912 0.383378
4.391926 0.382707
4.412940 0.383737
4.433954 0.381747
4.454968 0.382489
4.475982 0.382507
4.496996 0.382971
4.518010 0.383507
4.539023 0.383444
4.560037 0.382734
4.581051 0.383757
4.602065 0.382760
4.623079 0.384316
4.644093 0.383992
4.665107 0.383482
4.686121 0.382792
4.707135 0.382670
4.728149 0.383633
4.749163 0.381527
4.770177 0.383768
4.791191 0.381611
4.812205 0.381744
4.833219 0.381871
4.854233 0.379187
4.875247 0.382216
4.896261 0.379110
4.917275 0.379470
4.938289 0.379378
4.959303 0.378077
4.980317 0.380817
5.001331 0.378778
5.022345 0.378875
5.043359 0.377694
5.064373 0.376151
5.085387 0.376999
5.106401 0.375063
5.127415 0.375385
5.148429 0.374061
5.169443 0.372370
5.190457 0.374808
5.211471 0.371290
5.232485 0.373767
5.253499 0.371167
5.274513 0.370504
5.295527 0.372519
5.316541 0.367588
5.337555 0.371122
5.358569 0.366643
5.379583 0.367180
5.400597 0.367284
5.421611 0.365208
5.442625 0.367569
5.463639 0.365080
5.484653 0.365580
5.505667 0.363745
5.526681 0.362832
5.547695 0.364033
5.568709 0.361888
5.589723 0.363377
5.610737 0.362156
5.631751 0.360882
5.652765 0.362566
5.673779 0.359053
5.694793 0.361291
5.715807 0.358611
5.736821 0.358397
5.757835 0.359455
5.778849 0.355531
5.799863 0.357340
5.820877 0.354859
5.841891 0.355281
5.862905 0.354601
5.883919 0.352980
5.904933 0.354210
5.925947 0.352064
5.946961 0.351878
5.967975 0.350149
5.988989 0.349691
6.010003 0.350892
6.031017 0.349497
6.052031 0.350359
6.073045 0.349689
6.094059 0.349534
6.115073 0.349210
6.136087 0.348062
6.157101 0.348438
6.178115 0.347404
6.199129 0.346793
6.220143 0.347112
6.241157 0.345814
6.262171 0.347684
6.283185 0.347040
