serial number: RI80_21414850
torque: 16
start_temp: 24 (25)
finish_temp: 24 (25)
note: montaz na obrotach
0.000000 0.274485 24.000000 8201.994475
0.020010 0.273863 24.000000 8267.223464
0.040020 0.275255 24.000000 8354.192513
0.060030 0.273815 24.000000 8423.791209
0.080041 0.274814 24.000000 8498.109890
0.100051 0.275712 24.000000 8576.967033
0.120061 0.274473 24.000000 8637.994505
0.140071 0.274216 24.000000 8719.907609
0.160081 0.275140 24.000000 8790.674157
0.180091 0.274901 24.000000 8851.637363
0.200101 0.276148 24.005495 8936.417582
0.220112 0.274219 24.000000 8998.287293
0.240122 0.274890 24.000000 9071.241758
0.260132 0.275235 24.000000 9149.423077
0.280142 0.275080 24.000000 9207.699454
0.300152 0.275039 24.000000 9290.652174
0.320162 0.274136 24.000000 9358.088889
0.340172 0.274906 24.000000 9421.413043
0.360183 0.275943 24.000000 9501.391061
0.380193 0.275411 24.000000 9555.727778
0.400203 0.274622 24.000000 9627.891304
0.420213 0.275560 24.000000 9697.540984
0.440223 0.275756 24.000000 9748.585635
0.460233 0.276572 24.000000 9824.642857
0.480243 0.275029 24.002652 9878.535912
0.500254 0.274699 24.002905 9937.491620
0.520264 0.276525 24.000000 10006.524324
0.540274 0.275696 24.000000 10052.927778
0.560284 0.275633 24.000000 10122.250000
0.580294 0.275559 24.004396 10178.631868
0.600304 0.275576 24.001099 10229.824176
0.620314 0.276796 24.000000 10299.364641
0.640325 0.276191 24.000000 10345.149171
0.660335 0.275221 24.000000 10409.127072
0.680345 0.276383 24.000000 10468.284153
0.700355 0.276041 24.000000 10515.977528
0.720365 0.275590 24.000000 10584.758242
0.740375 0.274862 24.000000 10634.124324
0.760385 0.274592 24.000000 10692.413408
0.780396 0.276428 24.000000 10753.469945
0.800406 0.275478 24.000000 10800.664865
0.820416 0.274741 24.000000 10867.268571
0.840426 0.275757 24.001099 10919.109890
0.860436 0.276110 24.004324 10971.335135
0.880446 0.276471 24.000000 11035.488764
0.900456 0.275063 24.000000 11080.628415
0.920467 0.274568 24.000000 11142.754190
0.940477 0.276006 24.000000 11195.245902
0.960487 0.275637 24.000000 11243.360656
0.980497 0.276025 24.000000 11305.174863
1.000507 0.274766 24.000000 11348.453039
1.020517 0.275123 24.000000 11402.494444
1.040528 0.276773 24.000000 11452.638889
1.060538 0.275771 24.000000 11494.808743
1.080548 0.274976 24.000000 11551.296089
1.100558 0.275700 24.000000 11588.988950
1.120568 0.276671 24.000000 11635.489247
1.140578 0.276709 24.000000 11684.457627
1.160588 0.275041 24.000000 11715.356757
1.180599 0.275433 24.000000 11763.256983
1.200609 0.276001 24.003536 11794.187845
1.220619 0.275814 24.002000 11827.805556
1.240629 0.276319 24.000000 11867.397849
1.260639 0.274969 24.000000 11894.544444
1.280649 0.275395 24.000000 11931.890110
1.300659 0.276991 24.001564 11963.720670
1.320670 0.275607 24.009503 11991.182320
1.340680 0.275864 24.003778 12024.861111
1.360690 0.276093 24.001758 12049.120879
1.380700 0.276346 24.000000 12073.377049
1.400710 0.276235 24.000000 12102.027624
1.420720 0.274617 24.000000 12118.810056
1.440730 0.276190 24.000000 12147.582418
1.460741 0.276214 24.000000 12165.672131
1.480751 0.275695 24.000000 12184.022222
1.500761 0.276511 24.000000 12212.094444
1.520771 0.274715 24.001522 12222.201087
1.540781 0.275333 24.009556 12241.972222
1.560791 0.276944 24.005464 12260.617486
1.580801 0.274644 24.000000 12273.116022
1.600812 0.275568 24.000000 12293.081522
1.620822 0.275013 24.011173 12306.553073
1.640832 0.275857 24.029945 12323.677596
1.660842 0.276066 24.002842 12341.207650
1.680852 0.274078 24.000000 12360.729282
1.700862 0.276027 24.000000 12386.245810
1.720872 0.275398 24.000000 12404.331492
1.740883 0.275236 24.000000 12434.059140
1.760893 0.275428 24.000000 12461.858757
1.780903 0.273842 24.000000 12488.553763
1.800913 0.275273 24.000000 12521.815642
1.820923 0.276142 24.004420 12552.441989
1.840933 0.274273 24.001087 12577.972826
1.860943 0.275303 24.013115 12617.316940
1.880954 0.274522 24.003297 12637.598901
1.900964 0.275620 24.000000 12669.696629
1.920974 0.275176 24.000000 12698.543011
1.940984 0.273161 24.000000 12713.458101
1.960994 0.275514 24.000000 12749.254054
1.981004 0.274183 24.000000 12767.308989
2.001014 0.273978 24.000000 12788.118280
2.021025 0.274910 24.000000 12814.895604
2.041035 0.273673 24.000000 12836.428571
2.061045 0.274266 24.000000 12864.331492
2.081055 0.274567 24.000000 12883.726776
2.101065 0.272996 24.000000 12914.156757
2.121075 0.273885 24.000000 12942.849398
2.141085 0.272291 24.000000 12964.155405
2.161096 0.272870 24.000000 13001.986207
2.181106 0.272231 24.000000 13027.364865
2.201116 0.270881 24.000000 13051.673469
2.221126 0.273494 24.000000 13093.463087
2.241136 0.272250 24.000000 13113.551724
2.261146 0.272164 24.000000 13143.578231
2.281156 0.272802 24.000000 13180.746575
2.301167 0.271590 24.000000 13211.912752
2.321177 0.272407 24.000000 13249.936620
2.341187 0.272943 24.013514 13285.175676
2.361197 0.269079 24.000000 13314.228723
2.381207 0.270772 24.000000 13356.961957
2.401217 0.269230 24.000000 13380.565217
2.421227 0.269927 24.000000 13424.016129
2.441238 0.269749 24.000000 13459.248677
2.461248 0.269059 24.000000 13492.302198
2.481258 0.270559 24.000000 13540.101064
2.501268 0.269488 24.000000 13572.215054
2.521278 0.269191 24.000000 13617.929730
2.541288 0.270076 24.000000 13662.230769
2.561298 0.269188 24.000000 13701.386243
2.581309 0.269075 24.000000 13756.016393
2.601319 0.269177 24.000000 13796.521739
2.621329 0.268084 24.000000 13846.473118
2.641339 0.269733 24.000000 13903.854839
2.661349 0.268669 24.000000 13948.297872
2.681359 0.268719 24.000000 14009.603261
2.701369 0.269559 24.000000 14063.352941
2.721380 0.268556 24.000000 14118.877778
2.741390 0.269774 24.000000 14188.209677
2.761400 0.268723 24.000000 14241.630435
2.781410 0.269079 24.000000 14311.475936
2.801420 0.269421 24.000000 14382.403226
2.821430 0.267989 24.000000 14446.351064
2.841440 0.268489 24.000000 14531.133690
2.861451 0.268470 24.000000 14600.601064
2.881461 0.267332 24.000000 14680.784530
2.901471 0.269356 24.000000 14772.968085
2.921481 0.267585 24.000000 14850.101604
2.941491 0.267309 24.000000 14952.352941
2.961501 0.269189 24.000000 15047.620321
2.981511 0.266911 24.000000 15145.489362
3.001522 0.268945 24.000000 15263.252747
3.021532 0.268514 24.000000 15360.873016
3.041542 0.267475 24.000000 15483.026596
3.061552 0.269246 24.000000 15605.329730
3.081562 0.267841 24.000000 15715.903226
3.101572 0.267933 24.000000 15854.412698
3.121583 0.268332 24.000000 15970.945652
3.141593 0.267375 24.000000 16101.005348
3.161603 0.270078 24.000000 16242.648936
3.181613 0.267666 24.000000 11098.705263
3.201623 0.266700 24.000000 117.565217
3.221633 0.268928 24.000000 242.951351
3.241643 0.267048 24.000000 366.542105
3.261654 0.268111 24.000000 508.818681
3.281664 0.267770 24.000000 618.613757
3.301674 0.266869 24.000000 750.377660
3.321684 0.269660 24.000000 878.048913
3.341694 0.267572 24.000000 983.301075
3.361704 0.267568 24.000000 1112.053763
3.381714 0.267845 24.003404 1213.696809
3.401725 0.266824 24.007312 1320.290323
3.421735 0.268942 24.000000 1431.577540
3.441745 0.266667 24.000000 1514.309783
3.461755 0.266110 24.000000 1615.111702
3.481765 0.268868 24.000000 1704.462766
3.501775 0.266597 24.000000 1785.717277
3.521785 0.267518 24.005435 1878.353261
3.541796 0.267379 24.000000 1945.483696
3.561806 0.266843 24.000000 2027.447917
3.581816 0.269061 24.000000 2105.733696
3.601826 0.266351 24.000000 2166.661376
3.621836 0.267407 24.000000 2245.084656
3.641846 0.268128 24.000000 2303.825137
3.661856 0.267147 24.000000 2365.930851
3.681867 0.268999 24.001070 2432.641711
3.701877 0.266173 24.004301 2480.236559
3.721887 0.265980 24.000209 2541.884817
3.741897 0.269145 24.005189 2593.729730
3.761907 0.266429 24.000000 2640.497326
3.781917 0.267092 24.000000 2696.760870
3.801927 0.266566 24.000000 2736.093750
3.821938 0.266510 24.000000 2787.143617
3.841948 0.268732 24.000000 2835.130435
3.861958 0.266103 24.000000 2871.805263
3.881968 0.266786 24.000000 2923.475936
3.901978 0.266772 24.000000 2958.989362
3.921988 0.266733 24.000000 3002.292553
3.941998 0.268382 24.000000 3047.578378
3.962009 0.265772 24.000000 3077.347594
3.982019 0.266250 24.000000 3122.731579
4.002029 0.267805 24.000000 3155.064865
4.022039 0.265977 24.000000 3191.898936
4.042049 0.267345 24.000000 3230.962366
4.062059 0.265965 24.000000 3260.941489
4.082069 0.267248 24.000000 3296.361702
4.102080 0.268051 24.000000 3332.208556
4.122090 0.265765 24.000000 3356.529412
4.142100 0.267061 24.000000 3395.751323
4.162110 0.266832 24.000000 3417.844920
4.182120 0.267424 24.000000 3452.518717
4.202130 0.267999 24.000000 3480.106952
4.222140 0.265946 24.000000 3504.191489
4.242151 0.266269 24.000000 3531.288770
4.262161 0.268144 24.000000 3558.150538
4.282171 0.266360 24.000000 3578.856383
4.302181 0.266459 24.000000 3612.254054
4.322191 0.265821 24.000000 3624.321053
4.342201 0.266793 24.000000 3655.231579
4.362211 0.267794 24.000000 3677.513514
4.382222 0.265449 24.000000 3699.388298
4.402232 0.266803 24.000000 3720.848958
4.422242 0.267100 24.000000 3740.473118
4.442252 0.267575 24.000000 3769.131148
4.462262 0.267971 24.000000 3786.067708
4.482272 0.265583 24.000000 3805.857923
4.502282 0.266340 24.000000 3835.382199
4.522293 0.268937 24.000000 3859.961749
4.542303 0.266839 24.000000 3881.433155
4.562313 0.266983 24.000000 3921.047872
4.582323 0.266315 24.000000 3939.338710
4.602333 0.267545 24.000000 3979.582011
4.622343 0.268646 24.000000 4006.186170
4.642353 0.265836 24.000000 4042.175532
4.662364 0.267104 24.000000 4078.037433
4.682374 0.267640 24.000000 4116.347594
4.702384 0.267839 24.000000 4150.037634
4.722394 0.267922 24.000000 4193.440860
4.742404 0.266257 24.000000 4223.305263
4.762414 0.267328 24.000000 4269.209677
4.782424 0.268560 24.003011 4301.989247
4.802435 0.266769 24.002366 4341.295699
4.822445 0.267203 24.000000 4378.652406
4.842455 0.266577 24.005291 4410.947090
4.862465 0.267841 24.000000 4444.351064
4.882475 0.268837 24.000000 4472.833333
4.902485 0.265877 24.000000 4506.577540
4.922495 0.267419 24.000000 4536.925532
4.942506 0.268086 24.000000 4560.559140
4.962516 0.268568 24.000000 4600.962162
4.982526 0.268389 24.010417 4618.911458
5.002536 0.266797 24.000000 4647.634409
5.022546 0.268086 24.000000 4676.005435
5.042556 0.269200 24.000000 4689.989071
5.062567 0.267102 24.000000 4726.058201
5.082577 0.268063 24.000000 4745.989189
5.102587 0.268029 24.000000 4769.169312
5.122597 0.269285 24.000000 4804.860963
5.142607 0.270093 24.000000 4825.972826
5.162617 0.267570 24.000000 4860.745946
5.182627 0.269133 24.000000 4895.122995
5.202638 0.269106 24.000000 4923.059459
5.222648 0.269572 24.000000 4964.720430
5.242658 0.269692 24.000000 4996.983784
5.262668 0.268017 24.000000 5033.457447
5.282678 0.270213 24.000000 5080.151351
5.302688 0.270610 24.000000 5115.264865
5.322698 0.269139 24.000000 5164.793478
5.342709 0.270887 24.000000 5208.686170
5.362719 0.269470 24.000000 5247.994536
5.382729 0.270415 24.000000 5307.281915
5.402739 0.270974 24.000000 5347.196721
5.422749 0.268557 24.000000 5400.394595
5.442759 0.270421 24.000000 5454.636364
5.462769 0.270476 24.000000 5495.255435
5.482780 0.270726 24.000000 5559.855615
5.502790 0.270766 24.000000 5607.917582
5.522800 0.269728 24.000000 5658.716578
5.542810 0.271724 24.000000 5723.065934
5.562820 0.271191 24.000000 5763.688525
5.582830 0.269811 24.000000 5830.956757
5.602840 0.271780 24.000000 5883.691892
5.622851 0.270530 24.000000 5931.737705
5.642861 0.271438 24.000000 6002.783069
5.662871 0.272314 24.000000 6046.955307
5.682881 0.270365 24.008677 6110.820106
5.702891 0.272399 24.002011 6170.441341
5.722901 0.271546 24.000000 6216.615789
5.742911 0.271703 24.000000 6290.027933
5.762922 0.272082 24.000000 6340.216216
5.782932 0.271135 24.000000 6397.556150
5.802942 0.273141 24.000000 6467.405556
5.822952 0.272026 24.000000 6514.281081
5.842962 0.271386 24.004590 6589.688525
5.862972 0.273788 24.006374 6649.258242
5.882982 0.272144 24.000645 6705.655914
5.902993 0.272270 24.010387 6787.337017
5.923003 0.272633 24.000000 6843.441489
5.943013 0.271677 24.000000 6917.956044
5.963023 0.273757 24.000000 6990.818681
5.983033 0.272763 24.000856 7049.903743
6.003043 0.272840 24.004719 7136.561798
6.023053 0.273396 24.000000 7203.128342
6.043064 0.272935 24.000000 7273.060440
6.063074 0.274629 24.000000 7359.491803
6.083084 0.272976 24.000000 7423.437158
6.103094 0.273097 24.000000 7509.368132
6.123104 0.274975 24.000000 7586.027027
6.143114 0.273701 24.000000 7652.241573
6.163124 0.273988 24.000000 7742.349462
6.183135 0.274229 24.000000 7815.154696
6.203145 0.273309 24.000000 7891.048913
6.223155 0.274951 24.000000 7975.120879
6.243165 0.273672 24.000000 8040.346369
6.263175 0.273896 24.000000 8125.086022
