-0.495761 -24.175102 20.760000
-0.449821 -22.597424 20.920000
-0.397492 -20.995758 20.960000
-0.350624 -19.733314 20.920000
-0.299043 -18.099533 20.920000
-0.247329 -16.405662 21.000000
-0.200387 -14.664913 20.960000
-0.147954 -12.963684 20.960000
-0.102052 -11.174698 21.000000
-0.050270 -8.727791 20.960000
0.000000 0.000000 20.960000
0.048189 8.562968 21.000000
0.100008 11.119833 20.960000
0.147118 13.138601 21.000000
0.198735 15.190618 21.000000
0.245916 16.954188 21.000000
0.298043 18.740743 21.000000
0.350474 20.290079 21.000000
0.398690 21.153429 21.000000
0.449009 22.535714 21.000000
0.496814 23.760159 21.000000
0.547975 24.953746 21.000000
