0.496627 23.642470 21.000000
0.449947 22.244936 21.000000
0.397479 20.767849 21.000000
0.350661 19.517015 21.000000
0.299079 17.951486 21.000000
0.246459 16.481545 21.000000
0.200200 14.889869 21.000000
0.148758 12.968737 21.000000
0.102049 11.032030 21.000000
0.050570 8.649835 21.000000
0.000000 0.000000 21.000000
-0.047767 -8.435394 21.000000
-0.100078 -10.980784 21.000000
-0.147341 -12.966913 21.000000
-0.199487 -14.973787 21.000000
-0.246294 -16.643015 21.000000
-0.298058 -18.324395 21.000000
-0.350367 -19.773739 21.000000
-0.397078 -20.859273 21.000000
-0.448565 -22.242656 21.000000
-0.495790 -23.419870 21.000000
-0.548013 -24.335369 21.000000
