-0.496399 -20.858869 24.240000
-0.449290 -19.617619 24.440000
-0.397227 -18.468854 24.520000
-0.350538 -17.437642 24.640000
-0.298637 -16.142465 24.840000
-0.247081 -14.618381 24.720000
-0.200174 -13.256727 24.920000
-0.148344 -11.647249 24.920000
-0.101664 -9.998290 25.000000
-0.050332 -7.942444 24.840000
0.000000 0.000000 24.960000
0.048639 7.835412 24.960000
0.100291 9.919698 25.000000
0.147396 11.574598 24.960000
0.199561 13.225764 24.920000
0.246676 14.535112 25.000000
0.298335 15.920777 25.000000
0.350068 17.295553 25.000000
0.397478 18.418723 25.000000
0.448934 19.472509 25.000000
0.495789 20.576603 25.000000
0.548157 21.498003 25.000000
