0.495876 20.347232 25.000000
0.449792 19.301563 25.000000
0.397676 17.921619 25.000000
0.350428 16.843919 25.000000
0.298828 15.595853 25.000000
0.246743 14.337295 25.000000
0.200342 12.948436 25.000000
0.148479 11.291870 25.000000
0.101723 9.711420 25.000000
0.050037 7.714375 25.000000
0.000000 0.000000 25.000000
-0.048640 -7.613587 25.000000
-0.100430 -9.672358 25.000000
-0.147515 -11.364584 25.000000
-0.199153 -13.006012 25.000000
-0.245930 -14.453793 25.000000
-0.298043 -15.930980 25.000000
-0.350128 -17.221692 25.000000
-0.397448 -18.116661 25.000000
-0.448932 -19.405466 25.000000
-0.496895 -20.377478 25.000000
-0.547975 -21.385111 25.000000
