-0.496526 -20.324635 25.000000
-0.449777 -19.067084 25.000000
-0.397681 -17.997421 25.000000
-0.350920 -17.005606 25.000000
-0.299068 -15.682818 25.000000
-0.247243 -14.222304 25.000000
-0.200178 -12.958440 25.000000
-0.148529 -11.338089 25.000000
-0.101749 -9.776296 25.000000
-0.050309 -7.736669 25.000000
0.000000 0.000000 25.000000
0.048639 7.651450 25.000000
0.100386 9.664123 25.040000
0.147482 11.320316 25.000000
0.199481 12.904541 25.000000
0.246449 14.108620 25.000000
0.298082 15.648582 25.120000
0.349977 17.054638 25.040000
0.397469 18.115186 25.120000
0.449325 18.972110 25.080000
0.495779 20.075176 25.000000
0.548043 20.952010 25.120000
