0.495841 19.848687 25.280000
0.449699 18.843241 25.120000
0.397631 17.471769 25.400000
0.350259 16.455680 25.560000
0.298859 15.206309 25.760000
0.246804 13.834784 25.960000
0.200213 12.657927 25.760000
0.148410 11.059959 25.800000
0.101765 9.494709 25.960000
0.050096 7.569260 25.920000
0.000000 0.000000 25.920000
-0.048233 -7.472850 25.800000
-0.100395 -9.504152 25.920000
-0.147504 -11.163234 25.960000
-0.199338 -12.748256 26.000000
-0.246156 -14.161872 25.960000
-0.298186 -15.618386 26.000000
-0.350325 -16.873170 25.880000
-0.397543 -17.801782 26.000000
-0.448239 -18.992152 26.000000
-0.495917 -19.937170 26.000000
-0.547385 -20.860897 26.000000
