-0.495568 -19.881540 26.000000
-0.449167 -18.673756 26.000000
-0.397150 -17.463410 26.000000
-0.350223 -16.602075 26.000000
-0.298997 -15.364951 26.000000
-0.247108 -13.920477 26.000000
-0.200196 -12.555351 26.000000
-0.148506 -11.083772 26.000000
-0.101863 -9.545706 26.000000
-0.050352 -7.579235 26.000000
0.000000 0.000000 26.000000
0.048740 7.511578 26.000000
0.100371 9.475324 26.000000
0.147599 11.136477 26.000000
0.199851 12.618774 26.000000
0.246437 13.867278 26.000000
0.298006 15.366877 26.000000
0.350051 16.735676 26.000000
0.397412 17.746681 26.000000
0.449385 18.683296 26.000000
0.495893 19.697594 26.000000
0.548084 20.601834 26.000000
