0.496058 19.532539 26.000000
0.449536 18.484573 26.000000
0.397606 17.218931 26.000000
0.350345 16.198219 26.000000
0.298754 14.957529 26.000000
0.246894 13.821746 26.000000
0.200146 12.520326 26.000000
0.148481 10.970561 26.000000
0.101702 9.401976 26.000000
0.050104 7.522517 26.000000
0.000000 0.000000 26.000000
-0.048650 -7.409359 26.000000
-0.100428 -9.377438 26.000000
-0.147504 -10.974034 26.000000
-0.199640 -12.507538 26.000000
-0.246224 -13.795517 26.000000
-0.298182 -15.296861 26.000000
-0.350764 -16.451234 26.000000
-0.397449 -17.241517 26.000000
-0.448563 -18.431895 26.000000
-0.495780 -19.516876 26.000000
-0.547359 -20.369064 26.000000
