-0.495507 -19.383092 26.000000
-0.449116 -18.222830 26.000000
-0.397163 -17.103941 26.080000
-0.350580 -16.096882 26.080000
-0.299008 -14.805290 26.120000
-0.246498 -13.623633 26.120000
-0.200428 -12.465094 26.000000
-0.148451 -10.958331 26.080000
-0.101743 -9.462513 26.080000
-0.050307 -7.537169 26.120000
0.000000 0.000000 26.320000
0.048803 7.438823 26.080000
0.100319 9.341221 26.240000
0.147559 10.917157 26.200000
0.199462 12.391961 26.440000
0.246330 13.693363 26.480000
0.298027 15.108424 26.680000
0.350289 16.418192 26.400000
0.397431 17.345488 26.440000
0.449630 18.165288 26.640000
0.495961 19.213117 26.880000
0.548142 20.097427 26.880000
