0.496048 19.056777 26.720000
0.449701 18.045793 26.960000
0.397481 16.794730 26.800000
0.350379 15.823352 27.000000
0.298905 14.595127 26.960000
0.246409 13.370434 26.920000
0.200044 12.222038 27.000000
0.148391 10.786661 26.960000
0.101850 9.297188 27.000000
0.050030 7.431016 27.000000
0.000000 0.000000 27.000000
-0.048670 -7.351214 27.000000
-0.100535 -9.245183 27.000000
-0.147703 -10.845092 27.000000
-0.199443 -12.338909 27.000000
-0.246335 -13.644709 27.000000
-0.298248 -15.078946 27.000000
-0.350116 -16.338469 27.000000
-0.397394 -17.239381 27.000000
-0.448712 -18.363802 27.000000
-0.495914 -19.389580 27.000000
-0.547721 -20.243374 27.000000
