-0.495480 -20.210076 26.000000
-0.449914 -19.083476 26.040000
-0.397524 -17.687142 26.000000
-0.350388 -16.782546 26.000000
-0.298921 -15.520094 26.000000
-0.247343 -14.019102 26.000000
-0.200382 -12.648621 26.000000
-0.148496 -11.078035 26.040000
-0.101702 -9.508835 26.000000
-0.050247 -7.580809 26.000000
0.000000 0.000000 26.080000
0.048181 7.481082 26.000000
0.100455 9.417776 26.040000
0.147444 11.047457 26.080000
0.199360 12.586022 26.000000
0.245983 13.924422 26.000000
0.297813 15.459911 26.080000
0.350321 16.765882 26.000000
0.397350 17.755368 26.120000
0.448689 18.976076 26.160000
0.496201 20.006311 26.240000
0.548133 20.680040 26.240000
