0.496112 19.626800 26.120000
0.449434 18.517553 26.600000
0.397188 17.522660 26.360000
0.350935 16.581997 26.520000
0.299483 15.183455 26.560000
0.247249 13.728149 26.880000
0.200387 12.510189 26.720000
0.148566 10.936500 27.000000
0.101709 9.433170 26.800000
0.050219 7.496328 26.920000
0.000000 0.000000 26.880000
-0.048476 -7.394701 26.920000
-0.100487 -9.358784 26.840000
-0.147401 -10.943797 26.760000
-0.199448 -12.460242 26.880000
-0.246262 -13.718639 26.880000
-0.297979 -15.159577 26.920000
-0.350075 -16.527735 26.840000
-0.397345 -17.492389 26.960000
-0.448623 -18.568479 26.880000
-0.495564 -19.794093 27.000000
-0.548002 -20.732090 26.960000
