-0.496058 -23.020942 21.000000
-0.450037 -21.733605 21.000000
-0.397968 -20.260379 21.000000
-0.350821 -19.079222 21.000000
-0.298731 -17.524745 21.000000
-0.246457 -16.025327 21.000000
-0.199927 -14.765150 21.000000
-0.148803 -12.872351 21.000000
-0.102002 -10.989572 21.040000
-0.050430 -8.622894 21.120000
0.000000 0.000000 21.040000
0.048516 8.471979 21.040000
0.100033 10.853676 21.120000
0.147315 12.694646 21.160000
0.199102 14.630038 21.040000
0.245841 16.324404 21.360000
0.298062 18.112157 21.320000
0.350101 19.665917 21.520000
0.397471 20.746195 21.680000
0.449250 21.794967 21.760000
0.496194 23.044947 21.840000
0.547840 24.094613 21.920000
