-0.495832 -19.667942 27.000000
-0.449645 -18.648420 27.000000
-0.397421 -17.415773 27.000000
-0.350404 -16.486156 26.880000
-0.298928 -15.181886 27.000000
-0.247123 -13.749829 27.000000
-0.200345 -12.383686 27.000000
-0.148409 -10.875036 27.000000
-0.101728 -9.363508 27.000000
-0.050169 -7.488170 27.000000
0.000000 0.000000 27.000000
0.048969 7.409763 27.000000
0.100505 9.287450 27.000000
0.147519 10.802976 27.000000
0.199554 12.286644 27.000000
0.246230 13.607737 27.000000
0.297972 15.041618 27.000000
0.350449 16.283610 27.000000
0.397290 17.212532 27.000000
0.448977 18.368468 27.000000
0.496273 19.401624 27.000000
0.548123 20.302854 27.000000
