0.496569 19.299198 27.000000
0.449907 18.210068 27.000000
0.397737 17.133690 27.000000
0.350824 16.159602 27.000000
0.299302 14.904119 27.000000
0.247135 13.470002 27.000000
0.200162 12.247269 27.000000
0.148536 10.755722 27.000000
0.101702 9.290983 27.000000
0.050154 7.457877 27.000000
0.000000 0.000000 27.000000
-0.048464 -7.343891 27.000000
-0.100558 -9.266497 27.000000
-0.147512 -10.801170 27.000000
-0.199384 -12.327423 27.000000
-0.246328 -13.570083 27.000000
-0.297940 -14.985638 27.000000
-0.350147 -16.311004 27.000000
-0.397226 -17.273489 27.000000
-0.448743 -18.365429 27.000000
-0.496049 -19.483013 27.000000
-0.547948 -20.365625 27.000000
