-0.495831 -19.352908 27.000000
-0.449735 -18.319101 27.000000
-0.397358 -17.116471 27.000000
-0.350560 -16.163332 27.000000
-0.298870 -14.939037 27.000000
-0.247076 -13.456526 27.000000
-0.200089 -12.204832 27.000000
-0.148104 -10.677137 27.000000
-0.101520 -9.200366 27.000000
-0.050089 -7.414901 27.000000
0.000000 0.000000 27.000000
0.048844 7.366706 27.000000
0.100514 9.201765 27.000000
0.147775 10.671352 27.000000
0.199722 12.138224 27.000000
0.246718 13.453587 27.000000
0.297875 14.873603 27.000000
0.350253 16.077045 27.040000
0.397213 17.036306 27.000000
0.448874 18.145568 27.040000
0.496267 19.150873 27.000000
0.547992 20.020891 27.000000
