0.496164 19.049744 27.080000
0.449568 17.974147 27.240000
0.397302 16.928847 27.120000
0.350545 15.956943 27.160000
0.299030 14.700843 27.000000
0.246866 13.276635 27.160000
0.199894 12.110318 27.280000
0.148305 10.594705 27.120000
0.101601 9.167207 27.280000
0.050014 7.354437 27.480000
0.000000 0.000000 27.520000
-0.049000 -7.278991 27.560000
-0.100594 -9.162849 27.320000
-0.147516 -10.686437 27.480000
-0.199673 -12.140974 27.320000
-0.246405 -13.353585 27.640000
-0.298007 -14.728305 27.520000
-0.350165 -16.051049 27.640000
-0.397381 -17.026755 27.800000
-0.448748 -18.067642 27.840000
-0.495427 -19.129572 27.920000
-0.547457 -19.990735 27.960000
