-0.495313 -18.992330 27.760000
-0.449389 -17.976959 27.960000
-0.397499 -16.813408 27.920000
-0.350453 -15.916000 27.960000
-0.298950 -14.667099 28.000000
-0.247076 -13.290858 28.000000
-0.200361 -12.030925 28.000000
-0.148524 -10.536733 28.000000
-0.101675 -9.105748 28.000000
-0.050082 -7.356372 27.920000
0.000000 0.000000 27.960000
0.048908 7.294991 28.000000
0.100664 9.098679 28.000000
0.147674 10.488349 28.000000
0.199472 11.940936 28.000000
0.246246 13.165249 28.000000
0.298215 14.576373 28.000000
0.350304 15.770485 28.000000
0.397336 16.724342 28.000000
0.448777 17.818772 28.000000
0.496084 18.821087 28.000000
0.547651 19.712936 28.000000
