0.495908 18.760185 28.000000
0.449333 17.717455 28.000000
0.397177 16.694372 28.000000
0.350470 15.712151 28.000000
0.299178 14.450404 28.000000
0.246877 13.108784 28.000000
0.200124 11.927987 28.000000
0.148327 10.471683 28.000000
0.101649 9.080654 28.000000
0.049915 7.331350 28.000000
0.000000 0.000000 28.000000
-0.048314 -7.247577 28.000000
-0.100472 -9.083090 28.000000
-0.147458 -10.570740 28.000000
-0.199454 -12.021292 28.000000
-0.246299 -13.216831 28.000000
-0.297720 -14.598481 28.000000
-0.349775 -15.900358 28.000000
-0.397254 -16.835987 28.000000
-0.448992 -17.880314 28.000000
-0.495950 -18.905895 28.000000
-0.548168 -19.767511 28.000000
