-0.495889 -18.794794 28.000000
-0.449721 -17.778985 28.000000
-0.397500 -16.616130 28.000000
-0.350498 -15.711611 28.000000
-0.298885 -14.508904 28.000000
-0.247215 -13.118139 28.000000
-0.200384 -11.892455 28.000000
-0.148437 -10.449154 28.000000
-0.101815 -9.000146 28.000000
-0.050043 -7.248178 28.000000
0.000000 0.000000 28.000000
0.048838 7.209728 28.000000
0.100574 8.981356 28.000000
0.147732 10.369642 28.000000
0.199535 11.766518 28.000000
0.246415 13.045133 28.000000
0.298099 14.396161 28.000000
0.350330 15.556405 28.000000
0.397366 16.500917 28.000000
0.448881 17.591513 28.000000
0.496222 18.579187 28.000000
0.547723 19.416653 28.000000
