0.495998 18.507858 28.000000
0.449566 17.481946 28.000000
0.397322 16.461931 28.000000
0.350402 15.557178 28.000000
0.299048 14.308427 28.000000
0.246873 12.962523 28.000000
0.200071 11.806630 28.000000
0.148279 10.386720 28.040000
0.101511 8.994394 28.120000
0.049780 7.246307 28.000000
0.000000 0.000000 28.000000
-0.048353 -7.176125 28.000000
-0.100508 -8.993926 28.040000
-0.147603 -10.418037 28.000000
-0.199880 -11.872607 28.000000
-0.246826 -13.075151 28.000000
-0.298113 -14.401771 28.000000
-0.350262 -15.672686 28.040000
-0.397341 -16.602907 28.040000
-0.448950 -17.634606 28.040000
-0.496084 -18.689382 28.000000
-0.547927 -19.552057 28.040000
