-0.495731 -18.600790 28.040000
-0.449517 -17.595437 28.120000
-0.397715 -16.444102 28.000000
-0.350575 -15.556911 28.080000
-0.299090 -14.343757 28.080000
-0.247026 -13.083424 28.000000
-0.200206 -11.798614 28.000000
-0.148397 -10.328122 28.280000
-0.101576 -8.930322 28.000000
-0.049907 -7.209486 28.160000
0.000000 0.000000 28.280000
0.048765 7.182574 28.400000
0.100550 8.904560 28.280000
0.147639 10.302411 28.560000
0.199536 11.684015 28.320000
0.246525 12.959645 28.360000
0.298039 14.271272 28.280000
0.350285 15.440305 28.560000
0.397295 16.385773 28.480000
0.448903 17.478820 28.800000
0.496325 18.453741 28.840000
0.547637 19.337534 28.640000
