0.495881 18.410429 28.880000
0.449396 17.376499 28.960000
0.397055 16.379257 28.960000
0.350382 15.443903 28.920000
0.299113 14.210238 29.000000
0.246917 12.890401 29.000000
0.200087 11.713766 29.000000
0.148422 10.299688 29.000000
0.101664 8.928669 28.960000
0.050089 7.191140 28.920000
0.000000 0.000000 28.960000
-0.048721 -7.142811 28.960000
-0.100525 -8.942911 29.000000
-0.147667 -10.387561 29.000000
-0.199510 -11.786325 28.960000
-0.246430 -12.978137 29.000000
-0.297995 -14.247806 28.920000
-0.350113 -15.555347 29.000000
-0.397207 -16.481564 28.880000
-0.448782 -17.500302 29.000000
-0.495870 -18.506674 29.000000
-0.548092 -19.340017 29.000000
