0.496628 22.808921 21.960000
0.449931 21.423113 22.000000
0.397460 20.022373 22.000000
0.350565 18.797994 22.000000
0.299277 17.289441 22.000000
0.247454 15.521620 22.000000
0.200166 13.967045 22.000000
0.148075 12.466532 22.000000
0.101896 10.687152 22.000000
0.050508 8.422382 22.000000
0.000000 0.000000 22.000000
-0.047933 -8.255393 22.000000
-0.100236 -10.668767 22.000000
-0.147156 -12.572076 22.000000
-0.199740 -14.493946 22.000000
-0.246316 -16.066157 22.000000
-0.297959 -17.752510 22.000000
-0.350109 -19.171733 22.000000
-0.397500 -20.166505 22.000000
-0.448674 -21.454379 22.000000
-0.495718 -22.655647 22.000000
-0.548518 -23.655968 22.000000
