-0.496682 -22.299236 22.000000
-0.449890 -21.000618 22.000000
-0.397486 -19.633440 22.000000
-0.350692 -18.455919 22.000000
-0.298347 -17.058490 22.000000
-0.247102 -15.866191 22.000000
-0.200305 -14.311385 22.000000
-0.148578 -12.505966 22.000000
-0.101834 -10.739373 22.000000
-0.050396 -8.439421 22.000000
0.000000 0.000000 22.000000
0.048448 8.268780 22.000000
0.100231 10.620938 22.000000
0.147429 12.483890 22.000000
0.199190 14.254988 22.000000
0.245859 15.873303 22.000000
0.298195 17.590921 22.000000
0.350182 19.090935 22.000000
0.397619 20.136889 22.000000
0.449231 21.251723 22.040000
0.496245 22.295144 22.000000
0.547718 23.322304 22.000000
