0.496372 22.118964 22.000000
0.449946 20.829294 22.200000
0.397440 19.480427 22.360000
0.350682 18.294602 22.120000
0.299109 16.761857 22.520000
0.246314 15.490894 22.760000
0.200235 14.117193 22.920000
0.148553 12.335394 22.680000
0.101876 10.586059 22.920000
0.050524 8.371638 22.720000
0.000000 0.000000 22.920000
-0.048583 -8.165988 22.960000
-0.100058 -10.559070 22.880000
-0.147399 -12.409377 23.000000
-0.199403 -14.242096 23.000000
-0.246313 -15.812150 22.960000
-0.298045 -17.522359 23.000000
-0.350234 -19.005434 22.960000
-0.397241 -20.169245 23.000000
-0.449082 -21.410451 23.000000
-0.496014 -22.506433 23.000000
-0.548007 -23.687769 22.960000
