-0.495677 -22.953632 23.000000
-0.449996 -21.250793 23.000000
-0.397278 -19.911661 23.000000
-0.350395 -18.780539 23.040000
-0.298960 -17.373026 23.040000
-0.247108 -15.716394 23.000000
-0.200203 -14.315702 23.040000
-0.148426 -12.555619 23.000000
-0.101839 -10.772617 23.160000
-0.050343 -8.510375 23.120000
0.000000 0.000000 23.000000
0.047967 8.300589 23.080000
0.100192 10.652797 23.000000
0.147263 12.470102 23.080000
0.199362 14.237545 23.040000
0.246421 15.697438 23.080000
0.298082 17.290543 23.400000
0.349994 18.835143 23.160000
0.397379 19.978946 23.120000
0.449368 20.994826 23.320000
0.495595 22.187249 23.400000
0.547970 23.166300 23.280000
