0.495564 21.916079 23.440000
0.449856 20.784789 23.600000
0.397785 19.311621 23.720000
0.350384 18.208402 23.880000
0.298908 16.910128 23.920000
0.247081 15.406943 23.800000
0.200330 13.900985 23.920000
0.148574 12.152352 23.920000
0.101895 10.440240 23.920000
0.050520 8.265734 24.000000
0.000000 0.000000 24.000000
-0.048590 -8.163205 23.920000
-0.100245 -10.420500 23.960000
-0.147353 -12.273160 24.000000
-0.199320 -14.010094 24.000000
-0.245823 -15.570123 24.000000
-0.298221 -17.114628 23.880000
-0.350518 -18.432984 24.000000
-0.397270 -19.545405 24.000000
-0.449010 -20.809935 24.000000
-0.496273 -21.788722 24.000000
-0.547299 -22.912670 24.000000
