-0.496511 -21.711728 24.000000
-0.449449 -20.431161 24.000000
-0.396990 -19.373455 24.000000
-0.350690 -18.322439 24.000000
-0.298901 -16.833346 24.000000
-0.247039 -15.282273 24.000000
-0.200078 -13.937724 24.000000
-0.148494 -12.249698 24.000000
-0.101647 -10.530509 24.000000
-0.050378 -8.388559 24.000000
0.000000 0.000000 24.000000
0.047896 8.209088 24.000000
0.100286 10.464073 24.000000
0.147411 12.182952 24.000000
0.199553 13.878285 24.000000
0.246406 15.294630 24.000000
0.297879 16.837164 24.000000
0.349935 18.355918 24.000000
0.397389 19.494310 24.000000
0.448990 20.593256 24.000000
0.495608 21.784306 24.000000
0.548487 22.529734 24.000000
