0.495906 21.350944 24.000000
0.449848 20.241511 24.000000
0.397687 18.878576 24.000000
0.350347 17.776848 24.000000
0.298751 16.588647 24.000000
0.247306 15.025371 24.000000
0.200134 13.573605 24.000000
0.148601 11.867697 24.000000
0.102077 10.101953 24.000000
0.050340 7.983396 24.000000
0.000000 0.000000 24.000000
-0.048827 -7.820022 24.000000
-0.100369 -9.930320 24.000000
-0.147429 -11.713356 24.000000
-0.199262 -13.337758 24.120000
-0.245946 -14.835340 24.040000
-0.298247 -16.383700 24.080000
-0.350244 -17.611922 24.080000
-0.397216 -18.617941 24.080000
-0.448498 -19.932337 24.120000
-0.496246 -20.939620 24.120000
-0.547693 -22.004536 24.200000
