-0.495492 -12.518135 23.000000
-0.449119 -12.007109 23.000000
-0.397142 -11.189479 23.000000
-0.350479 -10.710394 23.000000
-0.298266 -9.923587 23.000000
-0.246470 -9.133680 23.000000
-0.199906 -8.348023 23.000000
-0.147879 -7.292961 23.000000
-0.100966 -6.530049 23.000000
-0.049144 -5.440841 23.000000
0.000000 0.000000 23.000000
0.049001 5.294206 23.000000
0.101150 6.433907 23.000000
0.147680 7.187813 23.000000
0.199364 8.292630 23.000000
0.246684 9.065670 23.000000
0.298840 9.744801 23.000000
0.349975 10.684942 23.000000
0.396794 11.172591 23.000000
0.448814 11.990352 23.000000
0.495861 12.434666 23.000000
0.547307 13.075442 23.000000
