-0.495577 -11.988985 24.000000
-0.449022 -11.587711 24.000000
-0.397068 -10.868730 24.000000
-0.350607 -10.346517 24.000000
-0.298109 -9.710427 24.000000
-0.246387 -8.886984 24.000000
-0.199702 -8.150301 24.000000
-0.147640 -7.188493 24.000000
-0.100882 -6.444451 24.000000
-0.049325 -5.346307 24.000000
0.000000 0.000000 24.000000
0.049211 5.225916 24.000000
0.101228 6.343423 24.000000
0.147833 7.116023 24.000000
0.199644 8.204573 24.000000
0.246193 8.980390 24.000000
0.298852 9.753172 24.000000
0.350176 10.376497 24.000000
0.396673 10.881927 24.000000
0.449168 11.644471 24.000000
0.495899 12.003643 24.000000
0.547393 12.576130 24.000000
