0.495982 11.843015 24.000000
0.448938 11.272743 24.000000
0.396946 10.844774 24.000000
0.350400 10.145953 24.000000
0.298714 9.479935 24.000000
0.246177 8.797804 24.000000
0.199666 8.095472 24.000000
0.147837 7.265589 24.000000
0.101472 6.345122 24.000000
0.049353 5.119018 24.000000
0.000000 0.000000 24.000000
-0.049144 -5.242369 24.000000
-0.100696 -6.481013 24.000000
-0.147704 -7.439652 24.000000
-0.199827 -8.222345 24.000000
-0.246614 -8.927772 24.000000
-0.298019 -9.746500 24.000000
-0.350213 -10.347273 24.000000
-0.397057 -10.948494 24.000000
-0.448924 -11.495754 24.000000
-0.495818 -12.042542 24.000000
-0.548178 -12.386589 24.000000
