0.994049 15.756551 30.000000
0.948041 15.334201 30.120000
0.895794 15.089989 30.800000
0.848413 14.607261 31.000000
0.797288 13.982431 31.000000
0.745059 13.910338 31.000000
0.697780 13.228341 31.000000
0.646496 12.969210 31.000000
0.598969 12.357987 31.000000
0.547832 12.108809 31.000000
0.495689 11.300887 31.000000
0.448905 11.154183 31.000000
0.397322 10.483614 31.000000
0.350421 9.714689 31.000000
0.298102 9.374249 31.000000
0.246510 8.676147 31.000000
0.199877 8.000417 31.000000
0.147937 7.120364 31.000000
0.101001 6.237775 31.000000
0.049131 5.282540 31.000000
0.000000 0.000000 31.000000
-0.049141 -5.321999 31.000000
-0.101121 -6.344105 31.000000
-0.147751 -7.121695 31.000000
-0.199736 -8.035347 31.000000
-0.246387 -8.682307 31.000000
-0.298777 -9.425626 31.000000
-0.350262 -9.793505 31.000000
-0.396623 -10.503818 31.000000
-0.448912 -11.203454 31.000000
-0.495656 -11.402344 31.000000
-0.547547 -12.168360 31.000000
-0.600095 -12.345395 31.000000
-0.646071 -13.048986 31.000000
-0.698760 -13.197324 31.000000
-0.745113 -13.951379 31.000000
-0.796305 -14.071881 31.000000
-0.849443 -14.443728 31.000000
-0.895506 -15.085350 31.000000
-0.946616 -15.248267 31.000000
-0.994474 -15.447652 31.000000
