serial number: JANUSZ_4_RI70_21414876
torque: 8.0
start_temp: 30 (31)
finish_temp: 29 (30)
note: j4_pcb_3_4
0.000000 nan
0.021014 0.231628
0.042028 0.231916
0.063042 0.231023
0.084056 0.231583
0.105070 0.235304
0.126084 0.233703
0.147098 0.233841
0.168112 0.233399
0.189126 0.233355
0.210140 0.234729
0.231154 0.232618
0.252168 0.233063
0.273182 0.231554
0.294196 0.232027
0.315210 0.235114
0.336224 0.234000
0.357238 0.234176
0.378252 0.234075
0.399266 0.233582
0.420280 0.235416
0.441294 0.233625
0.462308 0.234074
0.483322 0.232372
0.504336 0.232682
0.525350 0.233881
0.546364 0.232288
0.567378 0.232925
0.588392 0.231905
0.609406 0.233078
0.630420 0.235862
0.651434 0.234480
0.672448 0.234215
0.693462 0.231753
0.714476 0.232548
0.735490 0.235400
0.756504 0.235433
0.777518 0.235831
0.798532 0.232588
0.819546 0.233439
0.840560 0.236007
0.861574 0.236861
0.882588 0.236918
0.903602 0.233802
0.924616 0.234743
0.945630 0.237833
0.966644 0.237493
0.987658 0.237255
1.008672 0.232752
1.029686 0.232779
1.050700 0.235493
1.071714 0.237191
1.092728 0.239298
1.113742 0.234943
1.134756 0.234003
1.155770 0.235694
1.176784 0.235332
1.197798 0.236581
1.218812 0.233509
1.239826 0.233772
1.260840 0.234500
1.281854 0.234135
1.302868 0.236470
1.323882 0.234607
1.344896 0.235209
1.365910 0.234292
1.386924 0.233184
1.407938 0.236100
1.428952 0.234554
1.449966 0.235104
1.470980 0.233839
1.491994 0.233273
1.513008 0.235429
1.534022 0.234980
1.555036 0.236680
1.576050 0.234867
1.597064 0.233254
1.618078 0.236259
1.639092 0.235457
1.660106 0.236711
1.681120 0.235016
1.702134 0.233731
1.723148 0.234767
1.744162 0.233808
1.765176 0.235638
1.786190 0.234176
1.807204 0.233421
1.828218 0.234574
1.849232 0.233236
1.870246 0.236853
1.891260 0.234836
1.912274 0.234526
1.933288 0.235047
1.954302 0.233647
1.975316 0.237555
1.996330 0.235821
2.017344 0.235686
2.038358 0.235616
2.059372 0.235050
2.080386 0.239446
2.101400 0.238725
2.122414 0.239477
2.143428 0.239779
2.164442 0.238560
2.185456 0.242041
2.206470 0.240882
2.227484 0.241288
2.248498 0.240814
2.269512 0.239142
2.290526 0.241427
2.311540 0.239811
2.332554 0.241282
2.353568 0.241198
2.374582 0.239641
2.395596 0.241823
2.416610 0.239980
2.437624 0.242043
2.458638 0.241256
2.479652 0.238849
2.500666 0.241038
2.521680 0.239664
2.542694 0.241583
2.563708 0.239879
2.584722 0.237974
2.605736 0.241547
2.626750 0.240937
2.647764 0.242536
2.668778 0.240545
2.689792 0.238347
2.710806 0.240643
2.731820 0.239565
2.752834 0.241331
2.773848 0.240274
2.794862 0.238359
2.815876 0.239993
2.836890 0.238421
2.857904 0.240624
2.878918 0.238137
2.899932 0.235828
2.920946 0.237283
2.941960 0.236357
2.962974 0.237581
2.983988 0.236143
3.005002 0.233135
3.026016 0.233256
3.047030 0.232434
3.068044 0.235457
3.089058 0.235398
3.110072 0.233551
3.131086 0.233420
3.152100 0.231228
3.173114 0.234796
3.194128 0.235362
3.215142 0.233489
3.236156 0.232873
3.257170 0.230594
3.278184 0.235207
3.299198 0.235423
3.320212 0.232027
3.341226 0.230648
3.362240 0.228698
3.383254 0.233354
3.404268 0.233979
3.425282 0.231771
3.446296 0.229186
3.467310 0.226891
3.488324 0.230521
3.509338 0.231840
3.530352 0.230361
3.551366 0.227412
3.572380 0.223870
3.593394 0.226877
3.614408 0.229892
3.635422 0.230575
3.656436 0.228655
3.677450 0.225015
3.698464 0.226704
3.719478 0.229036
3.740492 0.230820
3.761506 0.229353
3.782520 0.225495
3.803534 0.226963
3.824548 0.227928
3.845562 0.229652
3.866576 0.229321
3.887590 0.225104
3.908604 0.225191
3.929618 0.225320
3.950632 0.227673
3.971646 0.227837
3.992660 0.223901
4.013674 0.224453
4.034688 0.224661
4.055702 0.226640
4.076716 0.227266
4.097730 0.224967
4.118744 0.225522
4.139758 0.224162
4.160772 0.225647
4.181786 0.227438
4.202800 0.225150
4.223814 0.225731
4.244828 0.223893
4.265842 0.224243
4.286856 0.225908
4.307870 0.225651
4.328884 0.226755
4.349898 0.225602
4.370912 0.225763
4.391926 0.228291
4.412940 0.228588
4.433954 0.229347
4.454968 0.227875
4.475982 0.227331
4.496996 0.228450
4.518010 0.228662
4.539023 0.229665
4.560037 0.229474
4.581051 0.229338
4.602065 0.228934
4.623079 0.229381
4.644093 0.230584
4.665107 0.229750
4.686121 0.229354
4.707135 0.229468
4.728149 0.228934
4.749163 0.230790
4.770177 0.231694
4.791191 0.231570
4.812205 0.232085
4.833219 0.232090
4.854233 0.232936
4.875247 0.232819
4.896261 0.231163
4.917275 0.231621
4.938289 0.231369
4.959303 0.232295
4.980317 0.233044
5.001331 0.231348
5.022345 0.230570
5.043359 0.229848
5.064373 0.230702
5.085387 0.230596
5.106401 0.228144
5.127415 0.228813
5.148429 0.228970
5.169443 0.230172
5.190457 0.231057
5.211471 0.230078
5.232485 0.230652
5.253499 0.230575
5.274513 0.230909
5.295527 0.229966
5.316541 0.226970
5.337555 0.227882
5.358569 0.227968
5.379583 0.229011
5.400597 0.229736
5.421611 0.227775
5.442625 0.227404
5.463639 0.226381
5.484653 0.228477
5.505667 0.229790
5.526681 0.229181
5.547695 0.229925
5.568709 0.227051
5.589723 0.227342
5.610737 0.228076
5.631751 0.228507
5.652765 0.228372
5.673779 0.224432
5.694793 0.226098
5.715807 0.228842
5.736821 0.230025
5.757835 0.229140
5.778849 0.223856
5.799863 0.224029
5.820877 0.227813
5.841891 0.230234
5.862905 0.230630
5.883919 0.225868
5.904933 0.224980
5.925947 0.227367
5.946961 0.230028
5.967975 0.231561
5.988989 0.226668
6.010003 0.225375
6.031017 0.227381
6.052031 0.231843
6.073045 0.233802
6.094059 0.228234
6.115073 0.226579
6.136087 0.227143
6.157101 0.230780
6.178115 0.233731
6.199129 0.230845
6.220143 0.228729
6.241157 0.227287
6.262171 0.229158
6.283185 0.233459
