serial number: JANUSZ_4_RI70_21414876
torque: 8.0
start_temp: 30 (31)
finish_temp: 30 (30)
note: j4_pcb_3_4
0.000000 nan
0.021014 0.235323
0.042028 0.236225
0.063042 0.237113
0.084056 0.238687
0.105070 0.240540
0.126084 0.235631
0.147098 0.236271
0.168112 0.235938
0.189126 0.237992
0.210140 0.241136
0.231154 0.237584
0.252168 0.239654
0.273182 0.238675
0.294196 0.239383
0.315210 0.242298
0.336224 0.239089
0.357238 0.239200
0.378252 0.236684
0.399266 0.237592
0.420280 0.242706
0.441294 0.241968
0.462308 0.242562
0.483322 0.238284
0.504336 0.237606
0.525350 0.241967
0.546364 0.242384
0.567378 0.243348
0.588392 0.238735
0.609406 0.239255
0.630420 0.243467
0.651434 0.243732
0.672448 0.244465
0.693462 0.239739
0.714476 0.240186
0.735490 0.242761
0.756504 0.242956
0.777518 0.245101
0.798532 0.239838
0.819546 0.239519
0.840560 0.242037
0.861574 0.242691
0.882588 0.245545
0.903602 0.242043
0.924616 0.241880
0.945630 0.242745
0.966644 0.242789
0.987658 0.245771
1.008672 0.241399
1.029686 0.242464
1.050700 0.242672
1.071714 0.242526
1.092728 0.245051
1.113742 0.241357
1.134756 0.242697
1.155770 0.241843
1.176784 0.241823
1.197798 0.245270
1.218812 0.242603
1.239826 0.244309
1.260840 0.242161
1.281854 0.240790
1.302868 0.243898
1.323882 0.240705
1.344896 0.242558
1.365910 0.241234
1.386924 0.240126
1.407938 0.243596
1.428952 0.239413
1.449966 0.241060
1.470980 0.240109
1.491994 0.240424
1.513008 0.242645
1.534022 0.239030
1.555036 0.242172
1.576050 0.239412
1.597064 0.239839
1.618078 0.242046
1.639092 0.238815
1.660106 0.241732
1.681120 0.239215
1.702134 0.238776
1.723148 0.239670
1.744162 0.238081
1.765176 0.241650
1.786190 0.238555
1.807204 0.239047
1.828218 0.241371
1.849232 0.239720
1.870246 0.243646
1.891260 0.240365
1.912274 0.241191
1.933288 0.242901
1.954302 0.241063
1.975316 0.244148
1.996330 0.240136
2.017344 0.240543
2.038358 0.241485
2.059372 0.241080
2.080386 0.244113
2.101400 0.240815
2.122414 0.242466
2.143428 0.242538
2.164442 0.241954
2.185456 0.244995
2.206470 0.241607
2.227484 0.244339
2.248498 0.244461
2.269512 0.242843
2.290526 0.247030
2.311540 0.244353
2.332554 0.245674
2.353568 0.243553
2.374582 0.242579
2.395596 0.247679
2.416610 0.245909
2.437624 0.248033
2.458638 0.245073
2.479652 0.243027
2.500666 0.247071
2.521680 0.246319
2.542694 0.249196
2.563708 0.245351
2.584722 0.242940
2.605736 0.246204
2.626750 0.246294
2.647764 0.249002
2.668778 0.244972
2.689792 0.242961
2.710806 0.245694
2.731820 0.244420
2.752834 0.246948
2.773848 0.243811
2.794862 0.241995
2.815876 0.243573
2.836890 0.242548
2.857904 0.246519
2.878918 0.244393
2.899932 0.243155
2.920946 0.242899
2.941960 0.241664
2.962974 0.245099
2.983988 0.243466
3.005002 0.242576
3.026016 0.241801
3.047030 0.240189
3.068044 0.243298
3.089058 0.242591
3.110072 0.241659
3.131086 0.239547
3.152100 0.236973
3.173114 0.241286
3.194128 0.241412
3.215142 0.241702
3.236156 0.239472
3.257170 0.236385
3.278184 0.239579
3.299198 0.239586
3.320212 0.239352
3.341226 0.237339
3.362240 0.233179
3.383254 0.235017
3.404268 0.236537
3.425282 0.237374
3.446296 0.235462
3.467310 0.233177
3.488324 0.235487
3.509338 0.235474
3.530352 0.235694
3.551366 0.232979
3.572380 0.231117
3.593394 0.232609
3.614408 0.233097
3.635422 0.233809
3.656436 0.232356
3.677450 0.231049
3.698464 0.232282
3.719478 0.230869
3.740492 0.232825
3.761506 0.232157
3.782520 0.231987
3.803534 0.232525
3.824548 0.232038
3.845562 0.231910
3.866576 0.230942
3.887590 0.230331
3.908604 0.231355
3.929618 0.229698
3.950632 0.228987
3.971646 0.228579
3.992660 0.227455
4.013674 0.227441
4.034688 0.227654
4.055702 0.227535
4.076716 0.227434
4.097730 0.227636
4.118744 0.228485
4.139758 0.229025
4.160772 0.229977
4.181786 0.228998
4.202800 0.227975
4.223814 0.228639
4.244828 0.229970
4.265842 0.232807
4.286856 0.234082
4.307870 0.232242
4.328884 0.231658
4.349898 0.231414
4.370912 0.233324
4.391926 0.234600
4.412940 0.233053
4.433954 0.231073
4.454968 0.231222
4.475982 0.232368
4.496996 0.234154
4.518010 0.233352
4.539023 0.231107
4.560037 0.232776
4.581051 0.234424
4.602065 0.236774
4.623079 0.237015
4.644093 0.235507
4.665107 0.236052
4.686121 0.235138
4.707135 0.235760
4.728149 0.237053
4.749163 0.237072
4.770177 0.237605
4.791191 0.235323
4.812205 0.235648
4.833219 0.236888
4.854233 0.237372
4.875247 0.237525
4.896261 0.233418
4.917275 0.234909
4.938289 0.236121
4.959303 0.238364
4.980317 0.239130
5.001331 0.234775
5.022345 0.235038
5.043359 0.236222
5.064373 0.237735
5.085387 0.238594
5.106401 0.233449
5.127415 0.233586
5.148429 0.233202
5.169443 0.234112
5.190457 0.237268
5.211471 0.234414
5.232485 0.235458
5.253499 0.234829
5.274513 0.235459
5.295527 0.239085
5.316541 0.237153
5.337555 0.237524
5.358569 0.233825
5.379583 0.234979
5.400597 0.238785
5.421611 0.237809
5.442625 0.237610
5.463639 0.231758
5.484653 0.233275
5.505667 0.236488
5.526681 0.236036
5.547695 0.237680
5.568709 0.233640
5.589723 0.233247
5.610737 0.236824
5.631751 0.237037
5.652765 0.238148
5.673779 0.234306
5.694793 0.233578
5.715807 0.235857
5.736821 0.235229
5.757835 0.237437
5.778849 0.234319
5.799863 0.234031
5.820877 0.234904
5.841891 0.235577
5.862905 0.238637
5.883919 0.233629
5.904933 0.233417
5.925947 0.232573
5.946961 0.232384
5.967975 0.236071
5.988989 0.231973
6.010003 0.231814
6.031017 0.233374
6.052031 0.234661
6.073045 0.237201
6.094059 0.233026
6.115073 0.234019
6.136087 0.235273
6.157101 0.236110
6.178115 0.239828
6.199129 0.235142
6.220143 0.234916
6.241157 0.236745
6.262171 0.237285
6.283185 0.239677
