serial number: JANUSZ_4_RI70_21414863
torque: 8.0
start_temp: 30 (30)
finish_temp: 29 (29)
note: joint_J4_pcb_3_4
0.000000 nan
0.021014 0.252307
0.042028 0.252693
0.063042 0.252571
0.084056 0.250008
0.105070 0.253040
0.126084 0.249463
0.147098 0.250262
0.168112 0.248213
0.189126 0.247693
0.210140 0.249550
0.231154 0.246032
0.252168 0.247413
0.273182 0.244943
0.294196 0.245566
0.315210 0.245801
0.336224 0.243291
0.357238 0.245351
0.378252 0.241973
0.399266 0.243374
0.420280 0.242919
0.441294 0.240984
0.462308 0.242844
0.483322 0.239279
0.504336 0.242707
0.525350 0.241067
0.546364 0.241045
0.567378 0.242899
0.588392 0.240206
0.609406 0.244354
0.630420 0.241407
0.651434 0.242401
0.672448 0.242844
0.693462 0.239638
0.714476 0.244361
0.735490 0.241498
0.756504 0.243899
0.777518 0.244423
0.798532 0.240748
0.819546 0.244455
0.840560 0.241272
0.861574 0.245210
0.882588 0.245718
0.903602 0.242634
0.924616 0.245895
0.945630 0.242369
0.966644 0.247082
0.987658 0.246382
1.008672 0.244101
1.029686 0.248590
1.050700 0.244098
1.071714 0.249055
1.092728 0.247517
1.113742 0.245004
1.134756 0.250247
1.155770 0.246637
1.176784 0.251520
1.197798 0.250310
1.218812 0.248302
1.239826 0.252547
1.260840 0.249303
1.281854 0.254908
1.302868 0.252842
1.323882 0.251110
1.344896 0.255993
1.365910 0.252138
1.386924 0.257291
1.407938 0.255851
1.428952 0.254334
1.449966 0.259450
1.470980 0.254494
1.491994 0.259268
1.513008 0.257597
1.534022 0.256564
1.555036 0.261955
1.576050 0.257331
1.597064 0.261994
1.618078 0.260078
1.639092 0.258755
1.660106 0.263743
1.681120 0.259229
1.702134 0.263813
1.723148 0.262062
1.744162 0.261554
1.765176 0.266158
1.786190 0.261703
1.807204 0.267697
1.828218 0.265695
1.849232 0.265107
1.870246 0.270503
1.891260 0.264797
1.912274 0.270704
1.933288 0.268937
1.954302 0.267404
1.975316 0.273130
1.996330 0.266343
2.017344 0.272041
2.038358 0.269599
2.059372 0.267472
2.080386 0.273728
2.101400 0.266799
2.122414 0.272952
2.143428 0.271393
2.164442 0.270124
2.185456 0.275493
2.206470 0.267850
2.227484 0.274755
2.248498 0.272101
2.269512 0.270144
2.290526 0.276042
2.311540 0.268713
2.332554 0.276045
2.353568 0.273035
2.374582 0.271752
2.395596 0.277165
2.416610 0.269351
2.437624 0.277535
2.458638 0.274602
2.479652 0.274317
2.500666 0.280396
2.521680 0.272631
2.542694 0.281054
2.563708 0.276734
2.584722 0.276115
2.605736 0.282438
2.626750 0.273776
2.647764 0.283611
2.668778 0.280083
2.689792 0.279155
2.710806 0.285371
2.731820 0.277191
2.752834 0.287282
2.773848 0.282730
2.794862 0.282246
2.815876 0.288146
2.836890 0.279728
2.857904 0.289557
2.878918 0.284131
2.899932 0.283973
2.920946 0.289393
2.941960 0.281095
2.962974 0.291190
2.983988 0.284621
3.005002 0.286295
3.026016 0.292048
3.047030 0.283657
3.068044 0.293619
3.089058 0.287161
3.110072 0.288227
3.131086 0.292198
3.152100 0.284743
3.173114 0.296009
3.194128 0.288922
3.215142 0.291389
3.236156 0.294491
3.257170 0.285637
3.278184 0.296501
3.299198 0.288421
3.320212 0.292062
3.341226 0.296187
3.362240 0.288401
3.383254 0.300367
3.404268 0.289223
3.425282 0.294074
3.446296 0.297544
3.467310 0.290040
3.488324 0.300868
3.509338 0.290715
3.530352 0.295475
3.551366 0.297036
3.572380 0.290208
3.593394 0.301814
3.614408 0.291319
3.635422 0.296958
3.656436 0.298269
3.677450 0.291352
3.698464 0.302232
3.719478 0.290292
3.740492 0.296868
3.761506 0.295903
3.782520 0.288704
3.803534 0.300184
3.824548 0.287538
3.845562 0.294518
3.866576 0.292983
3.887590 0.286740
3.908604 0.298111
3.929618 0.286213
3.950632 0.294444
3.971646 0.292816
3.992660 0.287174
4.013674 0.297534
4.034688 0.285070
4.055702 0.294110
4.076716 0.290477
4.097730 0.284282
4.118744 0.294311
4.139758 0.280114
4.160772 0.290694
4.181786 0.285796
4.202800 0.280389
4.223814 0.291621
4.244828 0.278312
4.265842 0.290043
4.286856 0.285020
4.307870 0.281126
4.328884 0.290788
4.349898 0.277428
4.370912 0.288959
4.391926 0.282921
4.412940 0.279610
4.433954 0.287481
4.454968 0.274495
4.475982 0.287202
4.496996 0.280191
4.518010 0.279383
4.539023 0.286992
4.560037 0.274271
4.581051 0.286412
4.602065 0.277333
4.623079 0.278124
4.644093 0.284691
4.665107 0.273748
4.686121 0.286626
4.707135 0.275629
4.728149 0.277557
4.749163 0.282797
4.770177 0.273041
4.791191 0.285415
4.812205 0.273896
4.833219 0.278102
4.854233 0.280733
4.875247 0.272136
4.896261 0.283921
4.917275 0.271786
4.938289 0.277668
4.959303 0.277782
4.980317 0.270649
5.001331 0.281460
5.022345 0.269722
5.043359 0.277949
5.064373 0.276963
5.085387 0.271910
5.106401 0.281224
5.127415 0.271182
5.148429 0.280084
5.169443 0.276883
5.190457 0.273709
5.211471 0.281775
5.232485 0.272298
5.253499 0.281011
5.274513 0.277010
5.295527 0.275090
5.316541 0.280701
5.337555 0.273404
5.358569 0.281960
5.379583 0.275775
5.400597 0.277042
5.421611 0.280215
5.442625 0.274255
5.463639 0.281656
5.484653 0.273507
5.505667 0.275469
5.526681 0.277437
5.547695 0.272515
5.568709 0.279768
5.589723 0.272757
5.610737 0.277221
5.631751 0.276116
5.652765 0.272500
5.673779 0.278182
5.694793 0.270699
5.715807 0.276439
5.736821 0.273772
5.757835 0.271037
5.778849 0.273608
5.799863 0.268217
5.820877 0.273981
5.841891 0.269937
5.862905 0.269573
5.883919 0.270505
5.904933 0.266082
5.925947 0.271099
5.946961 0.266744
5.967975 0.268387
5.988989 0.267176
6.010003 0.263952
6.031017 0.267807
6.052031 0.262224
6.073045 0.264374
6.094059 0.261619
6.115073 0.259534
6.136087 0.263001
6.157101 0.257971
6.178115 0.260627
6.199129 0.257521
6.220143 0.256509
6.241157 0.258238
6.262171 0.252813
6.283185 0.255608
