serial number: JANUSZ_4_RI70_21414863
torque: 8.0
start_temp: 30 (31)
finish_temp: 29 (30)
note: joint_J4_pcb_3_4
0.000000 nan
0.021014 0.245473
0.042028 0.246338
0.063042 0.246822
0.084056 0.241493
0.105070 0.244103
0.126084 0.239426
0.147098 0.240712
0.168112 0.241244
0.189126 0.238268
0.210140 0.240717
0.231154 0.236187
0.252168 0.238743
0.273182 0.237819
0.294196 0.236875
0.315210 0.238297
0.336224 0.234449
0.357238 0.235524
0.378252 0.235295
0.399266 0.236558
0.420280 0.236871
0.441294 0.234178
0.462308 0.235766
0.483322 0.234072
0.504336 0.236369
0.525350 0.235342
0.546364 0.233874
0.567378 0.235033
0.588392 0.232481
0.609406 0.236776
0.630420 0.235365
0.651434 0.235381
0.672448 0.236470
0.693462 0.232817
0.714476 0.236583
0.735490 0.235180
0.756504 0.236971
0.777518 0.237486
0.798532 0.234447
0.819546 0.238069
0.840560 0.235583
0.861574 0.238516
0.882588 0.239317
0.903602 0.236480
0.924616 0.239866
0.945630 0.236489
0.966644 0.239646
0.987658 0.240474
1.008672 0.236634
1.029686 0.241968
1.050700 0.238384
1.071714 0.241925
1.092728 0.241651
1.113742 0.238050
1.134756 0.244254
1.155770 0.240822
1.176784 0.245572
1.197798 0.244788
1.218812 0.241226
1.239826 0.246915
1.260840 0.242124
1.281854 0.247122
1.302868 0.246038
1.323882 0.243172
1.344896 0.248883
1.365910 0.245108
1.386924 0.250984
1.407938 0.249583
1.428952 0.246077
1.449966 0.252094
1.470980 0.247193
1.491994 0.251876
1.513008 0.251724
1.534022 0.249141
1.555036 0.255249
1.576050 0.251111
1.597064 0.256632
1.618078 0.255039
1.639092 0.252140
1.660106 0.257494
1.681120 0.252990
1.702134 0.258895
1.723148 0.257191
1.744162 0.255510
1.765176 0.260664
1.786190 0.255276
1.807204 0.261118
1.828218 0.259630
1.849232 0.257656
1.870246 0.263022
1.891260 0.257587
1.912274 0.263413
1.933288 0.261949
1.954302 0.260162
1.975316 0.265517
1.996330 0.258515
2.017344 0.264059
2.038358 0.261833
2.059372 0.260818
2.080386 0.267038
2.101400 0.259974
2.122414 0.266812
2.143428 0.264153
2.164442 0.262288
2.185456 0.268556
2.206470 0.260710
2.227484 0.268191
2.248498 0.265160
2.269512 0.263898
2.290526 0.269730
2.311540 0.260869
2.332554 0.268910
2.353568 0.267003
2.374582 0.264814
2.395596 0.270591
2.416610 0.262848
2.437624 0.271497
2.458638 0.268708
2.479652 0.268130
2.500666 0.274900
2.521680 0.266360
2.542694 0.274397
2.563708 0.269774
2.584722 0.269471
2.605736 0.276880
2.626750 0.267795
2.647764 0.276254
2.668778 0.272202
2.689792 0.272833
2.710806 0.279146
2.731820 0.269533
2.752834 0.279929
2.773848 0.275716
2.794862 0.274215
2.815876 0.280712
2.836890 0.271773
2.857904 0.282021
2.878918 0.276548
2.899932 0.277060
2.920946 0.283762
2.941960 0.274101
2.962974 0.285329
2.983988 0.278838
3.005002 0.278945
3.026016 0.284971
3.047030 0.275647
3.068044 0.287375
3.089058 0.280840
3.110072 0.282769
3.131086 0.287923
3.152100 0.277697
3.173114 0.288716
3.194128 0.280710
3.215142 0.283081
3.236156 0.287464
3.257170 0.278388
3.278184 0.290580
3.299198 0.282068
3.320212 0.284627
3.341226 0.289005
3.362240 0.279710
3.383254 0.292355
3.404268 0.283025
3.425282 0.287993
3.446296 0.291416
3.467310 0.281721
3.488324 0.293962
3.509338 0.282554
3.530352 0.288637
3.551366 0.290764
3.572380 0.282068
3.593394 0.295368
3.614408 0.283099
3.635422 0.290484
3.656436 0.291753
3.677450 0.283549
3.698464 0.296221
3.719478 0.281591
3.740492 0.289371
3.761506 0.288250
3.782520 0.280732
3.803534 0.294325
3.824548 0.277982
3.845562 0.286924
3.866576 0.285945
3.887590 0.279366
3.908604 0.293171
3.929618 0.277716
3.950632 0.287349
3.971646 0.283506
3.992660 0.276501
4.013674 0.289759
4.034688 0.274712
4.055702 0.285816
4.076716 0.281217
4.097730 0.276247
4.118744 0.288071
4.139758 0.273136
4.160772 0.284572
4.181786 0.279129
4.202800 0.274902
4.223814 0.285821
4.244828 0.270414
4.265842 0.283181
4.286856 0.276775
4.307870 0.273257
4.328884 0.283556
4.349898 0.269135
4.370912 0.282835
4.391926 0.274470
4.412940 0.273057
4.433954 0.283147
4.454968 0.268846
4.475982 0.283500
4.496996 0.272997
4.518010 0.272919
4.539023 0.280359
4.560037 0.266889
4.581051 0.282513
4.602065 0.271631
4.623079 0.272925
4.644093 0.279258
4.665107 0.266465
4.686121 0.281215
4.707135 0.268302
4.728149 0.272365
4.749163 0.276603
4.770177 0.266502
4.791191 0.280245
4.812205 0.266839
4.833219 0.273818
4.854233 0.276449
4.875247 0.268008
4.896261 0.280363
4.917275 0.266362
4.938289 0.274183
4.959303 0.274763
4.980317 0.268946
5.001331 0.279739
5.022345 0.265965
5.043359 0.274879
5.064373 0.272805
5.085387 0.268317
5.106401 0.278160
5.127415 0.265750
5.148429 0.275614
5.169443 0.271260
5.190457 0.269105
5.211471 0.277514
5.232485 0.267248
5.253499 0.277676
5.274513 0.270642
5.295527 0.269710
5.316541 0.275895
5.337555 0.266602
5.358569 0.276466
5.379583 0.267708
5.400597 0.269400
5.421611 0.272732
5.442625 0.265619
5.463639 0.275258
5.484653 0.265943
5.505667 0.271245
5.526681 0.272058
5.547695 0.267312
5.568709 0.274877
5.589723 0.264963
5.610737 0.271087
5.631751 0.269384
5.652765 0.265032
5.673779 0.271384
5.694793 0.262866
5.715807 0.269294
5.736821 0.266796
5.757835 0.264175
5.778849 0.268666
5.799863 0.260986
5.820877 0.267628
5.841891 0.262985
5.862905 0.261585
5.883919 0.264354
5.904933 0.259214
5.925947 0.265560
5.946961 0.258645
5.967975 0.260388
5.988989 0.261491
6.010003 0.258207
6.031017 0.263030
6.052031 0.255659
6.073045 0.257972
6.094059 0.256584
6.115073 0.254268
6.136087 0.257750
6.157101 0.251298
6.178115 0.255231
6.199129 0.252426
6.220143 0.250259
6.241157 0.252490
6.262171 0.247605
6.283185 0.251044
