serial number: JANUSZ_4_RI70_21414863
torque: 8.0
start_temp: 30 (30)
finish_temp: 29 (30)
note: joint_J4_pcb_3_4
0.000000 nan
0.021014 0.259130
0.042028 0.261152
0.063042 0.258899
0.084056 0.255274
0.105070 0.255210
0.126084 0.250399
0.147098 0.252003
0.168112 0.250123
0.189126 0.250486
0.210140 0.251768
0.231154 0.248395
0.252168 0.250439
0.273182 0.246741
0.294196 0.250511
0.315210 0.250266
0.336224 0.247219
0.357238 0.249392
0.378252 0.245179
0.399266 0.249465
0.420280 0.246540
0.441294 0.245200
0.462308 0.248523
0.483322 0.244316
0.504336 0.248903
0.525350 0.244582
0.546364 0.245116
0.567378 0.245931
0.588392 0.242454
0.609406 0.247708
0.630420 0.243337
0.651434 0.244838
0.672448 0.245141
0.693462 0.241165
0.714476 0.247166
0.735490 0.242501
0.756504 0.246438
0.777518 0.246735
0.798532 0.242931
0.819546 0.248475
0.840560 0.242917
0.861574 0.247619
0.882588 0.246148
0.903602 0.243893
0.924616 0.249999
0.945630 0.244296
0.966644 0.250733
0.987658 0.248751
1.008672 0.246388
1.029686 0.252337
1.050700 0.246289
1.071714 0.252020
1.092728 0.249509
1.113742 0.248852
1.134756 0.254251
1.155770 0.248959
1.176784 0.256678
1.197798 0.253239
1.218812 0.252127
1.239826 0.257293
1.260840 0.252190
1.281854 0.259792
1.302868 0.256034
1.323882 0.255774
1.344896 0.261067
1.365910 0.255837
1.386924 0.262664
1.407938 0.258786
1.428952 0.259118
1.449966 0.263440
1.470980 0.258457
1.491994 0.265247
1.513008 0.261710
1.534022 0.262085
1.555036 0.265167
1.576050 0.261630
1.597064 0.269364
1.618078 0.264886
1.639092 0.264740
1.660106 0.268511
1.681120 0.263406
1.702134 0.270042
1.723148 0.266568
1.744162 0.267566
1.765176 0.272459
1.786190 0.267371
1.807204 0.273972
1.828218 0.268721
1.849232 0.269170
1.870246 0.273616
1.891260 0.268126
1.912274 0.275668
1.933288 0.271508
1.954302 0.271918
1.975316 0.275620
1.996330 0.270440
2.017344 0.277867
2.038358 0.274238
2.059372 0.274033
2.080386 0.277586
2.101400 0.271434
2.122414 0.278428
2.143428 0.274961
2.164442 0.275363
2.185456 0.279103
2.206470 0.271836
2.227484 0.279201
2.248498 0.275234
2.269512 0.275874
2.290526 0.280376
2.311540 0.273439
2.332554 0.281453
2.353568 0.278118
2.374582 0.280278
2.395596 0.283492
2.416610 0.275584
2.437624 0.284127
2.458638 0.279277
2.479652 0.280244
2.500666 0.284034
2.521680 0.277799
2.542694 0.286818
2.563708 0.282456
2.584722 0.282254
2.605736 0.286896
2.626750 0.279850
2.647764 0.288438
2.668778 0.283223
2.689792 0.284619
2.710806 0.289316
2.731820 0.281869
2.752834 0.290050
2.773848 0.283947
2.794862 0.286626
2.815876 0.291038
2.836890 0.284134
2.857904 0.293389
2.878918 0.287461
2.899932 0.289739
2.920946 0.293165
2.941960 0.287118
2.962974 0.296886
2.983988 0.290699
3.005002 0.293193
3.026016 0.295872
3.047030 0.289207
3.068044 0.298464
3.089058 0.291761
3.110072 0.294825
3.131086 0.297955
3.152100 0.291568
3.173114 0.300879
3.194128 0.293192
3.215142 0.297398
3.236156 0.300048
3.257170 0.294208
3.278184 0.303668
3.299198 0.294930
3.320212 0.298906
3.341226 0.299569
3.362240 0.294031
3.383254 0.303879
3.404268 0.294457
3.425282 0.299262
3.446296 0.299952
3.467310 0.294907
3.488324 0.305585
3.509338 0.295343
3.530352 0.301026
3.551366 0.300775
3.572380 0.295016
3.593394 0.304975
3.614408 0.293637
3.635422 0.300964
3.656436 0.301029
3.677450 0.295761
3.698464 0.305038
3.719478 0.292733
3.740492 0.300502
3.761506 0.298584
3.782520 0.293517
3.803534 0.302684
3.824548 0.290349
3.845562 0.297613
3.866576 0.294709
3.887590 0.289069
3.908604 0.298246
3.929618 0.285704
3.950632 0.293380
3.971646 0.289886
3.992660 0.285464
4.013674 0.295746
4.034688 0.281984
4.055702 0.291105
4.076716 0.287468
4.097730 0.283776
4.118744 0.293283
4.139758 0.280826
4.160772 0.290721
4.181786 0.285876
4.202800 0.281848
4.223814 0.290084
4.244828 0.278162
4.265842 0.288973
4.286856 0.282794
4.307870 0.280185
4.328884 0.288080
4.349898 0.276040
4.370912 0.288055
4.391926 0.279534
4.412940 0.278643
4.433954 0.285517
4.454968 0.274994
4.475982 0.286796
4.496996 0.277585
4.518010 0.277883
4.539023 0.284178
4.560037 0.273443
4.581051 0.285610
4.602065 0.274507
4.623079 0.276700
4.644093 0.281596
4.665107 0.271128
4.686121 0.283881
4.707135 0.274925
4.728149 0.277709
4.749163 0.280829
4.770177 0.272443
4.791191 0.283727
4.812205 0.272290
4.833219 0.277380
4.854233 0.278255
4.875247 0.271571
4.896261 0.282531
4.917275 0.271375
4.938289 0.277720
4.959303 0.277626
4.980317 0.272138
5.001331 0.282083
5.022345 0.271870
5.043359 0.279409
5.064373 0.276835
5.085387 0.273824
5.106401 0.282454
5.127415 0.272594
5.148429 0.280883
5.169443 0.277405
5.190457 0.276083
5.211471 0.281767
5.232485 0.274168
5.253499 0.282987
5.274513 0.278210
5.295527 0.277792
5.316541 0.281897
5.337555 0.274806
5.358569 0.283191
5.379583 0.277337
5.400597 0.278647
5.421611 0.280921
5.442625 0.275437
5.463639 0.282614
5.484653 0.275569
5.505667 0.278687
5.526681 0.279877
5.547695 0.275823
5.568709 0.281397
5.589723 0.275443
5.610737 0.279191
5.631751 0.279226
5.652765 0.277022
5.673779 0.281394
5.694793 0.275914
5.715807 0.280882
5.736821 0.278069
5.757835 0.276227
5.778849 0.278459
5.799863 0.274089
5.820877 0.279189
5.841891 0.275352
5.862905 0.275478
5.883919 0.275584
5.904933 0.272659
5.925947 0.276454
5.946961 0.272147
5.967975 0.273201
5.988989 0.271905
6.010003 0.270737
6.031017 0.273528
6.052031 0.268251
6.073045 0.270457
6.094059 0.267844
6.115073 0.267922
6.136087 0.268481
6.157101 0.264484
6.178115 0.267998
6.199129 0.263535
6.220143 0.263951
6.241157 0.264411
6.262171 0.261475
6.283185 0.263916
