serial number: JANUSZ_2_RI80_21414848
torque: 16
start_temp: 26 (26)
finish_temp: 26 (26)
note: z janusza 2, os 1, smar CX80 Ceracx przed wymieszaniem, nowa przekładnia
0.000000 0.110026 25.893260 7897.928177
0.020010 0.107736 25.886270 8040.886486
0.040020 0.109922 25.941087 8186.250000
0.060030 0.109594 25.906448 8303.109290
0.080041 0.108763 25.911694 8454.939891
0.100051 0.108762 25.877609 8585.260870
0.120061 0.108773 25.896000 8712.654054
0.140071 0.110460 25.920000 8859.000000
0.160081 0.110987 25.909274 8969.748603
0.180091 0.108534 25.860652 9107.250000
0.200101 0.109774 25.906077 9240.546961
0.220112 0.109789 25.923716 9346.060109
0.240122 0.110550 25.911602 9480.237569
0.260132 0.109979 25.891050 9584.508287
0.280142 0.107440 25.896043 9694.240642
0.300152 0.109772 25.908352 9810.472527
0.320162 0.109654 25.893846 9889.082418
0.340172 0.108932 25.909565 9991.853261
0.360183 0.110287 25.887374 10080.608939
0.380193 0.109467 25.936649 10151.924324
0.400203 0.110782 25.920889 10243.644444
0.420213 0.111406 25.883352 10305.731844
0.440223 0.108259 25.873763 10382.629032
0.460233 0.110664 25.848889 10462.166667
0.480243 0.111546 25.912000 10516.022222
0.500254 0.111123 25.896354 10596.237569
0.520264 0.110444 25.895556 10656.844444
0.540274 0.108038 25.853989 10717.590164
0.560284 0.111063 25.830164 10788.754098
0.580294 0.111597 25.882022 10833.112360
0.600304 0.108514 25.881957 10898.206522
0.620314 0.110807 25.919558 10952.712707
0.640325 0.109024 25.926087 10995.456522
0.660335 0.112109 25.907486 11053.670391
0.680345 0.111985 25.891525 11089.672316
0.700355 0.108217 25.870753 11137.752688
0.720365 0.112274 25.907571 11182.485876
0.740375 0.111559 25.880667 11213.561111
0.760385 0.109654 25.870601 11261.196721
0.780396 0.110501 25.866740 11295.066298
0.800406 0.108438 25.890426 11332.212766
0.820416 0.112655 25.917241 11371.264368
0.840426 0.112171 25.870838 11397.245810
0.860436 0.107544 25.883871 11437.827957
0.880446 0.111898 25.860782 11473.681564
0.900456 0.110276 25.930110 11500.126374
0.920467 0.111962 25.921798 11542.179775
0.940477 0.110666 25.905556 11564.922222
0.960487 0.106560 25.943529 11605.219251
0.980497 0.112013 25.934444 11638.544444
1.000507 0.112054 25.837079 11664.179775
1.020517 0.109499 25.875385 11704.884615
1.040528 0.110276 25.924615 11730.439560
1.060538 0.109399 25.911475 11764.934426
1.080548 0.112122 25.882472 11797.443820
1.100558 0.111141 25.896000 11819.522222
1.120568 0.107423 25.919355 11856.548387
1.140578 0.111811 25.874637 11881.044693
1.160588 0.110164 25.892527 11906.895604
1.180599 0.111513 25.913520 11935.793296
1.200609 0.109724 25.896264 11954.571429
1.220619 0.107580 25.915269 11984.129032
1.240629 0.112321 25.909944 12005.480447
1.260639 0.111245 25.923556 12026.044444
1.280649 0.108805 25.897609 12054.260870
1.300659 0.110438 25.916022 12071.375691
1.320670 0.110129 25.948889 12100.194444
1.340680 0.112887 25.905169 12122.252809
1.360690 0.111198 25.936000 12140.988889
1.380700 0.108353 25.893622 12173.183784
1.400710 0.112262 25.905169 12189.921348
1.420720 0.111143 25.901778 12218.122222
1.440730 0.111853 25.915955 12243.764045
1.460741 0.109099 25.910000 12260.135870
1.480751 0.109081 25.902609 12294.777174
1.500761 0.114134 25.898079 12311.796610
1.520771 0.111764 25.909663 12334.589888
1.540781 0.108131 25.868478 12363.500000
1.560791 0.110579 25.927735 12376.000000
1.580801 0.111316 25.865251 12406.150838
1.600812 0.112162 25.929832 12425.072626
1.620822 0.110138 25.888222 12438.755556
1.640832 0.108786 25.918919 12468.059459
1.660842 0.112304 25.916180 12481.870787
1.680852 0.111593 25.934444 12502.327778
1.700862 0.110413 25.917582 12522.142857
1.720872 0.109082 25.888962 12537.300546
1.740883 0.109964 25.926851 12564.143646
1.760893 0.112930 25.896854 12576.752809
1.780903 0.111617 25.917542 12600.340782
1.800913 0.109397 25.920656 12624.934426
1.820923 0.111423 25.906222 12637.072222
1.840933 0.112921 25.882045 12670.875000
1.860943 0.112772 25.892584 12687.337079
1.880954 0.110370 25.890608 12705.425414
1.900964 0.109423 25.925683 12740.240437
1.920974 0.113655 25.935771 12752.497143
1.940984 0.112861 25.899665 12782.094972
1.960994 0.110608 25.926222 12806.533333
1.981004 0.110893 25.889061 12821.342541
2.001014 0.111919 25.888989 12857.455056
2.021025 0.114056 25.857045 12872.653409
2.041035 0.111641 25.915932 12896.954802
2.061045 0.110518 25.863825 12926.934426
2.081055 0.113136 25.890000 12942.465909
2.101065 0.113929 25.905311 12977.152542
2.121075 0.112984 25.838182 12996.750000
2.141085 0.110992 25.893408 13019.664804
2.161096 0.111169 25.900000 13054.695652
2.181106 0.114361 25.927907 13072.401163
2.201116 0.112630 25.869663 13107.000000
2.221126 0.109658 25.917609 13131.461957
2.241136 0.111267 25.873708 13155.432584
2.261146 0.111490 25.885083 13192.795580
2.281156 0.113435 25.926857 13213.274286
2.301167 0.111231 25.916022 13245.016575
2.321177 0.110179 25.892155 13278.265193
2.341187 0.113130 25.905169 13299.971910
2.361197 0.113618 25.897143 13343.400000
2.381207 0.111855 25.892809 13366.073034
2.401217 0.110459 25.903736 13400.675824
2.421227 0.110725 25.897143 13442.241758
2.441238 0.114615 25.946437 13470.310345
2.461248 0.111646 25.934831 13516.651685
2.481258 0.109688 25.944396 13552.126374
2.501268 0.096927 25.878777 13609.275109
2.521278 0.091905 25.884785 13672.837321
2.541288 0.113496 25.917727 13674.261364
2.561298 0.104903 25.860138 13730.924138
2.581309 0.103237 25.849119 13773.455959
2.601319 0.106518 25.878316 13814.915789
2.621329 0.108641 25.951522 13879.717391
2.641339 0.107532 25.914595 13922.627027
2.661349 0.105353 25.874286 13980.867725
2.681359 0.108169 25.925405 14050.708108
2.701369 0.109888 25.919116 14100.193370
2.721380 0.107475 25.877219 14177.743316
2.741390 0.109084 25.910217 14242.510870
2.761400 0.109108 25.883978 14310.823204
2.781410 0.110316 25.921093 14401.327869
2.801420 0.111157 25.913111 14465.066667
2.821430 0.109281 25.891522 14553.538043
2.841440 0.110606 25.907333 14642.872222
2.861451 0.110622 25.866961 14718.270718
2.881461 0.110217 25.924199 14824.558011
2.901471 0.109924 25.904481 14906.508197
2.921481 0.109992 25.883736 15002.835165
2.941491 0.112084 25.903240 15116.994413
2.961501 0.111651 25.906889 15202.905556
2.981511 0.109475 25.912308 15322.884615
3.001522 0.112164 25.897430 15432.480447
3.021532 0.110697 25.887956 15538.160221
3.041542 0.111329 25.919556 15676.161111
3.061552 0.112280 25.903771 15781.394286
3.081562 0.110945 25.910549 15909.225275
3.101572 0.113451 25.892571 16051.377143
3.121583 0.113004 25.868539 16163.668539
3.141593 0.112591 25.864181 15019.757062
3.161603 0.112610 25.878418 60.406780
3.181613 0.112186 25.883556 191.333333
3.201623 0.114376 25.865143 347.028571
3.221633 0.112943 25.888136 463.491525
3.241643 0.110475 25.886409 607.370166
3.261654 0.114341 25.928914 746.308571
3.281664 0.113354 25.921591 861.357955
3.301674 0.112661 25.834124 1007.333333
3.321684 0.111553 25.890608 1118.812155
3.341694 0.110805 25.932514 1237.653631
3.361704 0.114099 25.890455 1366.795455
3.381714 0.111664 25.875333 1458.444444
3.401725 0.111484 25.900782 1576.106145
3.421735 0.112451 25.859326 1674.084270
3.441745 0.112346 25.938994 1761.837989
3.461755 0.112945 25.910227 1866.073864
3.481765 0.110448 25.869834 1937.414365
3.501775 0.110814 25.870838 2022.139665
3.521785 0.113546 25.877753 2105.230337
3.541796 0.111406 25.883333 2166.100000
3.561806 0.112167 25.885714 2247.531429
3.581816 0.110738 25.908352 2305.538462
3.601826 0.112925 25.898305 2366.446328
3.621836 0.114401 25.926554 2436.762712
3.641846 0.110795 25.914222 2481.161111
3.661856 0.110765 25.897753 2544.000000
3.681867 0.112329 25.879779 2596.624309
3.701877 0.112393 25.940899 2642.033708
3.721887 0.113771 25.874713 2702.063218
3.741897 0.109837 25.919781 2739.032787
3.761907 0.112384 25.866292 2788.213483
3.781917 0.114445 25.909655 2835.994253
3.801927 0.111954 25.910667 2869.550000
3.821938 0.112011 25.904530 2920.237569
3.841948 0.109500 25.883556 2950.733333
3.861958 0.113395 25.867955 2988.420455
3.881968 0.114331 25.900791 3028.644068
3.901978 0.110951 25.903955 3054.474576
3.921988 0.111387 25.873149 3092.342541
3.941998 0.112439 25.893184 3123.368715
3.962009 0.113963 25.894713 3147.873563
3.982019 0.113726 25.893785 3186.604520
4.002029 0.109508 25.909451 3206.862637
4.022039 0.113261 25.898757 3240.112994
4.042049 0.113542 25.905455 3270.823864
4.062059 0.112177 25.853933 3292.814607
4.082069 0.112193 25.890337 3328.275281
4.102080 0.109869 25.901858 3350.622951
4.122090 0.113442 25.897401 3378.632768
4.142100 0.112711 25.884068 3410.033898
4.162110 0.108240 25.916324 3427.924324
4.182120 0.110931 25.916180 3458.825843
4.202130 0.111548 25.925304 3480.320442
4.222140 0.111788 25.818652 3502.775281
4.242151 0.111926 25.915359 3530.408840
4.262161 0.108261 25.930769 3544.730769
4.282171 0.112932 25.908603 3574.368715
4.302181 0.112075 25.872809 3593.646067
4.322191 0.110002 25.851778 3610.011111
4.342201 0.110693 25.890769 3642.587912
4.362211 0.109585 25.901189 3655.162162
4.382222 0.113216 25.869486 3679.737143
4.402232 0.112700 25.896949 3707.440678
4.422242 0.107147 25.887568 3718.005405
4.442252 0.111514 25.878444 3746.255556
4.462262 0.111712 25.888619 3765.044199
4.482272 0.111460 25.920449 3780.921348
4.502282 0.110654 25.906298 3805.320442
4.522293 0.107959 25.879784 3817.832432
4.542303 0.112388 25.911508 3841.094972
4.562313 0.112147 25.920455 3855.943182
4.582323 0.109085 25.922595 3870.378378
4.602333 0.109014 25.909290 3897.491803
4.622343 0.108940 25.918710 3906.150538
4.642353 0.111306 25.930279 3924.486034
4.662364 0.110463 25.947403 3948.027624
4.682374 0.105503 25.881064 3959.606383
4.702384 0.108889 25.892973 3981.075676
4.722394 0.108871 25.934565 3994.918478
4.742404 0.108420 25.885000 4016.755435
4.762414 0.109033 25.911087 4039.336957
4.782424 0.106523 25.896170 4048.904255
4.802435 0.109893 25.939016 4078.792350
4.822445 0.110423 25.899778 4096.105556
4.842455 0.106767 25.908449 4108.203209
4.862465 0.108366 25.924130 4139.570652
4.882475 0.108217 25.928432 4152.362162
4.902485 0.109839 25.865934 4170.214286
4.922495 0.109466 25.892667 4192.744444
4.942506 0.106208 25.915000 4208.484375
4.962516 0.109248 25.910383 4231.404372
4.982526 0.110723 25.862983 4242.480663
5.002536 0.108560 25.887826 4265.836957
5.022546 0.108872 25.858142 4289.770492
5.042556 0.106948 25.863191 4299.085106
5.062567 0.109867 25.897238 4328.138122
5.082577 0.110632 25.871160 4347.121547
5.102587 0.106139 25.883830 4362.968085
5.122597 0.109269 25.881304 4395.847826
5.142607 0.109371 25.918470 4410.754098
5.162617 0.109752 25.913370 4436.254144
5.182627 0.109716 25.821639 4465.366120
5.202638 0.106105 25.927447 4482.515957
5.222648 0.110019 25.921788 4515.782123
5.242658 0.111348 25.909071 4535.994536
5.262668 0.107745 25.918065 4559.956989
5.282678 0.108478 25.908791 4595.060440
5.302688 0.107173 25.918723 4610.356383
5.322698 0.110042 25.934286 4646.269231
5.342709 0.110347 25.896044 4669.478022
5.362719 0.106019 25.893904 4693.759358
5.382729 0.109481 25.862514 4732.207650
5.402739 0.109383 25.883956 4747.032967
5.422749 0.109009 25.908541 4788.200000
5.442759 0.109893 25.943516 4812.357143
5.462769 0.106211 25.906310 4844.192513
5.482780 0.109263 25.893913 4882.000000
5.502790 0.111008 25.905414 4910.127072
5.522800 0.107528 25.912258 4946.897849
5.542810 0.109173 25.930549 4988.032967
5.562820 0.106800 25.875957 5015.898936
5.582830 0.109582 25.860331 5064.209945
5.602840 0.109946 25.879565 5098.521739
5.622851 0.106037 25.862581 5141.629032
5.642861 0.109693 25.920440 5191.318681
5.662871 0.110490 25.916757 5225.345946
5.682881 0.109311 25.918674 5281.906077
5.702891 0.109540 25.918261 5327.711957
5.722901 0.107496 25.921514 5374.627027
5.742911 0.110384 25.927253 5435.181319
5.762922 0.111580 25.909834 5476.585635
5.782932 0.108313 25.876066 5541.409836
5.802942 0.109395 25.901538 5601.500000
5.822952 0.108575 25.921946 5652.578378
5.842962 0.111125 25.937778 5728.038889
5.862972 0.110018 25.880220 5782.675824
5.882982 0.107161 25.908602 5856.413978
5.902993 0.110771 25.893923 5934.486188
5.923003 0.109866 25.875165 5992.675824
5.943013 0.110204 25.921538 6083.131868
5.963023 0.110442 25.913591 6158.646409
5.983033 0.108707 25.889130 6237.760870
6.003043 0.111362 25.917111 6335.755556
6.023053 0.111097 25.965363 6406.938547
6.043064 0.107607 25.851979 6510.823529
6.063074 0.110017 25.916243 6610.088398
6.083084 0.109384 25.882162 6696.691892
6.103094 0.110046 25.921333 6816.144444
6.123104 0.109356 25.893043 6911.423913
6.143114 0.107808 25.930870 7026.836957
6.163124 0.110178 25.915580 7151.580110
6.183135 0.111081 25.943333 7250.744444
6.203145 0.109811 25.882857 7389.796703
6.223155 0.110174 25.889399 7514.978142
6.243165 0.108762 25.890273 7635.158470
6.263175 0.109964 25.869231 7781.862637
