-0.496011 -9.403299 24.000000
-0.449008 -8.862463 24.000000
-0.397338 -8.334061 24.000000
-0.350359 -7.808130 24.000000
-0.298590 -7.243157 24.000000
-0.246566 -6.645476 24.000000
-0.199825 -6.053339 24.000000
-0.147978 -5.366519 24.000000
-0.101197 -4.734485 24.000000
-0.049467 -3.885037 24.000000
0.000000 0.000000 24.000000
0.049397 3.872560 24.000000
0.101124 4.708894 24.000000
0.147954 5.390164 24.000000
0.199994 6.065974 24.000000
0.246502 6.651410 24.000000
0.298347 7.248362 24.000000
0.350310 7.879506 24.000000
0.397507 8.211431 24.000000
0.448661 8.681781 24.000000
0.496236 9.240699 24.000000
0.547901 9.376887 24.000000
