0.495657 9.082839 24.000000
0.449238 8.530047 24.000000
0.397148 8.022698 24.000000
0.350213 7.621583 24.000000
0.298670 7.046021 24.000000
0.246664 6.370377 24.000000
0.199935 5.766947 24.000000
0.148065 5.159647 24.000000
0.101317 4.595193 24.000000
0.049396 3.852215 24.000000
0.000000 0.000000 24.000000
-0.049410 -3.857418 24.000000
-0.101473 -4.563124 24.000000
-0.148143 -5.085551 24.000000
-0.199927 -5.768680 24.000000
-0.246778 -6.358662 24.000000
-0.298916 -6.947016 24.000000
-0.350818 -7.439494 24.000000
-0.397375 -7.875636 24.000000
-0.449222 -8.333739 24.000000
-0.495953 -8.723172 24.000000
-0.547788 -9.160716 24.000000
