-0.496287 -7.952622 26.000000
-0.449788 -7.670072 26.000000
-0.397676 -7.259293 26.000000
-0.351083 -6.781818 26.000000
-0.298725 -6.358038 26.000000
-0.246934 -5.857268 26.000000
-0.200011 -5.403988 26.000000
-0.148240 -4.827860 26.000000
-0.101141 -4.285322 26.000000
-0.049119 -3.608007 26.000000
0.000000 0.000000 26.000000
0.049366 3.623746 26.000000
0.101244 4.291589 26.000000
0.148092 4.865819 26.000000
0.199897 5.409639 26.000000
0.246889 5.830381 26.000000
0.298259 6.391182 26.000000
0.350297 6.927819 26.000000
0.397455 7.254131 26.000000
0.448781 7.702515 26.000000
0.495815 8.173623 26.000000
0.547394 8.408175 26.000000
