0.495377 8.155293 26.000000
0.449219 7.658552 26.000000
0.397202 7.157155 26.000000
0.350092 6.882948 26.040000
0.298519 6.371861 26.000000
0.246490 5.804831 26.000000
0.199897 5.293032 26.000000
0.147966 4.763913 26.000000
0.101159 4.278535 26.000000
0.049229 3.641468 26.080000
0.000000 0.000000 26.000000
-0.049450 -3.658792 26.040000
-0.101218 -4.280129 26.000000
-0.148016 -4.734809 26.040000
-0.199702 -5.314362 26.040000
-0.246609 -5.853823 26.080000
-0.298576 -6.355887 26.080000
-0.350690 -6.783126 26.040000
-0.397222 -7.170962 26.080000
-0.449329 -7.639130 26.000000
-0.495988 -7.927230 26.000000
-0.547894 -8.401120 26.160000
