-0.495889 -8.646720 24.000000
-0.449120 -8.274220 24.000000
-0.397301 -7.780144 24.040000
-0.350428 -7.268320 24.000000
-0.298648 -6.774870 24.000000
-0.246820 -6.226760 24.000000
-0.199773 -5.729153 24.000000
-0.147987 -5.105331 24.240000
-0.101219 -4.491533 24.080000
-0.049063 -3.749206 24.200000
0.000000 0.000000 24.120000
0.049319 3.781436 24.040000
0.101143 4.526199 24.080000
0.147990 5.131550 24.200000
0.200059 5.762121 24.280000
0.246787 6.233852 24.000000
0.298372 6.851623 24.120000
0.350371 7.418492 24.320000
0.397463 7.755017 24.320000
0.448908 8.219881 24.320000
0.495929 8.705464 24.480000
0.548464 8.917367 24.760000
