0.495840 8.651318 24.920000
0.449382 8.157862 24.760000
0.396878 7.613411 25.000000
0.350007 7.285589 24.840000
0.298565 6.754482 24.920000
0.246715 6.104216 25.000000
0.199855 5.561276 25.000000
0.147890 4.951859 24.920000
0.101280 4.430117 25.000000
0.049211 3.751440 25.000000
0.000000 0.000000 25.000000
-0.049296 -3.776066 25.000000
-0.101281 -4.458350 25.000000
-0.147963 -4.981375 25.000000
-0.199798 -5.609199 25.000000
-0.246518 -6.194105 25.000000
-0.298616 -6.747909 25.000000
-0.350738 -7.229668 25.000000
-0.397344 -7.640792 25.000000
-0.449438 -8.070762 25.000000
-0.495780 -8.419201 25.000000
-0.547931 -8.827472 25.000000
