-0.496195 -8.308077 25.000000
-0.449515 -7.965689 25.000000
-0.397369 -7.591563 25.000000
-0.350641 -7.068545 25.000000
-0.298564 -6.582863 25.000000
-0.246755 -6.059014 25.000000
-0.199823 -5.571654 25.000000
-0.148048 -4.995705 25.000000
-0.101328 -4.387316 25.000000
-0.049141 -3.704772 25.000000
0.000000 0.000000 25.000000
0.049263 3.696175 25.000000
0.101287 4.425373 25.000000
0.147957 4.997494 25.000000
0.200029 5.627338 25.000000
0.246942 6.080314 25.000000
0.298693 6.647375 25.000000
0.350718 7.198111 25.000000
0.397524 7.569049 25.000000
0.449026 8.013410 25.000000
0.495983 8.445063 25.000000
0.547720 8.718179 25.000000
