0.495795 8.446836 24.960000
0.449341 7.926613 25.000000
0.397228 7.434049 25.000000
0.350009 7.174985 25.000000
0.298736 6.663732 25.000000
0.246581 6.006086 25.000000
0.199844 5.468106 25.000000
0.147687 4.892259 25.000000
0.100806 4.360287 25.000000
0.049227 3.702619 25.000000
0.000000 0.000000 25.000000
-0.049576 -3.710303 25.000000
-0.101262 -4.405970 25.000000
-0.147961 -4.910749 25.000000
-0.199730 -5.531464 25.000000
-0.246516 -6.078774 25.000000
-0.298622 -6.596777 25.000000
-0.350443 -7.104432 25.000000
-0.397154 -7.481310 25.000000
-0.449214 -7.931843 25.000000
-0.495883 -8.297437 25.040000
-0.547958 -8.727520 25.040000
