-0.496156 -8.200700 25.000000
-0.449149 -7.857980 25.000000
-0.397351 -7.413433 25.000000
-0.350660 -6.937555 25.000000
-0.298486 -6.457982 25.000000
-0.246763 -5.965150 25.080000
-0.199809 -5.518539 25.080000
-0.147865 -4.926368 25.000000
-0.101093 -4.354406 25.160000
-0.049369 -3.657878 25.000000
0.000000 0.000000 25.000000
0.049462 3.674306 25.120000
0.101307 4.364475 25.040000
0.148119 4.943578 25.160000
0.199967 5.547446 25.160000
0.246893 5.958252 25.080000
0.298525 6.506866 25.000000
0.350287 7.075951 25.160000
0.397328 7.397884 25.280000
0.448524 7.838879 25.440000
0.496022 8.312164 25.440000
0.548096 8.530499 25.320000
