0.495770 8.330755 25.480000
0.449330 7.807097 25.840000
0.397247 7.286849 25.520000
0.350083 7.049702 25.600000
0.298596 6.502327 25.800000
0.246639 5.904326 25.800000
0.199982 5.392617 25.680000
0.147852 4.816675 25.840000
0.101106 4.318901 25.880000
0.049289 3.676715 25.960000
0.000000 0.000000 25.880000
-0.049228 -3.720303 25.600000
-0.101258 -4.374568 25.920000
-0.148004 -4.829779 26.000000
-0.199714 -5.423780 25.920000
-0.246551 -5.986816 26.000000
-0.298581 -6.491788 25.800000
-0.351206 -6.998578 25.960000
-0.397378 -7.414432 25.960000
-0.449794 -7.829689 26.000000
-0.495903 -8.181751 26.000000
-0.548424 -8.596749 26.000000
