-0.496238 -8.087355 26.000000
-0.449413 -7.777716 26.000000
-0.397279 -7.343021 26.000000
-0.350682 -6.867637 26.000000
-0.298506 -6.392482 26.000000
-0.246713 -5.915402 26.000000
-0.199939 -5.456112 26.000000
-0.147993 -4.884998 26.000000
-0.101076 -4.338406 26.000000
-0.049213 -3.651650 26.000000
0.000000 0.000000 26.000000
0.049350 3.663885 26.000000
0.101169 4.353669 26.000000
0.148017 4.920817 26.000000
0.200035 5.515566 26.000000
0.246834 5.906628 26.000000
0.298325 6.502577 26.000000
0.350146 7.046220 26.000000
0.397073 7.352265 26.000000
0.448809 7.831899 26.000000
0.496248 8.250279 26.000000
0.547969 8.452077 26.000000
