0.495809 8.232294 26.000000
0.449290 7.740555 26.000000
0.397081 7.227685 26.000000
0.350149 6.985761 26.000000
0.298606 6.485790 26.000000
0.246692 5.866132 26.000000
0.200003 5.316641 26.000000
0.147868 4.764916 26.000000
0.101165 4.283560 26.000000
0.049205 3.674095 26.000000
0.000000 0.000000 26.000000
-0.049462 -3.682533 26.000000
-0.101160 -4.308272 26.000000
-0.148055 -4.774930 26.000000
-0.199700 -5.371569 26.000000
-0.246460 -5.920493 26.000000
-0.298556 -6.439304 26.000000
-0.350483 -6.893506 26.000000
-0.397240 -7.262497 26.000000
-0.449064 -7.694129 26.000000
-0.495693 -8.018923 26.000000
-0.547779 -8.442704 26.000000
