serial number: JANUSZ_3_RI70_21414866
torque: 8
start_temp: 30 (31)
finish_temp: 30 (30)
note: nie dziala, zdjety z robota, os 4, montaz #6, by Dodo
0.000000 0.264339 30.000000 0.000000
0.020010 0.264062 30.000000 0.000000
0.040020 0.264439 30.000000 0.000000
0.060030 0.263642 30.000000 0.000000
0.080041 0.263241 30.000000 0.000000
0.100051 0.263216 30.000000 0.000000
0.120061 0.263370 30.000000 0.000000
0.140071 0.262320 30.000000 0.000000
0.160081 0.262131 30.000000 0.000000
0.180091 0.262059 30.000000 0.000000
0.200101 0.262674 30.000000 0.000000
0.220112 0.261712 30.000000 0.000000
0.240122 0.260496 30.000000 0.000000
0.260132 0.261478 30.000000 0.000000
0.280142 0.262489 30.000000 0.000000
0.300152 0.263574 30.000000 0.000000
0.320162 0.261810 30.000000 0.000000
0.340172 0.262243 30.000000 0.000000
0.360183 0.263519 30.000000 0.000000
0.380193 0.262789 30.000000 0.000000
0.400203 0.263304 30.000000 0.000000
0.420213 0.261419 30.000000 0.000000
0.440223 0.262199 30.000000 0.000000
0.460233 0.263029 30.000000 0.000000
0.480243 0.261898 30.000000 0.000000
0.500254 0.262509 30.000000 0.000000
0.520264 0.261047 30.000000 0.000000
0.540274 0.261151 30.000000 0.000000
0.560284 0.263495 30.000000 0.000000
0.580294 0.260912 30.000000 0.000000
0.600304 0.260431 30.000000 0.000000
0.620314 0.260090 30.000000 0.000000
0.640325 0.260634 30.000000 0.000000
0.660335 0.263285 30.000000 0.000000
0.680345 0.260880 30.000000 0.000000
0.700355 0.260073 30.000000 0.000000
0.720365 0.260758 30.000000 0.000000
0.740375 0.262566 30.000000 0.000000
0.760385 0.262732 30.000000 0.000000
0.780396 0.260199 30.000000 0.000000
0.800406 0.260704 30.000000 0.000000
0.820416 0.261820 30.000000 0.000000
0.840426 0.261548 30.000000 0.000000
0.860436 0.262653 30.000000 0.000000
0.880446 0.258863 30.000000 0.000000
0.900456 0.259296 30.000000 0.000000
0.920467 0.263851 30.000000 0.000000
0.940477 0.261122 30.000000 0.000000
0.960487 0.264417 30.000000 0.000000
0.980497 0.261655 30.000000 0.000000
1.000507 0.260352 30.000000 0.000000
1.020517 0.265626 30.000000 0.000000
1.040528 0.259534 30.000000 0.000000
1.060538 0.262252 30.000000 0.000000
1.080548 0.262115 30.000000 0.000000
1.100558 0.260092 30.000000 0.000000
1.120568 0.265358 30.000000 0.000000
1.140578 0.257981 30.000000 0.000000
1.160588 0.260639 30.000000 0.000000
1.180599 0.260891 30.000000 0.000000
1.200609 0.259835 30.000000 0.000000
1.220619 0.263761 30.000000 0.000000
1.240629 0.257874 30.000000 0.000000
1.260639 0.262345 30.000000 0.000000
1.280649 0.262294 30.000000 0.000000
1.300659 0.260057 30.000000 0.000000
1.320670 0.261751 30.000000 0.000000
1.340680 0.257693 30.000000 0.000000
1.360690 0.261342 30.000000 0.000000
1.380700 0.261445 30.000000 0.000000
1.400710 0.259054 30.000000 0.000000
1.420720 0.263319 30.000000 0.000000
1.440730 0.259012 30.000000 0.000000
1.460741 0.263313 30.000000 0.000000
1.480751 0.264732 30.000000 0.000000
1.500761 0.259933 30.000000 0.000000
1.520771 0.263918 30.000000 0.000000
1.540781 0.258816 30.000000 0.000000
1.560791 0.261298 30.000000 0.000000
1.580801 0.262058 30.000000 0.000000
1.600812 0.258046 30.000000 0.000000
1.620822 0.263154 30.000000 0.000000
1.640832 0.259506 30.000000 0.000000
1.660842 0.261397 30.000000 0.000000
1.680852 0.262708 30.000000 0.000000
1.700862 0.258145 30.000000 0.000000
1.720872 0.263443 30.000000 0.000000
1.740883 0.259020 30.000000 0.000000
1.760893 0.260861 30.000000 0.000000
1.780903 0.260763 30.000000 0.000000
1.800913 0.257129 30.000000 0.000000
1.820923 0.262062 30.000000 0.000000
1.840933 0.258225 30.000000 0.000000
1.860943 0.260926 30.000000 0.000000
1.880954 0.260219 30.000000 0.000000
1.900964 0.257693 30.000000 0.000000
1.920974 0.260391 30.000000 0.000000
1.940984 0.259113 30.000000 0.000000
1.960994 0.261097 30.000000 0.000000
1.981004 0.260986 30.000000 0.000000
2.001014 0.257967 30.000000 0.000000
2.021025 0.263673 30.000000 0.000000
2.041035 0.261414 30.000000 0.000000
2.061045 0.260862 30.000000 0.000000
2.081055 0.262022 30.000000 0.000000
2.101065 0.257907 30.000000 0.000000
2.121075 0.261956 30.000000 0.000000
2.141085 0.259674 30.000000 0.000000
2.161096 0.260931 30.000000 0.000000
2.181106 0.261785 30.000000 0.000000
2.201116 0.257307 30.000000 0.000000
2.221126 0.261366 30.000000 0.000000
2.241136 0.258732 30.000000 0.000000
2.261146 0.259818 30.000000 0.000000
2.281156 0.261504 30.000000 0.000000
2.301167 0.258707 30.000000 0.000000
2.321177 0.260671 30.000000 0.000000
2.341187 0.259048 30.000000 0.000000
2.361197 0.259318 30.000000 0.000000
2.381207 0.260392 30.000000 0.000000
2.401217 0.257877 30.000000 0.000000
2.421227 0.259066 30.000000 0.000000
2.441238 0.258587 30.000000 0.000000
2.461248 0.260381 30.000000 0.000000
2.481258 0.262805 30.000000 0.000000
2.501268 0.259788 30.000000 0.000000
2.521278 0.260424 30.000000 0.000000
2.541288 0.260729 30.000000 0.000000
2.561298 0.259723 30.000000 0.000000
2.581309 0.262460 30.000000 0.000000
2.601319 0.259644 30.000000 0.000000
2.621329 0.261572 30.000000 0.000000
2.641339 0.260500 30.000000 0.000000
2.661349 0.259275 30.000000 0.000000
2.681359 0.261338 30.000000 0.000000
2.701369 0.259924 30.000000 0.000000
2.721380 0.261417 30.000000 0.000000
2.741390 0.260826 30.000000 0.000000
2.761400 0.258811 30.000000 0.000000
2.781410 0.260347 30.000000 0.000000
2.801420 0.260417 30.000000 0.000000
2.821430 0.261611 30.000000 0.000000
2.841440 0.261590 30.000000 0.000000
2.861451 0.258733 30.000000 0.000000
2.881461 0.261560 30.000000 0.000000
2.901471 0.260894 30.000000 0.000000
2.921481 0.261377 30.000000 0.000000
2.941491 0.261153 30.000000 0.000000
2.961501 0.258236 30.000000 0.000000
2.981511 0.261252 30.000000 0.000000
3.001522 0.262623 30.000000 0.000000
3.021532 0.260752 30.000000 0.000000
3.041542 0.261544 30.000000 0.000000
3.061552 0.257782 30.000000 0.000000
3.081562 0.262501 30.000000 0.000000
3.101572 0.262061 30.000000 0.000000
3.121583 0.261136 30.000000 0.000000
3.141593 0.261581 30.000000 0.000000
3.161603 0.257151 30.000000 0.000000
3.181613 0.261725 30.000000 0.000000
3.201623 0.260938 30.000000 0.000000
3.221633 0.262768 30.000000 0.000000
3.241643 0.261253 30.000000 0.000000
3.261654 0.259634 30.000000 0.000000
3.281664 0.262556 30.000000 0.000000
3.301674 0.261750 30.000000 0.000000
3.321684 0.261238 30.000000 0.000000
3.341694 0.261099 30.000000 0.000000
3.361704 0.260189 30.000000 0.000000
3.381714 0.261893 30.000000 0.000000
3.401725 0.263088 30.000000 0.000000
3.421735 0.260114 30.000000 0.000000
3.441745 0.261493 30.000000 0.000000
3.461755 0.259488 30.000000 0.000000
3.481765 0.261610 30.000000 0.000000
3.501775 0.262053 30.000000 0.000000
3.521785 0.259840 30.000000 0.000000
3.541796 0.263168 30.000000 0.000000
3.561806 0.260610 30.000000 0.000000
3.581816 0.262664 30.000000 0.000000
3.601826 0.261250 30.000000 0.000000
3.621836 0.259487 30.000000 0.000000
3.641846 0.263499 30.000000 0.000000
3.661856 0.260115 30.000000 0.000000
3.681867 0.261621 30.000000 0.000000
3.701877 0.260617 30.000000 0.000000
3.721887 0.260626 30.000000 0.000000
3.741897 0.264738 30.000000 0.000000
3.761907 0.260889 30.000000 0.000000
3.781917 0.260330 30.000000 0.000000
3.801927 0.261270 30.000000 0.000000
3.821938 0.259924 30.000000 0.000000
3.841948 0.262545 30.000000 0.000000
3.861958 0.260781 30.000000 0.000000
3.881968 0.260098 30.000000 0.000000
3.901978 0.262542 30.000000 0.000000
3.921988 0.260072 30.000000 0.000000
3.941998 0.261600 30.000000 0.000000
3.962009 0.259130 30.000000 0.000000
3.982019 0.259451 30.000000 0.000000
4.002029 0.262127 30.000000 0.000000
4.022039 0.259844 30.000000 0.000000
4.042049 0.261632 30.000000 0.000000
4.062059 0.259170 30.000000 0.000000
4.082069 0.261348 30.000000 0.000000
4.102080 0.261987 30.000000 0.000000
4.122090 0.260040 30.000000 0.000000
4.142100 0.261855 30.000000 0.000000
4.162110 0.259583 30.000000 0.000000
4.182120 0.259563 30.000000 0.000000
4.202130 0.260320 30.000000 0.000000
4.222140 0.258352 30.000000 0.000000
4.242151 0.260143 30.000000 0.000000
4.262161 0.259030 30.000000 0.000000
4.282171 0.260623 30.000000 0.000000
4.302181 0.262228 30.000000 0.000000
4.322191 0.260933 30.000000 0.000000
4.342201 0.261721 30.000000 0.000000
4.362211 0.262009 30.000000 0.000000
4.382222 0.260645 30.000000 0.000000
4.402232 0.263564 30.000000 0.000000
4.422242 0.260626 30.000000 0.000000
4.442252 0.261934 30.000000 0.000000
4.462262 0.262433 30.000000 0.000000
4.482272 0.260599 30.000000 0.000000
4.502282 0.262810 30.000000 0.000000
4.522293 0.260130 30.000000 0.000000
4.542303 0.262610 30.000000 0.000000
4.562313 0.261589 30.000000 0.000000
4.582323 0.261835 30.000000 0.000000
4.602333 0.263064 30.000000 0.000000
4.622343 0.260985 30.000000 0.000000
4.642353 0.262640 30.000000 0.000000
4.662364 0.260965 30.000000 0.000000
4.682374 0.260906 29.989827 0.000000
4.702384 0.261544 29.998938 0.000000
4.722394 0.260609 30.000000 0.000000
4.742404 0.262315 30.000000 0.000000
4.762414 0.262506 30.000000 0.000000
4.782424 0.261208 30.000000 0.000000
4.802435 0.262904 30.000000 0.000000
4.822445 0.262580 30.000000 0.000000
4.842455 0.263338 30.000000 0.000000
4.862465 0.263105 30.000000 0.000000
4.882475 0.261237 30.000000 0.000000
4.902485 0.263136 30.000000 0.000000
4.922495 0.262076 30.000000 0.000000
4.942506 0.262855 30.000000 0.000000
4.962516 0.262678 30.000000 0.000000
4.982526 0.261734 30.000000 0.000000
5.002536 0.263152 30.000000 0.000000
5.022546 0.262505 30.000000 0.000000
5.042556 0.263516 30.000000 0.000000
5.062567 0.262865 30.000000 0.000000
5.082577 0.262108 30.000000 0.000000
5.102587 0.262923 30.000000 0.000000
5.122597 0.263066 30.000000 0.000000
5.142607 0.263639 30.000000 0.000000
5.162617 0.261872 30.000000 0.000000
5.182627 0.261161 30.000000 0.000000
5.202638 0.262332 30.000000 0.000000
5.222648 0.263696 30.000000 0.000000
5.242658 0.263602 30.000000 0.000000
5.262668 0.262928 30.000000 0.000000
5.282678 0.262920 30.000000 0.000000
5.302688 0.264632 30.000000 0.000000
5.322698 0.264284 30.000000 0.000000
5.342709 0.264222 30.000000 0.000000
5.362719 0.264435 30.000000 0.000000
5.382729 0.264194 30.000000 0.000000
5.402739 0.263926 30.000000 0.000000
5.422749 0.262947 30.000000 0.000000
5.442759 0.263081 30.000000 0.000000
5.462769 0.264182 30.000000 0.000000
5.482780 0.264149 30.000000 0.000000
5.502790 0.264021 30.000000 0.000000
5.522800 0.262665 30.000000 0.000000
5.542810 0.263222 30.000000 0.000000
5.562820 0.263967 30.000000 0.000000
5.582830 0.263567 30.000000 0.000000
5.602840 0.263889 30.000000 0.000000
5.622851 0.264537 30.000000 0.000000
5.642861 0.264433 30.000000 0.000000
5.662871 0.264703 30.000000 0.000000
5.682881 0.264815 30.000000 0.000000
5.702891 0.263969 30.000000 0.000000
5.722901 0.264177 30.000000 0.000000
5.742911 0.264342 30.000000 0.000000
5.762922 0.264717 30.000000 0.000000
5.782932 0.263590 30.000000 0.000000
5.802942 0.264095 30.000000 0.000000
5.822952 0.264273 30.000000 0.000000
5.842962 0.264135 30.000000 0.000000
5.862972 0.264032 30.000000 0.000000
5.882982 0.262941 30.000000 0.000000
5.902993 0.263621 30.000000 0.000000
5.923003 0.263023 30.000000 0.000000
5.943013 0.263810 30.000000 0.000000
5.963023 0.263253 30.000000 0.000000
5.983033 0.262506 30.000000 0.000000
6.003043 0.263942 30.000000 0.000000
6.023053 0.262993 30.000000 0.000000
6.043064 0.265364 30.000000 0.000000
6.063074 0.263756 30.000000 0.000000
6.083084 0.263639 30.000000 0.000000
6.103094 0.264645 30.000000 0.000000
6.123104 0.264253 30.000000 0.000000
6.143114 0.265339 30.000000 0.000000
6.163124 0.263528 30.000000 0.000000
6.183135 0.264103 30.000000 0.000000
6.203145 0.265526 30.000000 0.000000
6.223155 0.265293 30.000000 0.000000
6.243165 0.264849 30.000000 0.000000
6.263175 0.263411 30.000000 0.000000
