serial number: JANUSZ_3_RI70_21414866
torque: 8
start_temp: 31 (32)
finish_temp: 30 (31)
note: nie dziala, zdjety z robota, os 4, montaz #2
0.000000 0.216579 30.000000 0.000000
0.020010 0.218676 30.000000 0.000000
0.040020 0.217190 30.000000 0.000000
0.060030 0.217657 30.000000 0.000000
0.080041 0.220260 30.000000 0.000000
0.100051 0.218539 30.000000 0.000000
0.120061 0.221382 30.000000 0.000000
0.140071 0.218503 30.000000 0.000000
0.160081 0.218486 30.000000 0.000000
0.180091 0.220879 30.000000 0.000000
0.200101 0.217560 30.000000 0.000000
0.220112 0.220918 30.000000 0.000000
0.240122 0.219756 30.000000 0.000000
0.260132 0.220136 30.000000 0.000000
0.280142 0.221202 30.000000 0.000000
0.300152 0.219069 30.000000 0.000000
0.320162 0.221005 30.000000 0.000000
0.340172 0.220783 30.000000 0.000000
0.360183 0.219756 30.000000 0.000000
0.380193 0.221636 30.000000 0.000000
0.400203 0.221135 30.000000 0.000000
0.420213 0.223075 30.000000 0.000000
0.440223 0.223186 30.000000 0.000000
0.460233 0.221392 30.000000 0.000000
0.480243 0.221401 30.000000 0.000000
0.500254 0.221304 30.000000 0.000000
0.520264 0.222107 30.000000 0.000000
0.540274 0.224982 30.000000 0.000000
0.560284 0.221949 30.000000 0.000000
0.580294 0.221460 30.000000 0.000000
0.600304 0.221167 30.000000 0.000000
0.620314 0.222479 30.000000 0.000000
0.640325 0.225426 30.000000 0.000000
0.660335 0.222719 30.000000 0.000000
0.680345 0.221530 30.164384 0.000000
0.700355 0.220579 30.273381 0.000000
0.720365 0.219777 30.219048 0.000000
0.740375 0.221503 30.298969 0.000000
0.760385 0.220406 30.260870 0.000000
0.780396 0.221955 30.261044 0.000000
0.800406 0.222051 30.244604 0.000000
0.820416 0.222276 30.225490 0.000000
0.840426 0.222771 30.302564 0.000000
0.860436 0.222262 30.246269 0.000000
0.880446 0.224557 30.267206 0.000000
0.900456 0.225239 30.253521 0.000000
0.920467 0.225477 30.210256 0.000000
0.940477 0.223821 30.305419 0.000000
0.960487 0.222323 30.255814 0.000000
0.980497 0.224252 30.269710 0.000000
1.000507 0.225727 30.245033 0.000000
1.020517 0.224166 30.212766 0.000000
1.040528 0.223207 30.292453 0.000000
1.060538 0.221840 30.253968 0.000000
1.080548 0.223764 30.276151 0.000000
1.100558 0.224741 30.232704 0.000000
1.120568 0.223342 30.225434 0.000000
1.140578 0.222826 30.280000 0.000000
1.160588 0.221895 30.251969 0.000000
1.180599 0.222347 30.275000 0.000000
1.200609 0.223346 30.232704 0.000000
1.220619 0.222463 30.234177 0.000000
1.240629 0.222332 30.267490 0.000000
1.260639 0.222354 30.258065 0.000000
1.280649 0.224133 30.276596 0.000000
1.300659 0.225175 30.228916 0.000000
1.320670 0.223131 30.256944 0.000000
1.340680 0.223749 30.260000 0.000000
1.360690 0.223620 30.250000 0.000000
1.380700 0.224107 30.277056 0.000000
1.400710 0.225079 30.223529 0.000000
1.420720 0.223243 30.251852 0.000000
1.440730 0.223896 30.259690 0.000000
1.460741 0.223274 30.246032 0.000000
1.480751 0.222377 30.280702 0.000000
1.500761 0.223316 30.221591 0.000000
1.520771 0.221854 30.261194 0.000000
1.540781 0.222848 30.256705 0.000000
1.560791 0.222906 30.244094 0.000000
1.580801 0.222404 30.278761 0.000000
1.600812 0.221392 30.216667 0.000000
1.620822 0.220804 30.269231 0.000000
1.640832 0.221777 30.255639 0.000000
1.660842 0.220938 30.234848 0.000000
1.680852 0.221406 30.281106 0.000000
1.700862 0.222690 30.222826 0.000000
1.720872 0.220937 30.246154 0.000000
1.740883 0.222073 30.261364 0.000000
1.760893 0.222870 30.229008 0.000000
1.780903 0.222979 30.288462 0.000000
1.800913 0.224167 30.225641 0.000000
1.820923 0.222820 30.260163 0.000000
1.840933 0.223955 30.267442 0.000000
1.860943 0.223886 30.221429 0.000000
1.880954 0.225438 30.298913 0.000000
1.900964 0.224814 30.214953 0.000000
1.920974 0.223318 30.254098 0.000000
1.940984 0.225118 30.279352 0.000000
1.960994 0.224125 30.203947 0.000000
1.981004 0.225211 30.329268 0.000000
2.001014 0.224619 30.212766 0.000000
2.021025 0.223781 30.254237 0.000000
2.041035 0.225054 30.290984 0.000000
2.061045 0.223978 30.197452 0.000000
2.081055 0.224887 30.328859 0.000000
2.101065 0.223780 30.222222 0.000000
2.121075 0.222716 30.237705 0.000000
2.141085 0.224328 30.296610 0.000000
2.161096 0.222688 30.189024 0.000000
2.181106 0.224376 30.302158 0.000000
2.201116 0.223665 30.227799 0.000000
2.221126 0.222395 30.245902 0.000000
2.241136 0.225172 30.294372 0.000000
2.261146 0.224605 30.184524 0.000000
2.281156 0.225610 30.295455 0.000000
2.301167 0.226010 30.237548 0.000000
2.321177 0.224098 30.235772 0.000000
2.341187 0.225387 30.309735 0.000000
2.361197 0.224854 30.183908 0.000000
2.381207 0.225870 30.283465 0.000000
2.401217 0.227085 30.243346 0.000000
2.421227 0.224790 30.229508 0.000000
2.441238 0.226812 30.301370 0.000000
2.461248 0.225302 30.177778 0.000000
2.481258 0.224464 30.285714 0.000000
2.501268 0.225835 30.250000 0.000000
2.521278 0.223906 30.230159 0.000000
2.541288 0.226310 30.340000 0.000000
2.561298 0.225979 30.174129 0.000000
2.581309 0.224906 30.266667 0.000000
2.601319 0.225947 30.266160 0.000000
2.621329 0.225942 30.218321 0.000000
2.641339 0.228368 30.368889 0.000000
2.661349 0.227711 30.156682 0.000000
2.681359 0.225656 30.266667 0.000000
2.701369 0.227458 30.278884 0.000000
2.721380 0.226889 30.176571 0.000000
2.741390 0.228473 30.387602 0.000000
2.761400 0.227866 30.153153 0.000000
2.781410 0.225888 30.256198 0.000000
2.801420 0.229785 30.291139 0.000000
2.821430 0.226584 30.187097 0.000000
2.841440 0.227570 30.402439 0.000000
2.861451 0.226816 30.140961 0.000000
2.881461 0.224300 30.245528 0.000000
2.901471 0.227214 30.285617 0.000000
2.921481 0.227114 30.175309 0.000000
2.941491 0.226796 30.416667 0.000000
2.961501 0.227443 30.161702 0.000000
2.981511 0.224393 30.239672 0.000000
3.001522 0.226401 30.302907 0.000000
3.021532 0.225771 30.172706 0.000000
3.041542 0.225567 30.381013 0.000000
3.061552 0.226174 30.139915 0.000000
3.081562 0.222770 30.219174 0.000000
3.101572 0.226352 30.282124 0.000000
3.121583 0.224708 30.155886 0.000000
3.141593 0.225056 30.393846 0.000000
3.161603 0.225939 30.138992 0.000000
3.181613 0.223518 30.183810 0.000000
3.201623 0.226267 30.237536 0.000000
3.221633 0.224219 30.105161 0.000000
3.241643 0.222515 30.251242 0.000000
3.261654 0.223650 30.136067 0.000000
3.281664 0.221884 30.139394 0.000000
3.301674 0.225268 30.228889 0.000000
3.321684 0.222431 30.116863 0.000000
3.341694 0.221435 30.253784 0.000000
3.361704 0.223883 30.136067 0.000000
3.381714 0.222782 30.145693 0.000000
3.401725 0.225248 30.230538 0.000000
3.421735 0.222786 30.074393 0.000000
3.441745 0.220601 30.207027 0.000000
3.461755 0.223285 30.113872 0.000000
3.481765 0.221458 30.120000 0.000000
3.501775 0.223599 30.150838 0.000000
3.521785 0.222546 30.089593 0.000000
3.541796 0.220376 30.166621 0.000000
3.561806 0.222232 30.092926 0.000000
3.581816 0.221767 30.081307 0.000000
3.601826 0.221952 30.142400 0.000000
3.621836 0.221423 30.042115 0.000000
3.641846 0.219771 30.043380 0.000000
3.661856 0.222787 30.045110 0.000000
3.681867 0.221876 30.031304 0.000000
3.701877 0.222577 30.086744 0.000000
3.721887 0.222369 30.021404 0.000000
3.741897 0.221228 30.027914 0.000000
3.761907 0.224102 30.037431 0.000000
3.781917 0.223107 30.029176 0.000000
3.801927 0.221524 30.057442 0.000000
3.821938 0.222682 30.024711 0.000000
3.841948 0.220332 30.030504 0.000000
3.861958 0.222433 30.031667 0.000000
3.881968 0.220586 30.036000 0.000000
3.901978 0.219575 30.030769 0.000000
3.921988 0.221799 30.019383 0.000000
3.941998 0.219355 30.021143 0.000000
3.962009 0.220240 30.021382 0.000000
3.982019 0.221131 30.001522 0.000000
4.002029 0.219074 30.022410 0.000000
4.022039 0.223409 30.014350 0.000000
4.042049 0.221793 30.027413 0.000000
4.062059 0.222567 30.023842 0.000000
4.082069 0.223418 30.002094 0.000000
4.102080 0.220991 30.027952 0.000000
4.122090 0.224403 30.005818 0.000000
4.142100 0.222118 30.030000 0.000000
4.162110 0.222644 30.017173 0.000000
4.182120 0.222822 30.000000 0.000000
4.202130 0.220396 30.006061 0.000000
4.222140 0.223454 30.000000 0.000000
4.242151 0.222544 30.000000 0.000000
4.262161 0.222478 30.010309 0.000000
4.282171 0.223238 30.002913 0.000000
4.302181 0.221047 30.002516 0.000000
4.322191 0.224448 30.000000 0.000000
4.342201 0.223052 30.000000 0.000000
4.362211 0.222511 30.000000 0.000000
4.382222 0.223665 30.000000 0.000000
4.402232 0.220746 30.000000 0.000000
4.422242 0.223548 30.000000 0.000000
4.442252 0.222790 30.000000 0.000000
4.462262 0.223499 30.005587 0.000000
4.482272 0.224274 30.000000 0.000000
4.502282 0.221807 30.000000 0.000000
4.522293 0.225529 30.000000 0.000000
4.542303 0.225813 30.000000 0.000000
4.562313 0.224533 30.000000 0.000000
4.582323 0.226463 30.000000 0.000000
4.602333 0.223300 30.000000 0.000000
4.622343 0.226056 30.000000 0.000000
4.642353 0.226598 30.000000 0.000000
4.662364 0.225702 30.000000 0.000000
4.682374 0.226900 30.000000 0.000000
4.702384 0.224319 30.000000 0.000000
4.722394 0.226242 30.000000 0.000000
4.742404 0.225877 30.000000 0.000000
4.762414 0.224332 30.000000 0.000000
4.782424 0.226771 30.000000 0.000000
4.802435 0.224399 30.000000 0.000000
4.822445 0.225330 30.000000 0.000000
4.842455 0.226110 30.000000 0.000000
4.862465 0.223734 30.000000 0.000000
4.882475 0.226213 30.000000 0.000000
4.902485 0.224371 30.000000 0.000000
4.922495 0.225092 30.000000 0.000000
4.942506 0.225107 30.000000 0.000000
4.962516 0.222311 30.000000 0.000000
4.982526 0.225437 30.000000 0.000000
5.002536 0.224107 30.000000 0.000000
5.022546 0.225187 30.000000 0.000000
5.042556 0.225653 30.000000 0.000000
5.062567 0.222568 30.000000 0.000000
5.082577 0.223972 30.000000 0.000000
5.102587 0.222573 30.000000 0.000000
5.122597 0.221910 30.000000 0.000000
5.142607 0.222799 30.000000 0.000000
5.162617 0.218059 30.000000 0.000000
5.182627 0.221031 30.000000 0.000000
5.202638 0.220766 30.000000 0.000000
5.222648 0.220303 30.000000 0.000000
5.242658 0.221468 30.000000 0.000000
5.262668 0.219024 30.000000 0.000000
5.282678 0.221011 30.000000 0.000000
5.302688 0.222074 30.000000 0.000000
5.322698 0.222287 30.000000 0.000000
5.342709 0.222490 30.000000 0.000000
5.362719 0.218472 30.000000 0.000000
5.382729 0.218746 30.000000 0.000000
5.402739 0.220352 30.000000 0.000000
5.422749 0.219506 30.000000 0.000000
5.442759 0.221523 30.000000 0.000000
5.462769 0.218113 30.000000 0.000000
5.482780 0.219317 30.000000 0.000000
5.502790 0.220887 30.000000 0.000000
5.522800 0.218719 30.000000 0.000000
5.542810 0.220546 30.000000 0.000000
5.562820 0.218555 30.000000 0.000000
5.582830 0.219949 30.000000 0.000000
5.602840 0.220269 30.000000 0.000000
5.622851 0.217675 30.000000 0.000000
5.642861 0.219038 30.000000 0.000000
5.662871 0.216642 30.000000 0.000000
5.682881 0.216143 30.000000 0.000000
5.702891 0.218549 30.000000 0.000000
5.722901 0.215398 30.000000 0.000000
5.742911 0.216011 30.000000 0.000000
5.762922 0.216426 30.000000 0.000000
5.782932 0.215675 30.000000 0.000000
5.802942 0.216797 30.000000 0.000000
5.822952 0.215076 30.000000 0.000000
5.842962 0.216643 30.000000 0.000000
5.862972 0.216388 30.000000 0.000000
5.882982 0.215440 30.000000 0.000000
5.902993 0.216037 30.000000 0.000000
5.923003 0.212833 30.000000 0.000000
5.943013 0.215340 30.000000 0.000000
5.963023 0.216712 30.000000 0.000000
5.983033 0.215430 30.000000 0.000000
6.003043 0.215756 30.000000 0.000000
6.023053 0.213878 30.000000 0.000000
6.043064 0.214832 30.000000 0.000000
6.063074 0.218171 30.000000 0.000000
6.083084 0.217799 30.000000 0.000000
6.103094 0.218420 30.000000 0.000000
6.123104 0.214481 30.000000 0.000000
6.143114 0.217017 30.000000 0.000000
6.163124 0.218855 30.000000 0.000000
6.183135 0.216952 30.000000 0.000000
6.203145 0.218354 30.000000 0.000000
6.223155 0.214826 30.000000 0.000000
6.243165 0.215846 30.000000 0.000000
6.263175 0.218155 30.000000 0.000000
