serial number: JANUSZ_3_RI70_21414866
torque: 8
start_temp: 30 (31)
finish_temp: 30 (30)
note: nie dziala, zdjety z robota, os 4, montaz #5, by Dodo
0.000000 0.239464 30.000000 0.000000
0.020010 0.233122 30.000000 0.000000
0.040020 0.237387 30.000000 0.000000
0.060030 0.236135 30.000000 0.000000
0.080041 0.239306 30.000000 0.000000
0.100051 0.240292 30.000000 0.000000
0.120061 0.234039 30.000000 0.000000
0.140071 0.237591 30.000000 0.000000
0.160081 0.235673 30.000000 0.000000
0.180091 0.237321 30.000000 0.000000
0.200101 0.238641 30.000000 0.000000
0.220112 0.234794 30.000000 0.000000
0.240122 0.238180 30.000000 0.000000
0.260132 0.235220 30.000000 0.000000
0.280142 0.237117 30.000000 0.000000
0.300152 0.237654 30.000000 0.000000
0.320162 0.235664 30.000000 0.000000
0.340172 0.238742 30.000000 0.000000
0.360183 0.234989 30.000000 0.000000
0.380193 0.236563 30.000000 0.000000
0.400203 0.236322 30.000000 0.000000
0.420213 0.235942 30.000000 0.000000
0.440223 0.240073 30.000000 0.000000
0.460233 0.234215 30.000000 0.000000
0.480243 0.236849 30.000000 0.000000
0.500254 0.237193 30.000000 0.000000
0.520264 0.236298 30.000000 0.000000
0.540274 0.240593 30.000000 0.000000
0.560284 0.232100 30.000000 0.000000
0.580294 0.235814 30.000000 0.000000
0.600304 0.235392 30.000000 0.000000
0.620314 0.236394 30.000000 0.000000
0.640325 0.240387 30.000000 0.000000
0.660335 0.231618 30.000000 0.000000
0.680345 0.235987 30.000000 0.000000
0.700355 0.235929 30.000000 0.000000
0.720365 0.234963 30.000000 0.000000
0.740375 0.238175 30.000000 0.000000
0.760385 0.230991 30.000000 0.000000
0.780396 0.236726 30.000000 0.000000
0.800406 0.235478 30.000000 0.000000
0.820416 0.234823 30.000000 0.000000
0.840426 0.237417 30.000000 0.000000
0.860436 0.233347 30.000000 0.000000
0.880446 0.239521 30.000000 0.000000
0.900456 0.234114 30.000000 0.000000
0.920467 0.234179 30.000000 0.000000
0.940477 0.235651 30.000000 0.000000
0.960487 0.233301 30.000000 0.000000
0.980497 0.238048 30.000000 0.000000
1.000507 0.231769 30.000000 0.000000
1.020517 0.233809 30.000000 0.000000
1.040528 0.235384 30.000000 0.000000
1.060538 0.234482 30.000000 0.000000
1.080548 0.239425 30.000000 0.000000
1.100558 0.231554 30.000000 0.000000
1.120568 0.235129 30.000000 0.000000
1.140578 0.235449 30.000000 0.000000
1.160588 0.232967 30.000000 0.000000
1.180599 0.237739 30.000000 0.000000
1.200609 0.230431 30.000000 0.000000
1.220619 0.234632 30.000000 0.000000
1.240629 0.235582 30.000000 0.000000
1.260639 0.232829 30.000000 0.000000
1.280649 0.236909 30.000000 0.000000
1.300659 0.230203 30.000000 0.000000
1.320670 0.234927 30.000000 0.000000
1.340680 0.234548 30.000000 0.000000
1.360690 0.232409 30.000000 0.000000
1.380700 0.235505 30.000000 0.000000
1.400710 0.231825 30.000000 0.000000
1.420720 0.237062 30.000000 0.000000
1.440730 0.234337 30.000000 0.000000
1.460741 0.233616 30.000000 0.000000
1.480751 0.233982 30.000000 0.000000
1.500761 0.228889 30.000000 0.000000
1.520771 0.235695 30.000000 0.000000
1.540781 0.228244 30.000000 0.000000
1.560791 0.230897 30.000000 0.000000
1.580801 0.232639 30.000000 0.000000
1.600812 0.229237 30.000000 0.000000
1.620822 0.236478 30.000000 0.000000
1.640832 0.228578 30.000000 0.000000
1.660842 0.233188 30.000000 0.000000
1.680852 0.233829 30.000000 0.000000
1.700862 0.231663 30.000000 0.000000
1.720872 0.236904 30.000000 0.000000
1.740883 0.227501 30.000000 0.000000
1.760893 0.234846 30.000000 0.000000
1.780903 0.235399 30.000000 0.000000
1.800913 0.232832 30.000000 0.000000
1.820923 0.237613 30.000000 0.000000
1.840933 0.231827 30.000000 0.000000
1.860943 0.236452 30.000000 0.000000
1.880954 0.234567 30.000000 0.000000
1.900964 0.233647 30.000000 0.000000
1.920974 0.236502 30.000000 0.000000
1.940984 0.229186 30.000000 0.000000
1.960994 0.235455 30.000000 0.000000
1.981004 0.232558 30.000000 0.000000
2.001014 0.232850 30.000000 0.000000
2.021025 0.235471 30.000000 0.000000
2.041035 0.228671 30.000000 0.000000
2.061045 0.236777 30.000000 0.000000
2.081055 0.232216 30.000000 0.000000
2.101065 0.231997 30.000000 0.000000
2.121075 0.236450 30.000000 0.000000
2.141085 0.230024 30.000000 0.000000
2.161096 0.238268 30.000000 0.000000
2.181106 0.234103 30.000000 0.000000
2.201116 0.236173 30.000000 0.000000
2.221126 0.238601 30.000000 0.000000
2.241136 0.229732 30.000000 0.000000
2.261146 0.238561 30.000000 0.000000
2.281156 0.233273 30.000000 0.000000
2.301167 0.235897 30.000000 0.000000
2.321177 0.237936 30.000000 0.000000
2.341187 0.231264 30.000000 0.000000
2.361197 0.238815 30.000000 0.000000
2.381207 0.232908 30.000000 0.000000
2.401217 0.235364 30.000000 0.000000
2.421227 0.236749 30.000000 0.000000
2.441238 0.231659 30.000000 0.000000
2.461248 0.239227 30.000000 0.000000
2.481258 0.233559 30.000000 0.000000
2.501268 0.235287 30.000000 0.000000
2.521278 0.237912 30.000000 0.000000
2.541288 0.232998 30.000000 0.000000
2.561298 0.240713 30.000000 0.000000
2.581309 0.232773 30.000000 0.000000
2.601319 0.236030 30.000000 0.000000
2.621329 0.236874 30.000000 0.000000
2.641339 0.231337 30.000000 0.000000
2.661349 0.240242 30.000000 0.000000
2.681359 0.232033 30.000000 0.000000
2.701369 0.238690 30.000000 0.000000
2.721380 0.237492 30.000000 0.000000
2.741390 0.232545 30.000000 0.000000
2.761400 0.239727 30.000000 0.000000
2.781410 0.231376 30.000000 0.000000
2.801420 0.238255 30.000000 0.000000
2.821430 0.237754 30.000000 0.000000
2.841440 0.233574 30.000000 0.000000
2.861451 0.240578 30.000000 0.000000
2.881461 0.232163 30.000000 0.000000
2.901471 0.238363 30.000000 0.000000
2.921481 0.237852 30.000000 0.000000
2.941491 0.232100 30.000000 0.000000
2.961501 0.239459 30.000000 0.000000
2.981511 0.230588 30.000000 0.000000
3.001522 0.239076 30.000000 0.000000
3.021532 0.237701 30.000000 0.000000
3.041542 0.233238 30.000000 0.000000
3.061552 0.240425 30.000000 0.000000
3.081562 0.230558 30.000000 0.000000
3.101572 0.239393 30.000000 0.000000
3.121583 0.235085 30.000000 0.000000
3.141593 0.231942 30.000000 0.000000
3.161603 0.239203 30.000000 0.000000
3.181613 0.229521 30.000000 0.000000
3.201623 0.238674 30.000000 0.000000
3.221633 0.235758 30.000000 0.000000
3.241643 0.233975 30.000000 0.000000
3.261654 0.239151 30.000000 0.000000
3.281664 0.229453 30.000000 0.000000
3.301674 0.238578 30.000000 0.000000
3.321684 0.234706 30.000000 0.000000
3.341694 0.234841 30.000000 0.000000
3.361704 0.240031 30.000000 0.000000
3.381714 0.231007 30.000000 0.000000
3.401725 0.239457 30.000000 0.000000
3.421735 0.233301 30.000000 0.000000
3.441745 0.234188 30.000000 0.000000
3.461755 0.241129 30.000000 0.000000
3.481765 0.229099 30.000000 0.000000
3.501775 0.238269 30.000000 0.000000
3.521785 0.231156 30.000000 0.000000
3.541796 0.232967 30.000000 0.000000
3.561806 0.239501 30.000000 0.000000
3.581816 0.227926 30.000000 0.000000
3.601826 0.238711 30.000000 0.000000
3.621836 0.231707 30.000000 0.000000
3.641846 0.235666 30.000000 0.000000
3.661856 0.241126 30.000000 0.000000
3.681867 0.230690 30.000000 0.000000
3.701877 0.239987 30.000000 0.000000
3.721887 0.230709 30.000000 0.000000
3.741897 0.236760 30.000000 0.000000
3.761907 0.240588 30.000000 0.000000
3.781917 0.229080 30.000000 0.000000
3.801927 0.239645 30.000000 0.000000
3.821938 0.231044 30.000000 0.000000
3.841948 0.237518 30.000000 0.000000
3.861958 0.240156 30.000000 0.000000
3.881968 0.231064 30.000000 0.000000
3.901978 0.239607 30.000000 0.000000
3.921988 0.227271 30.000000 0.000000
3.941998 0.234559 30.000000 0.000000
3.962009 0.234963 30.000000 0.000000
3.982019 0.228774 30.000000 0.000000
4.002029 0.238005 30.000000 0.000000
4.022039 0.226080 30.000000 0.000000
4.042049 0.237124 30.000000 0.000000
4.062059 0.235538 30.000000 0.000000
4.082069 0.230850 30.000000 0.000000
4.102080 0.241269 30.000000 0.000000
4.122090 0.228686 30.000000 0.000000
4.142100 0.238230 30.000000 0.000000
4.162110 0.235508 30.000000 0.000000
4.182120 0.234213 30.000000 0.000000
4.202130 0.243504 30.000000 0.000000
4.222140 0.228948 30.000000 0.000000
4.242151 0.238080 30.000000 0.000000
4.262161 0.234281 30.000000 0.000000
4.282171 0.233344 30.000000 0.000000
4.302181 0.242587 30.000000 0.000000
4.322191 0.227885 30.000000 0.000000
4.342201 0.236036 30.000000 0.000000
4.362211 0.230986 30.000000 0.000000
4.382222 0.232718 30.000000 0.000000
4.402232 0.242452 30.000000 0.000000
4.422242 0.228053 30.000000 0.000000
4.442252 0.237430 30.000000 0.000000
4.462262 0.229991 30.000000 0.000000
4.482272 0.233913 30.000000 0.000000
4.502282 0.239865 30.000000 0.000000
4.522293 0.228447 30.000000 0.000000
4.542303 0.239841 30.000000 0.000000
4.562313 0.231297 30.000000 0.000000
4.582323 0.235435 30.000000 0.000000
4.602333 0.239073 30.000000 0.000000
4.622343 0.230151 30.000000 0.000000
4.642353 0.241144 29.999400 0.000000
4.662364 0.231946 29.993282 0.000000
4.682374 0.236382 30.000000 0.000000
4.702384 0.240050 30.000000 0.000000
4.722394 0.232340 30.000000 0.000000
4.742404 0.243500 30.000000 0.000000
4.762414 0.233525 30.000000 0.000000
4.782424 0.237948 30.000000 0.000000
4.802435 0.238308 30.000000 0.000000
4.822445 0.233056 30.000000 0.000000
4.842455 0.243018 30.000000 0.000000
4.862465 0.231643 30.000000 0.000000
4.882475 0.238167 30.000000 0.000000
4.902485 0.237101 30.000000 0.000000
4.922495 0.233263 30.000000 0.000000
4.942506 0.241856 30.000000 0.000000
4.962516 0.230525 30.000000 0.000000
4.982526 0.237669 30.000000 0.000000
5.002536 0.235325 30.000000 0.000000
5.022546 0.233538 30.000000 0.000000
5.042556 0.240959 30.000000 0.000000
5.062567 0.231628 30.000000 0.000000
5.082577 0.239395 30.000000 0.000000
5.102587 0.235386 30.000000 0.000000
5.122597 0.234933 30.000000 0.000000
5.142607 0.242084 30.000000 0.000000
5.162617 0.232111 30.000000 0.000000
5.182627 0.240098 30.000000 0.000000
5.202638 0.236549 30.000000 0.000000
5.222648 0.235216 30.000000 0.000000
5.242658 0.239449 30.000000 0.000000
5.262668 0.232049 30.000000 0.000000
5.282678 0.241218 30.000000 0.000000
5.302688 0.234717 30.000000 0.000000
5.322698 0.234765 30.000000 0.000000
5.342709 0.237827 30.000000 0.000000
5.362719 0.231853 30.000000 0.000000
5.382729 0.240849 30.000000 0.000000
5.402739 0.234392 30.000000 0.000000
5.422749 0.235742 30.000000 0.000000
5.442759 0.237727 30.000000 0.000000
5.462769 0.232376 30.000000 0.000000
5.482780 0.238763 30.000000 0.000000
5.502790 0.232142 30.000000 0.000000
5.522800 0.236214 30.000000 0.000000
5.542810 0.237232 30.000000 0.000000
5.562820 0.233870 30.000000 0.000000
5.582830 0.238864 30.000000 0.000000
5.602840 0.233415 30.000000 0.000000
5.622851 0.238212 30.000000 0.000000
5.642861 0.238363 30.000000 0.000000
5.662871 0.235081 30.000000 0.000000
5.682881 0.239126 30.000000 0.000000
5.702891 0.234062 30.000000 0.000000
5.722901 0.239819 30.000000 0.000000
5.742911 0.238863 30.000000 0.000000
5.762922 0.234408 30.000000 0.000000
5.782932 0.238657 30.000000 0.000000
5.802942 0.234155 30.000000 0.000000
5.822952 0.239067 30.000000 0.000000
5.842962 0.238289 30.000000 0.000000
5.862972 0.234295 30.000000 0.000000
5.882982 0.237237 30.000000 0.000000
5.902993 0.234072 30.000000 0.000000
5.923003 0.238871 30.000000 0.000000
5.943013 0.236493 30.000000 0.000000
5.963023 0.233829 30.000000 0.000000
5.983033 0.237001 30.000000 0.000000
6.003043 0.233440 30.000000 0.000000
6.023053 0.238354 30.000000 0.000000
6.043064 0.235479 30.000000 0.000000
6.063074 0.234325 30.000000 0.000000
6.083084 0.238154 30.000000 0.000000
6.103094 0.235938 30.000000 0.000000
6.123104 0.238119 30.000000 0.000000
6.143114 0.235697 30.000000 0.000000
6.163124 0.238554 30.000000 0.000000
6.183135 0.239967 30.000000 0.000000
6.203145 0.234317 30.000000 0.000000
6.223155 0.236945 30.000000 0.000000
6.243165 0.234594 30.000000 0.000000
6.263175 0.237582 30.000000 0.000000
