serial number: JANUSZ_3_RI70_21414866
torque: 8
start_temp: 30 (31)
finish_temp: 30 (30)
note: nie dziala, zdjety z robota, os 4, montaz #4
0.000000 0.253405 30.000000 0.000000
0.020010 0.257129 30.000000 0.000000
0.040020 0.255087 30.000000 0.000000
0.060030 0.254145 30.000000 0.000000
0.080041 0.255739 30.000000 0.000000
0.100051 0.251457 30.000000 0.000000
0.120061 0.255347 30.000000 0.000000
0.140071 0.253264 30.000000 0.000000
0.160081 0.251519 30.000000 0.000000
0.180091 0.254078 30.000000 0.000000
0.200101 0.249152 30.000000 0.000000
0.220112 0.254300 30.000000 0.000000
0.240122 0.250786 30.000000 0.000000
0.260132 0.250785 30.000000 0.000000
0.280142 0.252782 30.000000 0.000000
0.300152 0.248325 30.000000 0.000000
0.320162 0.253092 30.000000 0.000000
0.340172 0.249788 30.000000 0.000000
0.360183 0.250410 30.000000 0.000000
0.380193 0.252590 30.000000 0.000000
0.400203 0.248621 30.000000 0.000000
0.420213 0.252778 30.000000 0.000000
0.440223 0.247629 30.000000 0.000000
0.460233 0.249875 30.000000 0.000000
0.480243 0.251543 30.000000 0.000000
0.500254 0.247296 30.000000 0.000000
0.520264 0.250161 30.000000 0.000000
0.540274 0.245571 30.000000 0.000000
0.560284 0.247506 30.000000 0.000000
0.580294 0.248667 30.000000 0.000000
0.600304 0.246336 30.000000 0.000000
0.620314 0.249303 30.000000 0.000000
0.640325 0.244618 30.000000 0.000000
0.660335 0.248352 30.000000 0.000000
0.680345 0.247601 30.000000 0.000000
0.700355 0.246830 30.000000 0.000000
0.720365 0.248673 30.000000 0.000000
0.740375 0.245337 30.000000 0.000000
0.760385 0.248100 30.000000 0.000000
0.780396 0.247649 30.000000 0.000000
0.800406 0.246211 30.000000 0.000000
0.820416 0.248076 30.000000 0.000000
0.840426 0.243687 30.000000 0.000000
0.860436 0.247230 30.000000 0.000000
0.880446 0.244838 30.000000 0.000000
0.900456 0.246360 30.000000 0.000000
0.920467 0.247575 30.000000 0.000000
0.940477 0.242811 30.000000 0.000000
0.960487 0.247612 30.000000 0.000000
0.980497 0.245616 30.000000 0.000000
1.000507 0.245884 30.000000 0.000000
1.020517 0.244776 30.000000 0.000000
1.040528 0.242287 30.000000 0.000000
1.060538 0.245067 30.000000 0.000000
1.080548 0.241725 30.000000 0.000000
1.100558 0.243827 30.000000 0.000000
1.120568 0.243572 30.000000 0.000000
1.140578 0.242427 30.000000 0.000000
1.160588 0.244949 30.000000 0.000000
1.180599 0.240425 30.000000 0.000000
1.200609 0.243378 30.000000 0.000000
1.220619 0.242569 30.000000 0.000000
1.240629 0.242060 30.000000 0.000000
1.260639 0.246079 30.000000 0.000000
1.280649 0.242377 30.000000 0.000000
1.300659 0.245986 30.000000 0.000000
1.320670 0.245343 30.000000 0.000000
1.340680 0.244964 30.000000 0.000000
1.360690 0.245708 30.000000 0.000000
1.380700 0.243255 30.000000 0.000000
1.400710 0.248064 30.000000 0.000000
1.420720 0.246672 30.000000 0.000000
1.440730 0.246913 30.000000 0.000000
1.460741 0.247381 30.000000 0.000000
1.480751 0.244789 30.000000 0.000000
1.500761 0.247957 30.000000 0.000000
1.520771 0.245999 30.000000 0.000000
1.540781 0.246141 30.000000 0.000000
1.560791 0.245997 30.000000 0.000000
1.580801 0.245180 30.000000 0.000000
1.600812 0.248499 30.000000 0.000000
1.620822 0.244981 30.000000 0.000000
1.640832 0.245966 30.000000 0.000000
1.660842 0.246725 30.000000 0.000000
1.680852 0.245517 30.000000 0.000000
1.700862 0.248344 30.000000 0.000000
1.720872 0.244414 30.000000 0.000000
1.740883 0.245671 30.000000 0.000000
1.760893 0.246209 30.000000 0.000000
1.780903 0.245491 30.000000 0.000000
1.800913 0.246553 30.000000 0.000000
1.820923 0.244649 30.000000 0.000000
1.840933 0.246233 30.000000 0.000000
1.860943 0.245428 30.000000 0.000000
1.880954 0.247030 30.000000 0.000000
1.900964 0.249039 30.000000 0.000000
1.920974 0.247367 30.000000 0.000000
1.940984 0.248017 30.000000 0.000000
1.960994 0.246144 30.000000 0.000000
1.981004 0.245948 30.000000 0.000000
2.001014 0.246830 30.000000 0.000000
2.021025 0.245778 30.000000 0.000000
2.041035 0.247900 30.000000 0.000000
2.061045 0.246703 30.000000 0.000000
2.081055 0.246032 30.000000 0.000000
2.101065 0.246230 30.000000 0.000000
2.121075 0.246078 30.000000 0.000000
2.141085 0.248046 30.000000 0.000000
2.161096 0.246337 30.000000 0.000000
2.181106 0.245974 30.000000 0.000000
2.201116 0.247249 30.000000 0.000000
2.221126 0.246135 30.000000 0.000000
2.241136 0.248086 30.000000 0.000000
2.261146 0.247487 30.000000 0.000000
2.281156 0.246691 30.000000 0.000000
2.301167 0.248248 30.000000 0.000000
2.321177 0.246730 30.000000 0.000000
2.341187 0.249100 30.000000 0.000000
2.361197 0.248114 30.000000 0.000000
2.381207 0.247418 30.000000 0.000000
2.401217 0.248791 30.000000 0.000000
2.421227 0.248208 30.000000 0.000000
2.441238 0.249619 30.000000 0.000000
2.461248 0.248994 30.000000 0.000000
2.481258 0.248152 30.000000 0.000000
2.501268 0.249240 30.000000 0.000000
2.521278 0.247562 30.000000 0.000000
2.541288 0.248046 30.000000 0.000000
2.561298 0.248430 30.000000 0.000000
2.581309 0.249233 30.000000 0.000000
2.601319 0.247331 30.000000 0.000000
2.621329 0.250219 29.997458 0.000000
2.641339 0.248833 29.993237 0.000000
2.661349 0.249859 30.000000 0.000000
2.681359 0.249759 30.000000 0.000000
2.701369 0.247716 30.000000 0.000000
2.721380 0.249738 30.000000 0.000000
2.741390 0.247781 30.000000 0.000000
2.761400 0.250240 30.000000 0.000000
2.781410 0.248882 30.000000 0.000000
2.801420 0.248589 30.000000 0.000000
2.821430 0.250452 30.000000 0.000000
2.841440 0.248353 30.000000 0.000000
2.861451 0.250046 30.000000 0.000000
2.881461 0.249603 30.000000 0.000000
2.901471 0.249813 30.000000 0.000000
2.921481 0.250788 30.000000 0.000000
2.941491 0.248562 30.000000 0.000000
2.961501 0.251354 30.000000 0.000000
2.981511 0.248286 30.000000 0.000000
3.001522 0.247846 30.000000 0.000000
3.021532 0.249864 30.000000 0.000000
3.041542 0.248592 30.000000 0.000000
3.061552 0.251128 30.000000 0.000000
3.081562 0.249526 30.000000 0.000000
3.101572 0.250858 30.000000 0.000000
3.121583 0.250423 30.000000 0.000000
3.141593 0.247765 30.000000 0.000000
3.161603 0.250596 29.996364 0.000000
3.181613 0.249091 29.999231 0.000000
3.201623 0.249864 30.000000 0.000000
3.221633 0.248708 30.000000 0.000000
3.241643 0.248161 30.000000 0.000000
3.261654 0.251707 30.000000 0.000000
3.281664 0.249622 30.000000 0.000000
3.301674 0.252374 30.000000 0.000000
3.321684 0.251076 30.000000 0.000000
3.341694 0.251074 30.000000 0.000000
3.361704 0.252548 30.000000 0.000000
3.381714 0.250244 29.998077 0.000000
3.401725 0.251676 29.997115 0.000000
3.421735 0.251397 30.000000 0.000000
3.441745 0.248989 30.000000 0.000000
3.461755 0.251037 30.000000 0.000000
3.481765 0.250179 30.000000 0.000000
3.501775 0.252190 30.000000 0.000000
3.521785 0.250779 30.000000 0.000000
3.541796 0.251460 30.000000 0.000000
3.561806 0.253054 30.000000 0.000000
3.581816 0.250664 30.000000 0.000000
3.601826 0.252898 30.000000 0.000000
3.621836 0.250774 30.000000 0.000000
3.641846 0.251935 30.000000 0.000000
3.661856 0.252193 30.000000 0.000000
3.681867 0.249519 30.000000 0.000000
3.701877 0.254205 30.000000 0.000000
3.721887 0.251426 30.000000 0.000000
3.741897 0.254840 30.000000 0.000000
3.761907 0.253557 29.992537 0.000000
3.781917 0.253198 30.000000 0.000000
3.801927 0.257083 30.000000 0.000000
3.821938 0.252348 30.000000 0.000000
3.841948 0.255736 30.000000 0.000000
3.861958 0.254761 30.000000 0.000000
3.881968 0.254244 30.000000 0.000000
3.901978 0.256036 30.000000 0.000000
3.921988 0.251978 30.000000 0.000000
3.941998 0.255761 30.000000 0.000000
3.962009 0.256108 30.000000 0.000000
3.982019 0.254921 30.000000 0.000000
4.002029 0.256159 30.000000 0.000000
4.022039 0.252619 30.000000 0.000000
4.042049 0.254985 30.000000 0.000000
4.062059 0.253324 30.000000 0.000000
4.082069 0.253350 30.000000 0.000000
4.102080 0.254267 30.000000 0.000000
4.122090 0.251641 30.000000 0.000000
4.142100 0.254270 30.000000 0.000000
4.162110 0.252743 30.000000 0.000000
4.182120 0.253230 30.000000 0.000000
4.202130 0.254573 30.000000 0.000000
4.222140 0.252065 30.000000 0.000000
4.242151 0.256178 30.000000 0.000000
4.262161 0.253599 30.000000 0.000000
4.282171 0.255688 30.000000 0.000000
4.302181 0.255868 30.000000 0.000000
4.322191 0.252827 30.000000 0.000000
4.342201 0.256778 30.000000 0.000000
4.362211 0.254796 30.000000 0.000000
4.382222 0.256316 30.000000 0.000000
4.402232 0.257273 30.000000 0.000000
4.422242 0.254026 30.000000 0.000000
4.442252 0.255955 30.000000 0.000000
4.462262 0.252979 30.000000 0.000000
4.482272 0.256100 30.000000 0.000000
4.502282 0.255769 30.000000 0.000000
4.522293 0.254012 30.000000 0.000000
4.542303 0.255122 30.000000 0.000000
4.562313 0.254246 30.000000 0.000000
4.582323 0.256934 30.000000 0.000000
4.602333 0.255789 30.000000 0.000000
4.622343 0.254455 30.000000 0.000000
4.642353 0.254882 30.000000 0.000000
4.662364 0.252460 30.000000 0.000000
4.682374 0.255644 30.000000 0.000000
4.702384 0.254893 30.000000 0.000000
4.722394 0.255787 30.000000 0.000000
4.742404 0.257539 30.000000 0.000000
4.762414 0.254319 30.000000 0.000000
4.782424 0.257601 30.000000 0.000000
4.802435 0.257252 30.000000 0.000000
4.822445 0.256547 30.000000 0.000000
4.842455 0.257632 30.000000 0.000000
4.862465 0.254903 30.000000 0.000000
4.882475 0.257674 30.000000 0.000000
4.902485 0.257177 30.000000 0.000000
4.922495 0.256837 30.000000 0.000000
4.942506 0.255933 30.000000 0.000000
4.962516 0.253807 30.000000 0.000000
4.982526 0.255858 30.000000 0.000000
5.002536 0.256484 30.000000 0.000000
5.022546 0.257502 30.000000 0.000000
5.042556 0.256806 30.000000 0.000000
5.062567 0.255789 30.000000 0.000000
5.082577 0.257294 30.000000 0.000000
5.102587 0.256048 30.000000 0.000000
5.122597 0.257798 30.000000 0.000000
5.142607 0.257862 30.000000 0.000000
5.162617 0.257035 30.000000 0.000000
5.182627 0.257573 30.000000 0.000000
5.202638 0.256683 30.000000 0.000000
5.222648 0.258371 30.000000 0.000000
5.242658 0.258494 30.000000 0.000000
5.262668 0.258512 30.000000 0.000000
5.282678 0.258659 30.000000 0.000000
5.302688 0.256870 30.000000 0.000000
5.322698 0.258586 30.000000 0.000000
5.342709 0.257378 30.000000 0.000000
5.362719 0.258055 30.000000 0.000000
5.382729 0.259092 30.000000 0.000000
5.402739 0.257735 30.000000 0.000000
5.422749 0.257954 30.000000 0.000000
5.442759 0.257400 30.000000 0.000000
5.462769 0.258541 30.000000 0.000000
5.482780 0.258754 30.000000 0.000000
5.502790 0.256582 29.995904 0.000000
5.522800 0.257911 29.998222 0.000000
5.542810 0.256893 30.000000 0.000000
5.562820 0.257747 30.000000 0.000000
5.582830 0.258668 30.000000 0.000000
5.602840 0.256629 30.000000 0.000000
5.622851 0.257538 30.000000 0.000000
5.642861 0.256439 30.000000 0.000000
5.662871 0.259014 30.000000 0.000000
5.682881 0.259006 30.000000 0.000000
5.702891 0.257527 30.000000 0.000000
5.722901 0.260496 30.000000 0.000000
5.742911 0.258222 30.000000 0.000000
5.762922 0.260472 30.000000 0.000000
5.782932 0.259599 30.000000 0.000000
5.802942 0.258962 30.000000 0.000000
5.822952 0.259264 30.000000 0.000000
5.842962 0.257842 30.000000 0.000000
5.862972 0.259774 30.000000 0.000000
5.882982 0.258045 30.000000 0.000000
5.902993 0.258056 30.000000 0.000000
5.923003 0.259732 30.000000 0.000000
5.943013 0.257735 30.000000 0.000000
5.963023 0.258899 30.000000 0.000000
5.983033 0.256516 30.000000 0.000000
6.003043 0.257045 30.000000 0.000000
6.023053 0.257502 30.000000 0.000000
6.043064 0.255237 30.000000 0.000000
6.063074 0.256735 30.000000 0.000000
6.083084 0.255195 30.000000 0.000000
6.103094 0.256763 30.000000 0.000000
6.123104 0.259387 30.000000 0.000000
6.143114 0.256409 30.000000 0.000000
6.163124 0.258366 30.000000 0.000000
6.183135 0.253577 30.000000 0.000000
6.203145 0.256558 30.000000 0.000000
6.223155 0.258359 30.000000 0.000000
6.243165 0.255601 30.000000 0.000000
6.263175 0.258084 30.000000 0.000000
