serial number: JANUSZ_3_RI70_21414866
torque: 8
start_temp: 29 (31)
finish_temp: 29 (30)
note: nie dziala, zdjety z robota, os 4, montaz #3
0.000000 0.253736 29.000000 0.000000
0.020010 0.252100 29.000000 0.000000
0.040020 0.250935 29.000000 0.000000
0.060030 0.250088 29.000000 0.000000
0.080041 0.250073 29.000000 0.000000
0.100051 0.253461 29.000000 0.000000
0.120061 0.251455 29.000000 0.000000
0.140071 0.251544 29.000000 0.000000
0.160081 0.250800 29.000000 0.000000
0.180091 0.249811 29.000000 0.000000
0.200101 0.252334 29.000000 0.000000
0.220112 0.252580 29.000000 0.000000
0.240122 0.251251 29.000000 0.000000
0.260132 0.251334 29.000000 0.000000
0.280142 0.251369 29.000000 0.000000
0.300152 0.249936 29.000000 0.000000
0.320162 0.251602 29.000000 0.000000
0.340172 0.249620 29.000000 0.000000
0.360183 0.249999 29.000000 0.000000
0.380193 0.249568 29.000000 0.000000
0.400203 0.248954 29.000000 0.000000
0.420213 0.251280 29.000000 0.000000
0.440223 0.249025 29.000000 0.000000
0.460233 0.250267 29.000000 0.000000
0.480243 0.247637 29.000000 0.000000
0.500254 0.248662 29.000000 0.000000
0.520264 0.249951 29.000000 0.000000
0.540274 0.249207 29.000000 0.000000
0.560284 0.251712 29.000000 0.000000
0.580294 0.249864 29.000000 0.000000
0.600304 0.250911 29.000000 0.000000
0.620314 0.249715 29.000000 0.000000
0.640325 0.249522 29.000000 0.000000
0.660335 0.250250 29.000000 0.000000
0.680345 0.250516 29.000000 0.000000
0.700355 0.249526 29.000000 0.000000
0.720365 0.248458 29.000000 0.000000
0.740375 0.247845 29.000000 0.000000
0.760385 0.247748 29.000000 0.000000
0.780396 0.249826 29.000000 0.000000
0.800406 0.246868 29.000000 0.000000
0.820416 0.249334 29.000000 0.000000
0.840426 0.247197 29.000000 0.000000
0.860436 0.247284 29.000000 0.000000
0.880446 0.250607 29.000000 0.000000
0.900456 0.248573 29.000000 0.000000
0.920467 0.250217 29.000000 0.000000
0.940477 0.247775 29.000000 0.000000
0.960487 0.247938 29.000000 0.000000
0.980497 0.250746 29.000000 0.000000
1.000507 0.248180 29.000000 0.000000
1.020517 0.250752 29.000000 0.000000
1.040528 0.248705 29.000000 0.000000
1.060538 0.250417 29.000000 0.000000
1.080548 0.249283 29.000000 0.000000
1.100558 0.250145 29.000000 0.000000
1.120568 0.249645 29.000000 0.000000
1.140578 0.250873 29.000000 0.000000
1.160588 0.250732 29.000000 0.000000
1.180599 0.251146 29.000000 0.000000
1.200609 0.250104 29.000000 0.000000
1.220619 0.249204 29.000000 0.000000
1.240629 0.250894 29.000000 0.000000
1.260639 0.248661 29.000000 0.000000
1.280649 0.251424 29.000000 0.000000
1.300659 0.249898 29.000000 0.000000
1.320670 0.249297 29.000000 0.000000
1.340680 0.251617 29.000000 0.000000
1.360690 0.248506 29.000000 0.000000
1.380700 0.251401 29.000000 0.000000
1.400710 0.250425 29.000000 0.000000
1.420720 0.250638 29.000000 0.000000
1.440730 0.252992 29.000000 0.000000
1.460741 0.251614 29.000000 0.000000
1.480751 0.251976 29.000000 0.000000
1.500761 0.252445 29.000000 0.000000
1.520771 0.252585 29.000000 0.000000
1.540781 0.252231 29.000000 0.000000
1.560791 0.250386 29.000000 0.000000
1.580801 0.250935 29.000000 0.000000
1.600812 0.252088 29.000000 0.000000
1.620822 0.252052 29.000000 0.000000
1.640832 0.252434 29.000000 0.000000
1.660842 0.249796 29.000000 0.000000
1.680852 0.251715 29.000000 0.000000
1.700862 0.253537 29.000000 0.000000
1.720872 0.252276 29.000000 0.000000
1.740883 0.254594 29.000000 0.000000
1.760893 0.251950 29.000000 0.000000
1.780903 0.252152 29.000000 0.000000
1.800913 0.252236 29.000000 0.000000
1.820923 0.249788 29.000000 0.000000
1.840933 0.251928 29.000000 0.000000
1.860943 0.250424 29.000000 0.000000
1.880954 0.250755 29.000000 0.000000
1.900964 0.251947 29.000000 0.000000
1.920974 0.250164 29.000000 0.000000
1.940984 0.252312 29.000000 0.000000
1.960994 0.252548 29.000000 0.000000
1.981004 0.252432 29.000000 0.000000
2.001014 0.253057 29.000000 0.000000
2.021025 0.250316 29.000000 0.000000
2.041035 0.253504 29.000000 0.000000
2.061045 0.253813 29.000000 0.000000
2.081055 0.252880 29.000000 0.000000
2.101065 0.254043 29.000000 0.000000
2.121075 0.250378 29.000000 0.000000
2.141085 0.252764 29.000000 0.000000
2.161096 0.253184 29.000000 0.000000
2.181106 0.252380 29.000000 0.000000
2.201116 0.254924 29.000000 0.000000
2.221126 0.250898 29.000000 0.000000
2.241136 0.252672 29.000000 0.000000
2.261146 0.252405 29.000000 0.000000
2.281156 0.249732 29.000000 0.000000
2.301167 0.251956 29.000000 0.000000
2.321177 0.250277 29.000000 0.000000
2.341187 0.250493 29.000000 0.000000
2.361197 0.252564 29.000000 0.000000
2.381207 0.250591 29.000000 0.000000
2.401217 0.253940 29.000000 0.000000
2.421227 0.253371 29.000000 0.000000
2.441238 0.252444 29.000000 0.000000
2.461248 0.253762 29.000000 0.000000
2.481258 0.250068 29.000000 0.000000
2.501268 0.252678 29.000000 0.000000
2.521278 0.250931 29.000000 0.000000
2.541288 0.250210 29.000000 0.000000
2.561298 0.252210 29.000000 0.000000
2.581309 0.247596 29.000000 0.000000
2.601319 0.251279 29.000000 0.000000
2.621329 0.251146 29.000000 0.000000
2.641339 0.249888 29.000000 0.000000
2.661349 0.251247 29.000000 0.000000
2.681359 0.248493 29.000000 0.000000
2.701369 0.249864 29.000000 0.000000
2.721380 0.250812 29.000000 0.000000
2.741390 0.249218 29.000000 0.000000
2.761400 0.251402 29.000000 0.000000
2.781410 0.250954 29.000000 0.000000
2.801420 0.250597 29.000000 0.000000
2.821430 0.252375 29.000000 0.000000
2.841440 0.250091 29.000000 0.000000
2.861451 0.251602 29.000000 0.000000
2.881461 0.250493 29.000000 0.000000
2.901471 0.250601 29.000000 0.000000
2.921481 0.251566 29.000000 0.000000
2.941491 0.249386 29.000000 0.000000
2.961501 0.251601 29.000000 0.000000
2.981511 0.251905 29.000000 0.000000
3.001522 0.251152 29.000000 0.000000
3.021532 0.250550 29.000000 0.000000
3.041542 0.248410 29.000000 0.000000
3.061552 0.250931 29.000000 0.000000
3.081562 0.252479 29.000000 0.000000
3.101572 0.250790 29.000000 0.000000
3.121583 0.252719 29.000000 0.000000
3.141593 0.250165 29.000000 0.000000
3.161603 0.252756 29.000000 0.000000
3.181613 0.252704 29.000000 0.000000
3.201623 0.250115 29.000000 0.000000
3.221633 0.252255 29.000000 0.000000
3.241643 0.251574 29.000000 0.000000
3.261654 0.251304 29.000000 0.000000
3.281664 0.252061 29.000000 0.000000
3.301674 0.249674 29.000000 0.000000
3.321684 0.252205 29.000000 0.000000
3.341694 0.251147 29.000000 0.000000
3.361704 0.251392 29.000000 0.000000
3.381714 0.252716 29.000000 0.000000
3.401725 0.249313 29.000000 0.000000
3.421735 0.253336 29.000000 0.000000
3.441745 0.253823 29.000000 0.000000
3.461755 0.253476 29.000000 0.000000
3.481765 0.254251 29.000000 0.000000
3.501775 0.249573 29.000000 0.000000
3.521785 0.253205 29.000000 0.000000
3.541796 0.253236 29.000000 0.000000
3.561806 0.251134 29.000000 0.000000
3.581816 0.254370 29.000000 0.000000
3.601826 0.250176 29.000000 0.000000
3.621836 0.254056 29.000000 0.000000
3.641846 0.254375 29.000000 0.000000
3.661856 0.249766 29.000000 0.000000
3.681867 0.252974 29.000000 0.000000
3.701877 0.250058 29.000000 0.000000
3.721887 0.252800 29.000000 0.000000
3.741897 0.253879 29.000000 0.000000
3.761907 0.248843 29.000000 0.000000
3.781917 0.254035 29.000000 0.000000
3.801927 0.253155 29.000000 0.000000
3.821938 0.254758 29.000000 0.000000
3.841948 0.254340 29.000000 0.000000
3.861958 0.249142 29.000000 0.000000
3.881968 0.254325 29.000000 0.000000
3.901978 0.254847 29.000000 0.000000
3.921988 0.253830 29.000000 0.000000
3.941998 0.254145 29.000000 0.000000
3.962009 0.250484 29.000000 0.000000
3.982019 0.253517 29.000000 0.000000
4.002029 0.254642 29.000000 0.000000
4.022039 0.251171 29.000000 0.000000
4.042049 0.252825 29.000000 0.000000
4.062059 0.250833 29.000000 0.000000
4.082069 0.254010 29.000000 0.000000
4.102080 0.254328 29.000000 0.000000
4.122090 0.249876 29.000000 0.000000
4.142100 0.253847 29.000000 0.000000
4.162110 0.253131 29.000000 0.000000
4.182120 0.255481 29.000000 0.000000
4.202130 0.255237 29.000000 0.000000
4.222140 0.250732 29.000000 0.000000
4.242151 0.254000 29.000000 0.000000
4.262161 0.255995 29.000000 0.000000
4.282171 0.256088 29.000000 0.000000
4.302181 0.254307 29.000000 0.000000
4.322191 0.250578 29.000000 0.000000
4.342201 0.253371 29.000000 0.000000
4.362211 0.255404 29.000000 0.000000
4.382222 0.252841 29.000000 0.000000
4.402232 0.253767 29.000000 0.000000
4.422242 0.250873 29.000000 0.000000
4.442252 0.253610 29.000000 0.000000
4.462262 0.255298 29.000000 0.000000
4.482272 0.251597 29.000000 0.000000
4.502282 0.253343 29.000000 0.000000
4.522293 0.251664 29.000000 0.000000
4.542303 0.252922 29.000000 0.000000
4.562313 0.254943 29.000000 0.000000
4.582323 0.251153 29.000000 0.000000
4.602333 0.252778 29.000000 0.000000
4.622343 0.253356 29.000000 0.000000
4.642353 0.253271 29.000000 0.000000
4.662364 0.253287 29.000000 0.000000
4.682374 0.251017 29.000000 0.000000
4.702384 0.252729 29.000000 0.000000
4.722394 0.254406 29.000000 0.000000
4.742404 0.254551 29.000000 0.000000
4.762414 0.254100 29.000000 0.000000
4.782424 0.251633 29.000000 0.000000
4.802435 0.252969 29.000000 0.000000
4.822445 0.254915 29.000000 0.000000
4.842455 0.252304 29.000000 0.000000
4.862465 0.251619 29.000000 0.000000
4.882475 0.250586 29.000000 0.000000
4.902485 0.251219 29.000000 0.000000
4.922495 0.254917 29.000000 0.000000
4.942506 0.251071 29.000000 0.000000
4.962516 0.251577 29.000000 0.000000
4.982526 0.252042 29.000000 0.000000
5.002536 0.250016 29.000000 0.000000
5.022546 0.253177 29.000000 0.000000
5.042556 0.249036 29.000000 0.000000
5.062567 0.249850 29.000000 0.000000
5.082577 0.251095 29.000000 0.000000
5.102587 0.248829 29.000000 0.000000
5.122597 0.249756 29.000000 0.000000
5.142607 0.247466 29.000000 0.000000
5.162617 0.249917 29.000000 0.000000
5.182627 0.251013 29.000000 0.000000
5.202638 0.247797 29.000000 0.000000
5.222648 0.248064 29.000000 0.000000
5.242658 0.247413 29.000000 0.000000
5.262668 0.247794 29.000000 0.000000
5.282678 0.249812 29.000000 0.000000
5.302688 0.246322 29.000000 0.000000
5.322698 0.248139 29.000000 0.000000
5.342709 0.247227 29.000000 0.000000
5.362719 0.248949 29.000000 0.000000
5.382729 0.251511 29.000000 0.000000
5.402739 0.248602 29.000000 0.000000
5.422749 0.248979 29.000000 0.000000
5.442759 0.248599 29.000000 0.000000
5.462769 0.248488 29.000000 0.000000
5.482780 0.251099 29.000000 0.000000
5.502790 0.248930 29.000000 0.000000
5.522800 0.249816 29.000000 0.000000
5.542810 0.250276 29.000000 0.000000
5.562820 0.249412 29.000000 0.000000
5.582830 0.251549 29.000000 0.000000
5.602840 0.250075 29.000000 0.000000
5.622851 0.250520 29.000000 0.000000
5.642861 0.250636 29.000000 0.000000
5.662871 0.250173 29.000000 0.000000
5.682881 0.251840 29.000000 0.000000
5.702891 0.251346 29.000000 0.000000
5.722901 0.252027 29.000000 0.000000
5.742911 0.253655 29.000000 0.000000
5.762922 0.251426 29.000000 0.000000
5.782932 0.251297 29.000000 0.000000
5.802942 0.250782 29.000000 0.000000
5.822952 0.250269 29.000000 0.000000
5.842962 0.251600 29.000000 0.000000
5.862972 0.250583 29.000000 0.000000
5.882982 0.249895 29.000000 0.000000
5.902993 0.249785 29.000000 0.000000
5.923003 0.250295 29.000000 0.000000
5.943013 0.252830 29.000000 0.000000
5.963023 0.251556 29.000000 0.000000
5.983033 0.250836 29.000000 0.000000
6.003043 0.250833 29.000000 0.000000
6.023053 0.250877 29.000000 0.000000
6.043064 0.252962 29.000000 0.000000
6.063074 0.251352 29.000000 0.000000
6.083084 0.252235 29.000000 0.000000
6.103094 0.252386 29.000000 0.000000
6.123104 0.251880 29.000000 0.000000
6.143114 0.251950 29.000000 0.000000
6.163124 0.251360 29.000000 0.000000
6.183135 0.252813 29.000000 0.000000
6.203145 0.252720 29.000000 0.000000
6.223155 0.251540 29.000000 0.000000
6.243165 0.252073 29.000000 0.000000
6.263175 0.252073 29.000000 0.000000
