serial number: JANUSZ_3_RI70_21414866
torque: 8
start_temp: 26 (27)
finish_temp: 26 (27)
note: telepie sie na wysokim speedzie, rezonacja?
0.000000 0.143878 26.000000 0.000000
0.020010 0.136828 26.000000 0.000000
0.040020 0.141069 26.000000 0.000000
0.060030 0.141666 26.000000 0.000000
0.080041 0.127826 26.000000 0.000000
0.100051 0.143400 26.000000 0.000000
0.120061 0.142195 26.000000 0.000000
0.140071 0.136780 26.000000 0.000000
0.160081 0.145404 26.000000 0.000000
0.180091 0.130419 26.000000 0.000000
0.200101 0.143465 26.000000 0.000000
0.220112 0.143731 26.000000 0.000000
0.240122 0.131061 26.000000 0.000000
0.260132 0.143927 26.000000 0.000000
0.280142 0.136303 26.000000 0.000000
0.300152 0.140343 26.000000 0.000000
0.320162 0.143303 26.000000 0.000000
0.340172 0.126882 26.000000 0.000000
0.360183 0.144079 26.000000 0.000000
0.380193 0.143210 26.000000 0.000000
0.400203 0.134519 26.000000 0.000000
0.420213 0.143687 26.000000 0.000000
0.440223 0.129605 26.000000 0.000000
0.460233 0.143637 26.000000 0.000000
0.480243 0.143232 26.000000 0.000000
0.500254 0.128673 26.000000 0.000000
0.520264 0.144838 26.000000 0.000000
0.540274 0.138124 26.000000 0.000000
0.560284 0.141231 26.000000 0.000000
0.580294 0.142212 26.000000 0.000000
0.600304 0.127977 26.000000 0.000000
0.620314 0.145478 26.000000 0.000000
0.640325 0.144583 26.000000 0.000000
0.660335 0.136615 26.000000 0.000000
0.680345 0.145912 26.000000 0.000000
0.700355 0.133589 26.000000 0.000000
0.720365 0.144864 26.000000 0.000000
0.740375 0.143673 26.000000 0.000000
0.760385 0.131151 26.000000 0.000000
0.780396 0.146213 26.000000 0.000000
0.800406 0.139711 26.000000 0.000000
0.820416 0.139561 26.000000 0.000000
0.840426 0.143906 26.000000 0.000000
0.860436 0.129486 26.000000 0.000000
0.880446 0.145074 26.000000 0.000000
0.900456 0.142795 26.000000 0.000000
0.920467 0.136204 26.000000 0.000000
0.940477 0.144090 26.000000 0.000000
0.960487 0.132753 26.000000 0.000000
0.980497 0.141617 26.000000 0.000000
1.000507 0.140607 26.000000 0.000000
1.020517 0.127931 26.000000 0.000000
1.040528 0.142150 26.000000 0.000000
1.060538 0.139723 26.000000 0.000000
1.080548 0.140009 26.000000 0.000000
1.100558 0.142940 26.000000 0.000000
1.120568 0.130221 26.000000 0.000000
1.140578 0.143896 26.000000 0.000000
1.160588 0.142091 26.000000 0.000000
1.180599 0.136988 26.000000 0.000000
1.200609 0.144446 26.000000 0.000000
1.220619 0.135140 26.000000 0.000000
1.240629 0.140827 26.000000 0.000000
1.260639 0.139967 26.000000 0.000000
1.280649 0.129972 26.000000 0.000000
1.300659 0.142544 26.000000 0.000000
1.320670 0.137805 26.000000 0.000000
1.340680 0.139377 26.000000 0.000000
1.360690 0.140775 26.000000 0.000000
1.380700 0.128967 26.000000 0.000000
1.400710 0.141016 26.000000 0.000000
1.420720 0.138707 26.000000 0.000000
1.440730 0.133575 26.000000 0.000000
1.460741 0.138736 26.000000 0.000000
1.480751 0.130727 26.000000 0.000000
1.500761 0.137600 26.000000 0.000000
1.520771 0.134924 26.000000 0.000000
1.540781 0.127680 26.000000 0.000000
1.560791 0.137428 26.000000 0.000000
1.580801 0.133513 26.000000 0.000000
1.600812 0.135860 26.000000 0.000000
1.620822 0.135815 26.000000 0.000000
1.640832 0.129764 26.000000 0.000000
1.660842 0.138075 26.000000 0.000000
1.680852 0.134860 26.000000 0.000000
1.700862 0.133141 26.000000 0.000000
1.720872 0.138456 26.000000 0.000000
1.740883 0.133217 26.000000 0.000000
1.760893 0.139908 26.000000 0.000000
1.780903 0.137948 26.000000 0.000000
1.800913 0.132376 26.000000 0.000000
1.820923 0.140476 26.000000 0.000000
1.840933 0.133168 26.000000 0.000000
1.860943 0.136514 26.000000 0.000000
1.880954 0.137081 26.000000 0.000000
1.900964 0.131682 26.000000 0.000000
1.920974 0.139709 26.000000 0.000000
1.940984 0.134222 26.000000 0.000000
1.960994 0.131362 26.000000 0.000000
1.981004 0.139601 26.000000 0.000000
2.001014 0.131406 26.000000 0.000000
2.021025 0.137270 26.000000 0.000000
2.041035 0.135759 26.000000 0.000000
2.061045 0.133240 26.000000 0.000000
2.081055 0.139932 26.000000 0.000000
2.101065 0.134091 26.000000 0.000000
2.121075 0.138291 26.000000 0.000000
2.141085 0.139074 26.000000 0.000000
2.161096 0.135874 26.000000 0.000000
2.181106 0.140824 26.000000 0.000000
2.201116 0.135871 26.000000 0.000000
2.221126 0.137521 26.000000 0.000000
2.241136 0.143031 26.000000 0.000000
2.261146 0.136362 26.000000 0.000000
2.281156 0.142321 26.000000 0.000000
2.301167 0.140079 26.000000 0.000000
2.321177 0.140054 26.000000 0.000000
2.341187 0.144523 26.000000 0.000000
2.361197 0.136651 26.000000 0.000000
2.381207 0.142502 26.000000 0.000000
2.401217 0.141509 26.000000 0.000000
2.421227 0.137242 26.000000 0.000000
2.441238 0.142615 26.000000 0.000000
2.461248 0.136361 26.000000 0.000000
2.481258 0.141729 26.000000 0.000000
2.501268 0.143549 26.000000 0.000000
2.521278 0.135352 26.000000 0.000000
2.541288 0.142486 26.000000 0.000000
2.561298 0.139981 26.000000 0.000000
2.581309 0.142243 26.000000 0.000000
2.601319 0.145808 26.000000 0.000000
2.621329 0.136788 26.000000 0.000000
2.641339 0.143275 26.000000 0.000000
2.661349 0.145294 26.000000 0.000000
2.681359 0.140712 26.000000 0.000000
2.701369 0.146156 26.000000 0.000000
2.721380 0.139859 26.000000 0.000000
2.741390 0.147152 26.000000 0.000000
2.761400 0.147105 26.000000 0.000000
2.781410 0.138515 26.000000 0.000000
2.801420 0.147483 26.000000 0.000000
2.821430 0.145966 26.000000 0.000000
2.841440 0.146042 26.000000 0.000000
2.861451 0.149185 26.000000 0.000000
2.881461 0.138854 26.000000 0.000000
2.901471 0.146282 26.000000 0.000000
2.921481 0.149728 26.000000 0.000000
2.941491 0.139734 26.000000 0.000000
2.961501 0.147083 26.000000 0.000000
2.981511 0.140019 26.000000 0.000000
3.001522 0.148756 26.000000 0.000000
3.021532 0.146463 26.000000 0.000000
3.041542 0.136643 26.000000 0.000000
3.061552 0.148277 26.000000 0.000000
3.081562 0.145119 26.000000 0.000000
3.101572 0.143511 26.000000 0.000000
3.121583 0.145463 26.000000 0.000000
3.141593 0.136639 26.000000 0.000000
3.161603 0.146111 26.000000 0.000000
3.181613 0.148696 26.000000 0.000000
3.201623 0.138835 26.000000 0.000000
3.221633 0.148542 26.000000 0.000000
3.241643 0.142561 26.000000 0.000000
3.261654 0.149707 26.000000 0.000000
3.281664 0.145879 26.000000 0.000000
3.301674 0.136552 26.000000 0.000000
3.321684 0.147962 26.000000 0.000000
3.341694 0.147148 26.000000 0.000000
3.361704 0.142330 26.000000 0.000000
3.381714 0.146493 26.000000 0.000000
3.401725 0.136457 26.000000 0.000000
3.421735 0.145809 26.000000 0.000000
3.441745 0.147707 26.000000 0.000000
3.461755 0.137166 26.000000 0.000000
3.481765 0.146020 26.000000 0.000000
3.501775 0.142682 26.000000 0.000000
3.521785 0.140595 26.000000 0.000000
3.541796 0.141743 26.000000 0.000000
3.561806 0.130449 26.000000 0.000000
3.581816 0.140944 26.000000 0.000000
3.601826 0.142428 26.000000 0.000000
3.621836 0.136123 26.000000 0.000000
3.641846 0.140040 26.000000 0.000000
3.661856 0.130574 26.000000 0.000000
3.681867 0.139643 26.000000 0.000000
3.701877 0.140264 26.000000 0.000000
3.721887 0.131320 26.000000 0.000000
3.741897 0.140166 26.000000 0.000000
3.761907 0.137133 26.000000 0.000000
3.781917 0.140236 26.000000 0.000000
3.801927 0.137205 26.000000 0.000000
3.821938 0.128202 26.000000 0.000000
3.841948 0.139411 26.000000 0.000000
3.861958 0.141907 26.000000 0.000000
3.881968 0.135994 26.000000 0.000000
3.901978 0.140884 26.000000 0.000000
3.921988 0.114790 26.000000 0.000000
3.941998 0.136025 26.000000 0.000000
3.962009 0.136997 26.000000 0.000000
3.982019 0.128179 26.000000 0.000000
4.002029 0.138659 26.000000 0.000000
4.022039 0.138236 26.000000 0.000000
4.042049 0.137986 26.000000 0.000000
4.062059 0.135885 26.000000 0.000000
4.082069 0.128194 26.000000 0.000000
4.102080 0.137044 26.000000 0.000000
4.122090 0.137901 26.000000 0.000000
4.142100 0.132525 26.000000 0.000000
4.162110 0.138113 26.000000 0.000000
4.182120 0.132805 26.000000 0.000000
4.202130 0.137957 26.000000 0.000000
4.222140 0.136058 26.000000 0.000000
4.242151 0.127867 26.000000 0.000000
4.262161 0.137139 26.000000 0.000000
4.282171 0.139119 26.000000 0.000000
4.302181 0.139094 26.000000 0.000000
4.322191 0.137768 26.000000 0.000000
4.342201 0.131453 26.000000 0.000000
4.362211 0.138694 26.000000 0.000000
4.382222 0.138883 26.000000 0.000000
4.402232 0.134736 26.000000 0.000000
4.422242 0.138585 26.000000 0.000000
4.442252 0.134590 26.000000 0.000000
4.462262 0.138710 26.000000 0.000000
4.482272 0.138070 26.000000 0.000000
4.502282 0.133287 26.000000 0.000000
4.522293 0.138863 26.000000 0.000000
4.542303 0.138414 26.000000 0.000000
4.562313 0.140185 26.000000 0.000000
4.582323 0.138123 26.000000 0.000000
4.602333 0.135378 26.000000 0.000000
4.622343 0.141662 26.000000 0.000000
4.642353 0.137738 26.000000 0.000000
4.662364 0.137483 26.000000 0.000000
4.682374 0.141855 26.000000 0.000000
4.702384 0.140655 26.000000 0.000000
4.722394 0.145334 26.000000 0.000000
4.742404 0.141608 26.000000 0.000000
4.762414 0.140894 26.000000 0.000000
4.782424 0.144519 26.000000 0.000000
4.802435 0.140778 26.000000 0.000000
4.822445 0.145669 26.000000 0.000000
4.842455 0.144053 26.000000 0.000000
4.862465 0.143500 26.000000 0.000000
4.882475 0.149197 26.000000 0.000000
4.902485 0.143182 26.000000 0.000000
4.922495 0.144886 26.000000 0.000000
4.942506 0.147524 26.000000 0.000000
4.962516 0.143227 26.000000 0.000000
4.982526 0.148014 26.000000 0.000000
5.002536 0.143522 26.000000 0.000000
5.022546 0.145497 26.000000 0.000000
5.042556 0.147905 26.000000 0.000000
5.062567 0.141612 26.000000 0.000000
5.082577 0.147640 26.000000 0.000000
5.102587 0.144840 26.000000 0.000000
5.122597 0.145867 26.000000 0.000000
5.142607 0.149525 26.000000 0.000000
5.162617 0.141783 26.000000 0.000000
5.182627 0.147555 26.000000 0.000000
5.202638 0.146958 26.000000 0.000000
5.222648 0.141947 26.000000 0.000000
5.242658 0.149459 26.000000 0.000000
5.262668 0.142116 26.000000 0.000000
5.282678 0.149217 26.000000 0.000000
5.302688 0.149135 26.000000 0.000000
5.322698 0.140336 26.000000 0.000000
5.342709 0.147992 26.000000 0.000000
5.362719 0.145520 26.000000 0.000000
5.382729 0.145096 26.000000 0.000000
5.402739 0.150685 26.000000 0.000000
5.422749 0.141584 26.000000 0.000000
5.442759 0.150951 26.000000 0.000000
5.462769 0.147046 26.000000 0.000000
5.482780 0.139821 26.000000 0.000000
5.502790 0.149399 26.000000 0.000000
5.522800 0.140260 26.000000 0.000000
5.542810 0.147198 26.000000 0.000000
5.562820 0.147468 26.000000 0.000000
5.582830 0.136789 26.000000 0.000000
5.602840 0.147481 26.000000 0.000000
5.622851 0.144788 26.000000 0.000000
5.642861 0.141151 26.000000 0.000000
5.662871 0.147247 26.000000 0.000000
5.682881 0.136155 26.000000 0.000000
5.702891 0.149348 26.000000 0.000000
5.722901 0.144381 26.000000 0.000000
5.742911 0.135907 26.000000 0.000000
5.762922 0.145284 26.000000 0.000000
5.782932 0.138202 26.000000 0.000000
5.802942 0.145042 26.000000 0.000000
5.822952 0.143411 26.000000 0.000000
5.842962 0.133364 26.000000 0.000000
5.862972 0.144165 26.000000 0.000000
5.882982 0.143788 26.000000 0.000000
5.902993 0.138334 26.000000 0.000000
5.923003 0.144011 26.000000 0.000000
5.943013 0.133681 26.000000 0.000000
5.963023 0.147480 26.000000 0.000000
5.983033 0.143049 26.000000 0.000000
6.003043 0.132067 26.000000 0.000000
6.023053 0.143562 26.000000 0.000000
6.043064 0.136170 26.000000 0.000000
6.063074 0.141574 26.000000 0.000000
6.083084 0.141421 26.000000 0.000000
6.103094 0.128312 26.000000 0.000000
6.123104 0.143164 26.000000 0.000000
6.143114 0.141991 26.000000 0.000000
6.163124 0.134758 26.000000 0.000000
6.183135 0.143552 26.000000 0.000000
6.203145 0.130174 26.000000 0.000000
6.223155 0.143983 26.000000 0.000000
6.243165 0.140836 26.000000 0.000000
6.263175 0.130718 26.000000 0.000000
