serial number: JANUSZ_3_RI70_21414866
torque: 8
start_temp: 30 (31)
finish_temp: 29 (30)
note: nie dziala, zdjety z robota, os 4
0.000000 0.315127 29.004464 0.000000
0.020010 0.318936 29.009412 0.000000
0.040020 0.309708 29.010693 0.000000
0.060030 0.318678 29.041589 0.000000
0.080041 0.310116 29.013223 0.000000
0.100051 0.314742 29.011455 0.000000
0.120061 0.321137 29.004174 0.000000
0.140071 0.308229 29.006849 0.000000
0.160081 0.316777 29.000192 0.000000
0.180091 0.312861 29.019439 0.000000
0.200101 0.314079 29.008507 0.000000
0.220112 0.322855 29.005440 0.000000
0.240122 0.311388 29.017984 0.000000
0.260132 0.318460 29.040000 0.000000
0.280142 0.317386 29.034019 0.000000
0.300152 0.313101 29.005743 0.000000
0.320162 0.322065 29.038069 0.000000
0.340172 0.312732 29.019298 0.000000
0.360183 0.316045 29.027378 0.000000
0.380193 0.319251 29.012982 0.000000
0.400203 0.310924 29.010323 0.000000
0.420213 0.319654 29.010872 0.000000
0.440223 0.315928 29.030566 0.000000
0.460233 0.316461 29.015818 0.000000
0.480243 0.325241 29.012893 0.000000
0.500254 0.314540 29.018295 0.000000
0.520264 0.322045 29.011481 0.000000
0.540274 0.320542 29.001553 0.000000
0.560284 0.318388 29.030725 0.000000
0.580294 0.328336 29.019412 0.000000
0.600304 0.315488 29.002759 0.000000
0.620314 0.320893 29.005297 0.000000
0.640325 0.322062 29.019459 0.000000
0.660335 0.315873 29.015581 0.000000
0.680345 0.325629 29.039086 0.000000
0.700355 0.314723 29.020180 0.000000
0.720365 0.317934 29.021767 0.000000
0.740375 0.322448 29.027967 0.000000
0.760385 0.313441 29.041504 0.000000
0.780396 0.320620 29.023662 0.000000
0.800406 0.317723 29.014857 0.000000
0.820416 0.317283 29.013971 0.000000
0.840426 0.326539 29.017518 0.000000
0.860436 0.316275 29.028522 0.000000
0.880446 0.321512 29.015115 0.000000
0.900456 0.323672 29.004364 0.000000
0.920467 0.317104 29.018065 0.000000
0.940477 0.327300 29.016306 0.000000
0.960487 0.317186 29.014867 0.000000
0.980497 0.320182 29.001860 0.000000
1.000507 0.326748 29.000000 0.000000
1.020517 0.318562 29.000000 0.000000
1.040528 0.324375 29.006796 0.000000
1.060538 0.317558 29.014953 0.000000
1.080548 0.317494 29.000000 0.000000
1.100558 0.328817 29.004545 0.000000
1.120568 0.316250 29.020000 0.000000
1.140578 0.323017 29.016697 0.000000
1.160588 0.320035 29.003636 0.000000
1.180599 0.314817 29.009948 0.000000
1.200609 0.325629 29.009867 0.000000
1.220619 0.313489 29.017391 0.000000
1.240629 0.320193 29.012037 0.000000
1.260639 0.324858 29.000000 0.000000
1.280649 0.316556 29.009784 0.000000
1.300659 0.320082 29.009126 0.000000
1.320670 0.314881 29.007407 0.000000
1.340680 0.316085 29.004465 0.000000
1.360690 0.329003 29.006769 0.000000
1.380700 0.317781 29.014915 0.000000
1.400710 0.321415 29.006267 0.000000
1.420720 0.319393 29.000000 0.000000
1.440730 0.314927 29.004975 0.000000
1.460741 0.326787 29.012414 0.000000
1.480751 0.313359 29.010811 0.000000
1.500761 0.317467 29.004545 0.000000
1.520771 0.321257 29.000000 0.000000
1.540781 0.312221 29.007092 0.000000
1.560791 0.317408 29.008867 0.000000
1.580801 0.311576 29.012857 0.000000
1.600812 0.314842 29.011776 0.000000
1.620822 0.324098 29.004375 0.000000
1.640832 0.308169 29.019187 0.000000
1.660842 0.314733 29.010311 0.000000
1.680852 0.312841 29.000000 0.000000
1.700862 0.310536 29.014231 0.000000
1.720872 0.321154 29.007770 0.000000
1.740883 0.306218 29.013333 0.000000
1.760893 0.310787 29.007822 0.000000
1.780903 0.316770 29.013109 0.000000
1.800913 0.309976 29.005793 0.000000
1.820923 0.315302 29.016749 0.000000
1.840933 0.310208 29.010909 0.000000
1.860943 0.310321 29.010762 0.000000
1.880954 0.320611 29.010645 0.000000
1.900964 0.305651 29.019187 0.000000
1.920974 0.314081 29.037719 0.000000
1.940984 0.315317 29.041071 0.000000
1.960994 0.310342 29.011373 0.000000
1.981004 0.322346 29.008227 0.000000
2.001014 0.307528 29.024068 0.000000
2.021025 0.313145 29.034260 0.000000
2.041035 0.321657 29.036174 0.000000
2.061045 0.311984 29.025301 0.000000
2.081055 0.318965 29.043128 0.000000
2.101065 0.310650 29.025672 0.000000
2.121075 0.311598 29.023574 0.000000
2.141085 0.323316 29.015946 0.000000
2.161096 0.307046 29.021333 0.000000
2.181106 0.316853 29.027116 0.000000
2.201116 0.317049 29.022812 0.000000
2.221126 0.312343 29.037969 0.000000
2.241136 0.322777 29.015556 0.000000
2.261146 0.309665 29.013525 0.000000
2.281156 0.315989 29.032148 0.000000
2.301167 0.324578 29.021654 0.000000
2.321177 0.313735 29.018480 0.000000
2.341187 0.318386 29.042903 0.000000
2.361197 0.313752 29.039084 0.000000
2.381207 0.313506 29.026667 0.000000
2.401217 0.328491 29.020000 0.000000
2.421227 0.312965 29.043922 0.000000
2.441238 0.320073 29.033485 0.000000
2.461248 0.322096 29.033821 0.000000
2.481258 0.314365 29.046478 0.000000
2.501268 0.326069 29.040479 0.000000
2.521278 0.313678 29.036148 0.000000
2.541288 0.318215 29.021107 0.000000
2.561298 0.326629 29.038182 0.000000
2.581309 0.313175 29.016287 0.000000
2.601319 0.321734 29.043239 0.000000
2.621329 0.315802 29.039697 0.000000
2.641339 0.316529 29.064247 0.000000
2.661349 0.326952 29.027211 0.000000
2.681359 0.311865 29.019730 0.000000
2.701369 0.320027 29.015547 0.000000
2.721380 0.321910 29.005760 0.000000
2.741390 0.315806 29.024291 0.000000
2.761400 0.325338 29.017964 0.000000
2.781410 0.315635 29.023881 0.000000
2.801420 0.319440 29.044928 0.000000
2.821430 0.329036 29.059672 0.000000
2.841440 0.316782 29.058605 0.000000
2.861451 0.324560 29.055902 0.000000
2.881461 0.323359 29.027187 0.000000
2.901471 0.320034 29.025692 0.000000
2.921481 0.331379 29.022254 0.000000
2.941491 0.317467 29.008333 0.000000
2.961501 0.323773 29.031429 0.000000
2.981511 0.326247 29.019187 0.000000
3.001522 0.317839 29.032163 0.000000
3.021532 0.326570 29.041916 0.000000
3.041542 0.314992 29.029118 0.000000
3.061552 0.319846 29.018060 0.000000
3.081562 0.327363 29.022187 0.000000
3.101572 0.316798 29.008047 0.000000
3.121583 0.325000 29.047967 0.000000
3.141593 0.319675 29.014839 0.000000
3.161603 0.319072 29.033953 0.000000
3.181613 0.326745 29.017808 0.000000
3.201623 0.315864 29.044755 0.000000
3.221633 0.322240 29.038652 0.000000
3.241643 0.323144 29.015000 0.000000
3.261654 0.317093 29.036260 0.000000
3.281664 0.323365 29.031579 0.000000
3.301674 0.315473 29.024478 0.000000
3.321684 0.319254 29.026370 0.000000
3.341694 0.327584 29.009846 0.000000
3.361704 0.319734 29.030952 0.000000
3.381714 0.324451 29.069378 0.000000
3.401725 0.320556 29.032558 0.000000
3.421735 0.318573 29.037846 0.000000
3.441745 0.326174 29.044054 0.000000
3.461755 0.315313 29.035918 0.000000
3.481765 0.320287 29.032509 0.000000
3.501775 0.319323 29.018033 0.000000
3.521785 0.314495 29.046774 0.000000
3.541796 0.321578 29.026036 0.000000
3.561806 0.311855 29.038310 0.000000
3.581816 0.315492 29.039698 0.000000
3.601826 0.317707 29.024348 0.000000
3.621836 0.310967 29.033556 0.000000
3.641846 0.316035 29.026996 0.000000
3.661856 0.311448 29.022946 0.000000
3.681867 0.311370 29.035019 0.000000
3.701877 0.316513 29.020000 0.000000
3.721887 0.309172 29.026581 0.000000
3.741897 0.312387 29.013483 0.000000
3.761907 0.311482 29.000000 0.000000
3.781917 0.308785 29.009084 0.000000
3.801927 0.318057 29.040936 0.000000
3.821938 0.311495 29.032958 0.000000
3.841948 0.313169 29.020741 0.000000
3.861958 0.315156 29.012932 0.000000
3.881968 0.310673 29.025882 0.000000
3.901978 0.314951 29.015934 0.000000
3.921988 0.309952 29.043077 0.000000
3.941998 0.309876 29.014135 0.000000
3.962009 0.315558 29.025223 0.000000
3.982019 0.307957 29.019085 0.000000
4.002029 0.312105 29.010187 0.000000
4.022039 0.309336 29.015267 0.000000
4.042049 0.309509 29.013228 0.000000
4.062059 0.316812 29.006353 0.000000
4.082069 0.306851 29.010141 0.000000
4.102080 0.310437 29.010037 0.000000
4.122090 0.310841 29.003453 0.000000
4.142100 0.309551 29.005053 0.000000
4.162110 0.312550 29.016340 0.000000
4.182120 0.306088 29.008955 0.000000
4.202130 0.308632 29.027376 0.000000
4.222140 0.312722 29.030692 0.000000
4.242151 0.308760 29.024103 0.000000
4.262161 0.311483 29.020981 0.000000
4.282171 0.309683 29.029552 0.000000
4.302181 0.308996 29.005462 0.000000
4.322191 0.316393 29.015814 0.000000
4.342201 0.308192 29.039444 0.000000
4.362211 0.311971 29.040149 0.000000
4.382222 0.314619 29.020286 0.000000
4.402232 0.312056 29.004694 0.000000
4.422242 0.317844 29.023636 0.000000
4.442252 0.309367 29.011765 0.000000
4.462262 0.313268 29.023206 0.000000
4.482272 0.319290 29.027368 0.000000
4.502282 0.312867 29.008153 0.000000
4.522293 0.316549 29.000000 0.000000
4.542303 0.309763 29.012059 0.000000
4.562313 0.311810 29.005968 0.000000
4.582323 0.318299 29.020698 0.000000
4.602333 0.309224 29.008112 0.000000
4.622343 0.316844 29.016000 0.000000
4.642353 0.317155 29.003768 0.000000
4.662364 0.316138 29.002857 0.000000
4.682374 0.320357 29.008867 0.000000
4.702384 0.312001 29.006331 0.000000
4.722394 0.317244 29.008560 0.000000
4.742404 0.323418 29.016316 0.000000
4.762414 0.317341 29.020645 0.000000
4.782424 0.318822 29.001280 0.000000
4.802435 0.315080 29.006765 0.000000
4.822445 0.317103 29.007143 0.000000
4.842455 0.328154 29.001806 0.000000
4.862465 0.316542 29.004138 0.000000
4.882475 0.321791 29.025984 0.000000
4.902485 0.322435 29.021295 0.000000
4.922495 0.318378 29.019815 0.000000
4.942506 0.325734 29.007619 0.000000
4.962516 0.314466 29.038873 0.000000
4.982526 0.321376 29.006324 0.000000
5.002536 0.326948 29.000556 0.000000
5.022546 0.317980 29.011720 0.000000
5.042556 0.322707 29.024096 0.000000
5.062567 0.317111 29.035224 0.000000
5.082577 0.321089 29.036145 0.000000
5.102587 0.329464 29.023007 0.000000
5.122597 0.315660 29.023562 0.000000
5.142607 0.322645 29.015253 0.000000
5.162617 0.322619 29.009927 0.000000
5.182627 0.320327 29.020174 0.000000
5.202638 0.329299 29.012571 0.000000
5.222648 0.316592 29.015111 0.000000
5.242658 0.320684 29.012713 0.000000
5.262668 0.326613 29.014286 0.000000
5.282678 0.316678 29.005714 0.000000
5.302688 0.323401 29.005620 0.000000
5.322698 0.319031 29.028358 0.000000
5.342709 0.319759 29.009687 0.000000
5.362719 0.330595 29.019722 0.000000
5.382729 0.313772 29.021842 0.000000
5.402739 0.321195 29.011518 0.000000
5.422749 0.321584 29.011095 0.000000
5.442759 0.318036 29.019585 0.000000
5.462769 0.328210 29.021481 0.000000
5.482780 0.312265 29.015887 0.000000
5.502790 0.318831 29.035303 0.000000
5.522800 0.324338 29.017059 0.000000
5.542810 0.315841 29.006849 0.000000
5.562820 0.322867 29.018291 0.000000
5.582830 0.316464 29.049043 0.000000
5.602840 0.317968 29.027103 0.000000
5.622851 0.325424 29.041008 0.000000
5.642861 0.310542 29.027812 0.000000
5.662871 0.318781 29.021370 0.000000
5.682881 0.320232 29.004727 0.000000
5.702891 0.314236 29.015385 0.000000
5.722901 0.322421 29.012464 0.000000
5.742911 0.310117 29.004918 0.000000
5.762922 0.317139 29.008909 0.000000
5.782932 0.324992 29.008727 0.000000
5.802942 0.313065 29.015000 0.000000
5.822952 0.320051 29.028817 0.000000
5.842962 0.313836 29.026325 0.000000
5.862972 0.313841 29.025688 0.000000
5.882982 0.323100 29.018824 0.000000
5.902993 0.307026 29.038235 0.000000
5.923003 0.315889 29.015442 0.000000
5.943013 0.314383 29.022804 0.000000
5.963023 0.310011 29.023529 0.000000
5.983033 0.320537 29.030154 0.000000
6.003043 0.307157 29.026984 0.000000
6.023053 0.314584 29.022321 0.000000
6.043064 0.317557 29.021818 0.000000
6.063074 0.308510 29.045650 0.000000
6.083084 0.314676 29.011818 0.000000
6.103094 0.308909 29.008772 0.000000
6.123104 0.312702 29.044622 0.000000
6.143114 0.321842 29.023248 0.000000
6.163124 0.308828 29.009051 0.000000
6.183135 0.314820 29.003470 0.000000
6.203145 0.313816 29.000000 0.000000
6.223155 0.311027 29.012670 0.000000
6.243165 0.321175 29.001587 0.000000
6.263175 0.309063 29.000000 0.000000
