serial number: JANUSZ_3_RI70_21414866
torque: 8
start_temp: 26 (27)
finish_temp: 26 (27)
note: telepie sie na wysokim speedzie, rezonacja?, przepuszczono
0.000000 0.146869 26.000000 0.000000
0.020010 0.139208 26.000000 0.000000
0.040020 0.146158 26.000000 0.000000
0.060030 0.145436 26.000000 0.000000
0.080041 0.130754 26.000000 0.000000
0.100051 0.148590 26.000000 0.000000
0.120061 0.146019 26.000000 0.000000
0.140071 0.139513 26.000000 0.000000
0.160081 0.146988 26.000000 0.000000
0.180091 0.130936 26.000000 0.000000
0.200101 0.145020 26.000000 0.000000
0.220112 0.145244 26.001218 0.000000
0.240122 0.133214 26.004419 0.000000
0.260132 0.147761 26.000000 0.000000
0.280142 0.139013 26.000000 0.000000
0.300152 0.144358 26.000000 0.000000
0.320162 0.145571 26.000000 0.000000
0.340172 0.128999 26.000000 0.000000
0.360183 0.146879 26.007326 0.000000
0.380193 0.143948 26.000000 0.000000
0.400203 0.137894 26.000000 0.000000
0.420213 0.147175 26.006347 0.000000
0.440223 0.132598 26.009325 0.000000
0.460233 0.146721 26.006692 0.000000
0.480243 0.145598 26.000000 0.000000
0.500254 0.133776 26.017699 0.000000
0.520264 0.148526 26.000000 0.000000
0.540274 0.141786 26.000000 0.000000
0.560284 0.145839 26.000000 0.000000
0.580294 0.144732 26.000000 0.000000
0.600304 0.129589 26.000000 0.000000
0.620314 0.146078 26.000000 0.000000
0.640325 0.142843 26.000360 0.000000
0.660335 0.138738 26.007742 0.000000
0.680345 0.145260 26.000000 0.000000
0.700355 0.132530 26.000000 0.000000
0.720365 0.145011 26.000000 0.000000
0.740375 0.143132 26.000000 0.000000
0.760385 0.132509 26.000000 0.000000
0.780396 0.146125 26.000000 0.000000
0.800406 0.139785 26.000000 0.000000
0.820416 0.141986 26.000000 0.000000
0.840426 0.143534 26.000000 0.000000
0.860436 0.130256 26.000000 0.000000
0.880446 0.144953 26.000000 0.000000
0.900456 0.140948 26.000000 0.000000
0.920467 0.137700 26.000000 0.000000
0.940477 0.144948 26.005495 0.000000
0.960487 0.133326 26.000000 0.000000
0.980497 0.145604 26.000000 0.000000
1.000507 0.144270 26.000000 0.000000
1.020517 0.135256 26.000000 0.000000
1.040528 0.147906 26.000000 0.000000
1.060538 0.139915 26.000000 0.000000
1.080548 0.145141 26.000000 0.000000
1.100558 0.145475 26.000000 0.000000
1.120568 0.132932 26.000000 0.000000
1.140578 0.146128 26.000000 0.000000
1.160588 0.140810 26.008972 0.000000
1.180599 0.139039 26.000299 0.000000
1.200609 0.143159 26.000000 0.000000
1.220619 0.135209 26.000000 0.000000
1.240629 0.142079 26.000000 0.000000
1.260639 0.138970 26.000000 0.000000
1.280649 0.131533 26.000000 0.000000
1.300659 0.142012 26.000000 0.000000
1.320670 0.136604 26.000000 0.000000
1.340680 0.140179 26.000000 0.000000
1.360690 0.140864 26.000000 0.000000
1.380700 0.132124 26.000000 0.000000
1.400710 0.142348 26.000000 0.000000
1.420720 0.137807 26.000000 0.000000
1.440730 0.136973 26.000000 0.000000
1.460741 0.140983 26.000000 0.000000
1.480751 0.134976 26.000000 0.000000
1.500761 0.141406 26.000000 0.000000
1.520771 0.137797 26.000000 0.000000
1.540781 0.134073 26.000000 0.000000
1.560791 0.143790 26.000000 0.000000
1.580801 0.137056 26.000000 0.000000
1.600812 0.142327 26.000000 0.000000
1.620822 0.140809 26.000000 0.000000
1.640832 0.136391 26.000000 0.000000
1.660842 0.144430 26.000000 0.000000
1.680852 0.137538 26.000000 0.000000
1.700862 0.138285 26.000000 0.000000
1.720872 0.141572 26.000000 0.000000
1.740883 0.134935 26.000000 0.000000
1.760893 0.142228 26.000000 0.000000
1.780903 0.136873 26.000000 0.000000
1.800913 0.134906 26.000000 0.000000
1.820923 0.140719 26.000000 0.000000
1.840933 0.133453 26.000000 0.000000
1.860943 0.138722 26.000000 0.000000
1.880954 0.138201 26.000000 0.000000
1.900964 0.135298 26.000000 0.000000
1.920974 0.143603 26.000000 0.000000
1.940984 0.136162 26.000000 0.000000
1.960994 0.136799 26.000000 0.000000
1.981004 0.141493 26.005525 0.000000
2.001014 0.134882 26.000000 0.000000
2.021025 0.141751 26.000000 0.000000
2.041035 0.137597 26.008475 0.000000
2.061045 0.138177 26.000000 0.000000
2.081055 0.140727 26.000000 0.000000
2.101065 0.132658 26.000000 0.000000
2.121075 0.140527 26.005319 0.000000
2.141085 0.139725 26.000000 0.000000
2.161096 0.138280 26.000000 0.000000
2.181106 0.144022 26.000000 0.000000
2.201116 0.136030 26.000000 0.000000
2.221126 0.141212 26.000000 0.000000
2.241136 0.143378 26.000000 0.000000
2.261146 0.135768 26.000000 0.000000
2.281156 0.142771 26.000000 0.000000
2.301167 0.137247 26.000000 0.000000
2.321177 0.140333 26.000000 0.000000
2.341187 0.143251 26.000000 0.000000
2.361197 0.132681 26.000000 0.000000
2.381207 0.141346 26.000000 0.000000
2.401217 0.140833 26.000000 0.000000
2.421227 0.135864 26.000000 0.000000
2.441238 0.144472 26.000000 0.000000
2.461248 0.136447 26.000000 0.000000
2.481258 0.145829 26.000000 0.000000
2.501268 0.144807 26.000000 0.000000
2.521278 0.135776 26.000000 0.000000
2.541288 0.144648 26.005181 0.000000
2.561298 0.139451 26.000000 0.000000
2.581309 0.143301 26.000000 0.000000
2.601319 0.147821 26.000000 0.000000
2.621329 0.135840 26.000000 0.000000
2.641339 0.147645 26.000670 0.000000
2.661349 0.149122 26.007273 0.000000
2.681359 0.140244 26.000000 0.000000
2.701369 0.148434 26.000000 0.000000
2.721380 0.140533 26.000000 0.000000
2.741390 0.150999 26.000000 0.000000
2.761400 0.147197 26.000000 0.000000
2.781410 0.137040 26.000000 0.000000
2.801420 0.145777 26.000000 0.000000
2.821430 0.141927 26.000000 0.000000
2.841440 0.143914 26.000000 0.000000
2.861451 0.148058 26.000000 0.000000
2.881461 0.137484 26.000000 0.000000
2.901471 0.148031 26.000000 0.000000
2.921481 0.151544 26.000000 0.000000
2.941491 0.140895 26.000000 0.000000
2.961501 0.149518 26.000000 0.000000
2.981511 0.140358 26.000000 0.000000
3.001522 0.150357 26.000000 0.000000
3.021532 0.146067 26.000000 0.000000
3.041542 0.135873 26.000000 0.000000
3.061552 0.148363 26.000000 0.000000
3.081562 0.145885 26.000000 0.000000
3.101572 0.145481 26.000000 0.000000
3.121583 0.133286 26.000000 0.000000
3.141593 0.136510 26.000000 0.000000
3.161603 0.149102 26.000000 0.000000
3.181613 0.150707 26.000000 0.000000
3.201623 0.140233 26.000000 0.000000
3.221633 0.150844 26.007067 0.000000
3.241643 0.143302 26.000000 0.000000
3.261654 0.150805 26.000000 0.000000
3.281664 0.147831 26.000000 0.000000
3.301674 0.137517 26.000000 0.000000
3.321684 0.149296 26.000000 0.000000
3.341694 0.148252 26.000000 0.000000
3.361704 0.143974 26.000000 0.000000
3.381714 0.148182 26.000000 0.000000
3.401725 0.136093 26.006494 0.000000
3.421735 0.147245 26.000000 0.000000
3.441745 0.147709 26.000000 0.000000
3.461755 0.136708 26.000000 0.000000
3.481765 0.146022 26.003497 0.000000
3.501775 0.140220 26.000000 0.000000
3.521785 0.146099 26.011834 0.000000
3.541796 0.143385 26.000000 0.000000
3.561806 0.132590 26.000000 0.000000
3.581816 0.143485 26.000000 0.000000
3.601826 0.144589 26.000000 0.000000
3.621836 0.139837 26.000000 0.000000
3.641846 0.143963 26.003356 0.000000
3.661856 0.133144 26.006536 0.000000
3.681867 0.143357 26.000000 0.000000
3.701877 0.141296 26.000000 0.000000
3.721887 0.133571 26.000000 0.000000
3.741897 0.143131 26.000000 0.000000
3.761907 0.138959 26.000000 0.000000
3.781917 0.143533 26.000000 0.000000
3.801927 0.140464 26.000000 0.000000
3.821938 0.132536 26.006369 0.000000
3.841948 0.140705 26.006944 0.000000
3.861958 0.141096 26.000000 0.000000
3.881968 0.137559 26.005952 0.000000
3.901978 0.141229 26.000000 0.000000
3.921988 0.133599 26.000000 0.000000
3.941998 0.141240 26.000000 0.000000
3.962009 0.138390 26.000000 0.000000
3.982019 0.131761 26.000000 0.000000
4.002029 0.140203 26.000000 0.000000
4.022039 0.137643 26.000000 0.000000
4.042049 0.140579 26.000000 0.000000
4.062059 0.137829 26.003460 0.000000
4.082069 0.132057 26.000000 0.000000
4.102080 0.140403 26.000000 0.000000
4.122090 0.140481 26.000000 0.000000
4.142100 0.138128 26.000000 0.000000
4.162110 0.140822 26.000000 0.000000
4.182120 0.135442 26.000000 0.000000
4.202130 0.142286 26.000000 0.000000
4.222140 0.139180 26.000000 0.000000
4.242151 0.134929 26.000000 0.000000
4.262161 0.142728 26.000000 0.000000
4.282171 0.140785 26.000000 0.000000
4.302181 0.142762 26.005291 0.000000
4.322191 0.140847 26.000000 0.000000
4.342201 0.136862 26.006536 0.000000
4.362211 0.142985 26.000000 0.000000
4.382222 0.140981 26.000000 0.000000
4.402232 0.138686 26.000000 0.000000
4.422242 0.142057 26.000000 0.000000
4.442252 0.138536 26.013333 0.000000
4.462262 0.142082 26.000000 0.000000
4.482272 0.139595 26.000000 0.000000
4.502282 0.137524 26.000000 0.000000
4.522293 0.142677 26.003509 0.000000
4.542303 0.139728 26.000000 0.000000
4.562313 0.143968 26.000000 0.000000
4.582323 0.141003 26.000000 0.000000
4.602333 0.140068 26.000000 0.000000
4.622343 0.145355 26.000000 0.000000
4.642353 0.140506 26.000000 0.000000
4.662364 0.142708 26.000000 0.000000
4.682374 0.144603 26.000000 0.000000
4.702384 0.143127 26.000000 0.000000
4.722394 0.148322 26.000000 0.000000
4.742404 0.143731 26.000000 0.000000
4.762414 0.145412 26.000000 0.000000
4.782424 0.147765 26.000000 0.000000
4.802435 0.139820 26.000000 0.000000
4.822445 0.147608 26.000000 0.000000
4.842455 0.144899 26.000000 0.000000
4.862465 0.143808 26.000000 0.000000
4.882475 0.148488 26.000000 0.000000
4.902485 0.141548 26.000000 0.000000
4.922495 0.147161 26.000000 0.000000
4.942506 0.146504 26.000000 0.000000
4.962516 0.141622 26.000000 0.000000
4.982526 0.148006 26.000000 0.000000
5.002536 0.142414 26.000000 0.000000
5.022546 0.147240 26.000000 0.000000
5.042556 0.148871 26.000000 0.000000
5.062567 0.140239 26.000000 0.000000
5.082577 0.149245 26.000000 0.000000
5.102587 0.147706 26.000000 0.000000
5.122597 0.148351 26.000000 0.000000
5.142607 0.153066 26.000615 0.000000
5.162617 0.142972 26.004912 0.000000
5.182627 0.152106 26.000000 0.000000
5.202638 0.149351 26.000000 0.000000
5.222648 0.142115 26.000000 0.000000
5.242658 0.152265 26.001255 0.000000
5.262668 0.144635 26.007174 0.000000
5.282678 0.151036 26.002278 0.000000
5.302688 0.150204 26.000000 0.000000
5.322698 0.139140 26.000000 0.000000
5.342709 0.150817 26.008621 0.000000
5.362719 0.147433 26.000000 0.000000
5.382729 0.146151 26.000000 0.000000
5.402739 0.151784 26.000000 0.000000
5.422749 0.140432 26.000000 0.000000
5.442759 0.153091 26.000000 0.000000
5.462769 0.148395 26.000000 0.000000
5.482780 0.140043 26.005067 0.000000
5.502790 0.151377 26.004769 0.000000
5.522800 0.142520 26.005435 0.000000
5.542810 0.150830 26.000000 0.000000
5.562820 0.148578 26.000000 0.000000
5.582830 0.135210 26.000000 0.000000
5.602840 0.148315 26.000000 0.000000
5.622851 0.145123 26.000000 0.000000
5.642861 0.142217 26.000000 0.000000
5.662871 0.148847 26.001636 0.000000
5.682881 0.136015 26.003200 0.000000
5.702891 0.151815 26.000000 0.000000
5.722901 0.145128 26.000453 0.000000
5.742911 0.135576 26.005570 0.000000
5.762922 0.146391 26.003676 0.000000
5.782932 0.138879 26.000000 0.000000
5.802942 0.148473 26.000000 0.000000
5.822952 0.145243 26.000000 0.000000
5.842962 0.132844 26.006024 0.000000
5.862972 0.146220 26.003831 0.000000
5.882982 0.145254 26.005319 0.000000
5.902993 0.140249 26.000000 0.000000
5.923003 0.146274 26.000000 0.000000
5.943013 0.133481 26.000000 0.000000
5.963023 0.148375 26.000000 0.000000
5.983033 0.143387 26.000000 0.000000
6.003043 0.133002 26.006173 0.000000
6.023053 0.145960 26.000000 0.000000
6.043064 0.137312 26.000000 0.000000
6.063074 0.144349 26.005882 0.000000
6.083084 0.143223 26.000000 0.000000
6.103094 0.129409 26.000000 0.000000
6.123104 0.144020 26.000000 0.000000
6.143114 0.141940 26.000000 0.000000
6.163124 0.137361 26.000000 0.000000
6.183135 0.144829 26.000000 0.000000
6.203145 0.130750 26.000000 0.000000
6.223155 0.146439 26.000000 0.000000
6.243165 0.142862 26.000000 0.000000
6.263175 0.133511 26.000000 0.000000
