serial number: RI70_21209061_PCB_d17
torque: 8
start_temp: 24 (24)
finish_temp: 25 (26)
note: montaz na obrotach_test pcb
0.000000 0.899257 24.076069 6514.757225
0.020010 0.898729 24.085027 6559.475410
0.040020 0.894975 24.091073 6604.870056
0.060030 0.897748 24.086667 6649.655556
0.080041 0.896704 24.089945 6696.585635
0.100051 0.894631 24.094667 6743.138889
0.120061 0.893180 24.095227 6789.710227
0.140071 0.895866 24.114000 6836.627778
0.160081 0.890702 24.100227 6883.482955
0.180091 0.896134 24.110734 6930.694915
0.200101 0.891277 24.096667 6977.172222
0.220112 0.893533 24.097079 7025.617978
0.240122 0.893988 24.094645 7074.398907
0.260132 0.890822 24.104396 7123.653846
0.280142 0.892674 24.104471 7170.482353
0.300152 0.888489 24.093405 7221.335135
0.320162 0.889454 24.090562 7271.617978
0.340172 0.895309 24.115778 7320.400000
0.360183 0.889981 24.116000 7370.422222
0.380193 0.891736 24.108343 7420.771429
0.400203 0.888919 24.104000 7471.638889
0.420213 0.889759 24.102514 7524.650273
0.440223 0.890271 24.114475 7577.679558
0.460233 0.887871 24.099318 7630.721591
0.480243 0.888896 24.086630 7683.950276
0.500254 0.883785 24.093043 7736.282609
0.520264 0.892117 24.130110 7791.587912
0.540274 0.886290 24.109497 7847.173184
0.560284 0.890875 24.105111 7903.238889
0.580294 0.888402 24.084944 7958.033708
0.600304 0.887363 24.084199 8013.817680
0.620314 0.886628 24.102247 8068.629213
0.640325 0.887807 24.121111 8126.322222
0.660335 0.893888 24.112216 8183.102703
0.680345 0.889655 24.080452 8241.384181
0.700355 0.887255 24.076836 8297.598870
0.720365 0.887085 24.070391 8354.608939
0.740375 0.892606 24.076464 8414.038674
0.760385 0.882672 24.065297 8472.659459
0.780396 0.890330 24.072457 8530.531429
0.800406 0.887488 24.093333 8589.317460
0.820416 0.888680 24.082791 8649.313953
0.840426 0.887281 24.096760 8705.603352
0.860436 0.887880 24.083497 8763.333333
0.880446 0.881772 24.095385 8823.120879
0.900456 0.893236 24.130950 8881.430168
0.920467 0.880659 24.094645 8942.344262
0.940477 0.881810 24.079121 9000.961538
0.960487 0.888604 24.109348 9061.201087
0.980497 0.885398 24.090166 9122.110497
1.000507 0.881282 24.104914 9179.765714
1.020517 0.886453 24.126739 9239.228261
1.040528 0.885920 24.093855 9298.430168
1.060538 0.888519 24.081304 9357.108696
1.080548 0.880789 24.093855 9418.396648
1.100558 0.886862 24.106369 9475.597765
1.120568 0.886663 24.092174 9535.625000
1.140578 0.885194 24.108508 9593.900552
1.160588 0.884434 24.102667 9648.416667
1.180599 0.886337 24.083261 9710.510870
1.200609 0.885665 24.090787 9766.988764
1.220619 0.882466 24.103911 9822.061453
1.240629 0.884135 24.105989 9879.073446
1.260639 0.890364 24.126631 9935.705882
1.280649 0.885600 24.096175 9994.786885
1.300659 0.879904 24.079540 10049.040230
1.320670 0.888957 24.086120 10102.743169
1.340680 0.880083 24.089832 10160.134078
1.360690 0.887178 24.076444 10215.677778
1.380700 0.887733 24.114255 10270.872340
1.400710 0.883693 24.106279 10329.988372
1.420720 0.889709 24.121093 10380.786885
1.440730 0.882950 24.114162 10437.648649
1.460741 0.885468 24.106364 10495.221591
1.480751 0.889459 24.090110 10546.368132
1.500761 0.880910 24.086257 10603.921788
1.520771 0.891523 24.079770 10656.097701
1.540781 0.883605 24.079140 10710.064516
1.560791 0.885504 24.083556 10764.150000
1.580801 0.887953 24.076425 10815.486034
1.600812 0.883198 24.089333 10868.383333
1.620822 0.883954 24.105652 10918.831522
1.640832 0.889711 24.102011 10972.507937
1.660842 0.876464 24.092955 11023.346591
1.680852 0.886881 24.099560 11072.945055
1.700862 0.876807 24.078212 11121.290503
1.720872 0.882483 24.071868 11172.252747
1.740883 0.883087 24.070939 11222.530387
1.760893 0.875210 24.088939 11270.022346
1.780903 0.880710 24.083676 11320.216216
1.800913 0.880780 24.096383 11372.265957
1.820923 0.877832 24.096818 11422.107955
1.840933 0.877417 24.098142 11473.311475
1.860943 0.875188 24.113548 11525.317204
1.880954 0.875247 24.084086 11581.311828
1.900964 0.876690 24.120000 11634.538012
1.920974 0.872995 24.115000 11688.630435
1.940984 0.874899 24.095385 11747.181319
1.960994 0.872693 24.104599 11806.497326
1.981004 0.874833 24.125161 11865.123656
2.001014 0.871915 24.098305 11926.920904
2.021025 0.871081 24.078289 11984.294118
2.041035 0.873323 24.084469 12047.245810
2.061045 0.870426 24.107676 12108.075676
2.081055 0.874781 24.091739 12169.103261
2.101065 0.878672 24.112432 12232.610811
2.121075 0.874206 24.118681 12292.351648
2.141085 0.879303 24.127568 12354.394595
2.161096 0.887755 24.144494 12415.073034
2.181106 0.884516 24.117569 12470.674033
2.201116 0.893561 24.116404 12532.359551
2.221126 0.893285 24.094725 12588.730769
2.241136 0.892973 24.100335 12644.888268
2.261146 0.895139 24.095581 12702.139535
2.281156 0.894150 24.080635 12753.899471
2.301167 0.904626 24.094035 12811.345029
2.321177 0.897384 24.094889 12863.894444
2.341187 0.898051 24.089425 12913.666667
2.361197 0.904993 24.079116 12968.712707
2.381207 0.900745 24.103240 13017.301676
2.401217 0.902141 24.107200 13068.874286
2.421227 0.903591 24.118192 13116.700565
2.441238 0.902276 24.129492 13163.576271
2.461248 0.907083 24.118636 13213.090909
2.481258 0.903184 24.111556 13260.038889
2.501268 0.906224 24.112874 13305.454023
2.521278 0.905648 24.100667 13355.194444
2.541288 0.903670 24.111724 13400.028736
2.561298 0.907558 24.112457 13447.822857
2.581309 0.903661 24.113778 13496.038889
2.601319 0.907444 24.124318 13542.698864
2.621329 0.907381 24.135506 13591.634831
2.641339 0.905378 24.113829 13639.514286
2.661349 0.906028 24.103636 13687.403409
2.681359 0.906971 24.110870 13735.288043
2.701369 0.905942 24.101905 13783.976190
2.721380 0.910017 24.119318 13831.528409
2.741390 0.905762 24.144222 13879.127778
2.761400 0.908119 24.118810 13930.005952
2.781410 0.908947 24.119130 13979.097826
2.801420 0.904404 24.096782 14029.431034
2.821430 0.910550 24.096444 14081.455556
2.841440 0.907039 24.099653 14131.156069
2.861451 0.906029 24.117127 14179.375691
2.881461 0.909314 24.109006 14231.514620
2.901471 0.905982 24.118192 14281.101695
2.921481 0.908919 24.115172 14332.155172
2.941491 0.909388 24.112044 14383.193370
2.961501 0.905602 24.113526 14436.138728
2.981511 0.912870 24.095281 14485.865169
3.001522 0.907932 24.101029 14536.268571
3.021532 0.909503 24.112874 14586.908046
3.041542 0.910572 24.106145 14639.089385
3.061552 0.909237 24.125843 14690.078652
3.081562 0.914838 24.115088 14740.760234
3.101572 0.908509 24.109153 14792.050847
3.121583 0.913014 24.116782 14842.333333
3.141593 0.692375 24.087935 14860.267206
3.161603 0.817829 24.087847 14928.894737
3.181613 0.846284 24.091256 14983.849246
3.201623 0.854682 24.101726 15035.786802
3.221633 0.869580 24.124670 15088.746193
3.241643 0.876763 24.115487 15139.600000
3.261654 0.877575 24.096754 15190.052356
3.281664 0.882701 24.091937 15242.015707
3.301674 0.883672 24.095876 15291.149485
3.321684 0.889009 24.115722 15340.379679
3.341694 0.893155 24.108272 15392.303665
3.361704 0.890595 24.108308 15441.825641
3.381714 0.889865 24.106154 15492.901099
3.401725 0.897683 24.118325 15540.272251
3.421735 0.892735 24.106392 15590.556701
3.441745 0.899572 24.091875 15640.234375
3.461755 0.895829 24.093617 15689.622340
3.481765 0.896179 24.121547 15737.320442
3.501775 0.902449 24.125684 15784.636842
3.521785 0.896269 24.111458 15833.062500
3.541796 0.901612 24.116684 15879.917098
3.561806 0.901025 24.122340 15925.994681
3.581816 0.894550 24.107234 15973.867021
3.601826 0.904860 24.114497 16020.465608
3.621836 0.900746 24.107513 16066.777778
3.641846 0.900212 24.131250 16111.307292
3.661856 0.903849 24.114811 16156.329730
3.681867 0.897426 24.107166 16201.283422
3.701877 0.902624 24.115508 16246.112299
3.721887 0.900449 24.107282 16292.425641
3.741897 0.900327 24.115084 15328.167598
3.761907 0.903434 24.106200 10728.165000
3.781917 0.899889 24.097021 41.718085
3.801927 0.900480 24.099471 85.629630
3.821938 0.900403 24.106811 129.318919
3.841948 0.898071 24.113909 175.045685
3.861958 0.902860 24.101957 218.836957
3.881968 0.897966 24.110053 263.798942
3.901978 0.897285 24.090681 307.225131
3.921988 0.900978 24.112299 350.641711
3.941998 0.896801 24.105455 396.288770
3.962009 0.897816 24.130103 439.391753
3.982019 0.899461 24.132620 485.695187
4.002029 0.895916 24.118261 529.059783
4.022039 0.899505 24.115602 574.670157
4.042049 0.896855 24.110213 619.622340
4.062059 0.896823 24.101633 665.209184
4.082069 0.896845 24.122737 715.963158
4.102080 0.894226 24.094947 760.500000
4.122090 0.896563 24.088085 808.888298
4.142100 0.894299 24.085989 855.566845
4.162110 0.894973 24.116875 900.067708
4.182120 0.895736 24.138238 950.948187
4.202130 0.891664 24.148757 996.054054
4.222140 0.896144 24.148333 1044.432292
4.242151 0.892396 24.124792 1094.515625
4.262161 0.891396 24.119171 1140.601036
4.282171 0.894876 24.109519 1192.026738
4.302181 0.892336 24.105208 1240.494792
4.322191 0.891873 24.120000 1292.784211
4.342201 0.894027 24.135579 1339.952632
4.362211 0.890842 24.121497 1390.101604
4.382222 0.895651 24.054749 1442.100559
4.402232 0.890499 24.081297 1496.367568
4.422242 0.889868 24.102222 1548.467836
4.442252 0.895379 24.088085 1600.324468
4.462262 0.890499 24.084270 1655.955056
4.482272 0.893809 24.069497 1714.307263
4.502282 0.894768 24.074254 1763.734807
4.522293 0.891801 24.076464 1825.839779
4.542303 0.896968 24.098889 1881.133333
4.562313 0.893001 24.084368 1938.149425
4.582323 0.896943 24.080670 1996.106145
4.602333 0.896464 24.095506 2055.505618
4.622343 0.893591 24.092376 2117.458564
4.642353 0.899691 24.101136 2180.778409
4.662364 0.896531 24.094943 2241.844828
4.682374 0.897892 24.060108 2306.356757
4.702384 0.898788 24.061839 2375.425287
4.722394 0.897951 24.087514 2441.817680
4.742404 0.900874 24.073626 2514.263736
4.762414 0.899712 24.079538 2580.294798
4.782424 0.900373 24.078644 2644.451977
4.802435 0.904409 24.063425 2717.690608
4.822445 0.900783 24.044651 2788.558140
4.842455 0.903274 24.058994 2856.446927
4.862465 0.903616 24.064598 2924.925287
4.882475 0.902340 24.060773 2995.071823
4.902485 0.908068 24.054104 3060.127168
4.922495 0.906456 24.065275 3121.346154
4.942506 0.905442 24.097831 3190.301205
4.962516 0.907338 24.094973 3254.951872
4.982526 0.908584 24.071395 3313.680233
5.002536 0.909926 24.079543 3374.834286
5.022546 0.909735 24.074318 3433.431818
5.042556 0.909448 24.099669 3492.287293
5.062567 0.911189 24.096818 3551.556818
5.082577 0.910586 24.077427 3600.783626
5.102587 0.913975 24.088000 3656.766667
5.122597 0.911810 24.094035 3707.982456
5.142607 0.911950 24.090743 3758.520000
5.162617 0.915439 24.092667 3806.572222
5.182627 0.911718 24.077931 3856.718391
5.202638 0.913822 24.085650 3903.209040
5.222648 0.913473 24.076552 3948.856322
5.242658 0.912510 24.078192 3994.000000
5.262668 0.916213 24.076763 4039.653179
5.282678 0.913537 24.073988 4082.202312
5.302688 0.912526 24.077029 4124.645714
5.322698 0.916849 24.079543 4169.874286
5.342709 0.913018 24.101395 4209.639535
5.362719 0.917536 24.107571 4255.406780
5.382729 0.914373 24.095227 4301.744318
5.402739 0.913358 24.080230 4348.793103
5.422749 0.917783 24.086591 4396.261364
5.442759 0.914643 24.086554 4449.355932
5.462769 0.914694 24.106215 4501.000000
5.482780 0.915809 24.087485 4554.719298
5.502790 0.914317 24.099422 4610.289017
5.522800 0.918301 24.105909 4665.232955
5.542810 0.914407 24.098994 4725.072626
5.562820 0.913840 24.086353 4780.688235
5.582830 0.917239 24.085393 4840.022472
5.602840 0.913107 24.062012 4896.508876
5.622851 0.916239 24.057079 4953.421348
5.642861 0.914399 24.071186 5010.536723
5.662871 0.914101 24.082222 5067.572222
5.682881 0.915956 24.081628 5123.168605
5.702891 0.912313 24.097143 5176.560000
5.722901 0.913092 24.108409 5228.414773
5.742911 0.913176 24.107907 5279.366279
5.762922 0.912137 24.085714 5328.577143
5.782932 0.914796 24.080670 5380.877095
5.802942 0.912636 24.092800 5428.582857
5.822952 0.912343 24.099333 5478.572222
5.842962 0.910987 24.092455 5526.335329
5.862972 0.910147 24.100690 5573.241379
5.882982 0.910582 24.085424 5619.728814
5.902993 0.909131 24.075480 5667.186441
5.923003 0.909139 24.082921 5714.966292
5.943013 0.909563 24.076180 5761.151685
5.963023 0.906390 24.066364 5806.869318
5.983033 0.910339 24.077943 5852.200000
6.003043 0.906472 24.073483 5896.870787
6.023053 0.901585 24.085424 5941.858757
6.043064 0.909107 24.092655 5985.909605
6.063074 0.902692 24.085618 6029.786517
6.083084 0.906623 24.073988 6074.919075
6.103094 0.905771 24.070889 6119.688889
6.123104 0.900222 24.078870 6163.197740
6.143114 0.903835 24.085549 6208.208092
6.163124 0.899976 24.082486 6251.406780
6.183135 0.904072 24.098564 6295.270718
6.203145 0.899472 24.093873 6338.849711
6.223155 0.901517 24.109392 6383.790055
6.243165 0.902679 24.108444 6428.327778
6.263175 0.896113 24.073446 6470.807910
