0.496026 12.265667 23.000000
0.449109 11.614534 23.000000
0.397071 11.063388 23.000000
0.350456 10.368193 23.000000
0.298945 9.611592 23.000000
0.246230 8.896482 23.000000
0.199921 8.210175 23.000000
0.147793 7.367780 23.000000
0.101251 6.415570 23.000000
0.049451 5.141520 23.000000
0.000000 0.000000 23.000000
-0.049057 -5.278714 23.000000
-0.101047 -6.560845 23.000000
-0.147799 -7.507671 23.000000
-0.199806 -8.322537 23.000000
-0.246698 -9.057515 23.000000
-0.298156 -9.874761 23.000000
-0.350220 -10.534659 23.000000
-0.397204 -11.261620 23.000000
-0.448758 -11.790513 23.000000
-0.495684 -12.391246 23.000000
-0.547944 -12.938092 23.000000
