-0.995776 -19.396101 26.000000
-0.947191 -18.342218 26.000000
-0.894955 -17.545109 26.000000
-0.849263 -16.959801 26.000000
-0.796766 -16.653573 26.000000
-0.744230 -15.903121 26.000000
-0.698860 -15.547574 26.120000
-0.645962 -14.910433 26.840000
-0.600205 -14.465381 27.000000
-0.547411 -13.781737 27.000000
-0.495725 -13.394428 27.000000
-0.449024 -12.513411 27.000000
-0.396585 -12.002691 27.000000
-0.350268 -11.541274 27.000000
-0.298546 -10.603457 27.000000
-0.246445 -9.770485 27.000000
-0.199578 -9.012777 27.000000
-0.147712 -8.178556 27.000000
-0.100943 -7.221748 27.000000
-0.049184 -6.014071 27.000000
0.000000 0.000000 27.000000
0.048870 5.988192 27.000000
0.101281 7.136836 27.000000
0.147854 8.162670 27.000000
0.199694 9.081277 27.000000
0.246501 9.812223 27.000000
0.298120 10.794533 27.000000
0.350396 11.682167 27.000000
0.397272 12.217494 27.000000
0.448747 12.917383 27.000000
0.496134 13.642441 27.000000
0.547605 13.998698 27.000000
0.599666 14.951471 27.000000
0.646460 15.037730 27.000000
0.698145 15.924617 27.000000
0.744809 16.098791 27.000000
0.797735 16.621253 27.000000
0.848566 17.076027 27.000000
0.895567 17.205229 27.000000
0.948189 17.646679 27.000000
0.994671 18.027381 27.000000
