0.993979 17.933378 27.000000
0.946898 17.372774 27.000000
0.895942 16.760178 27.000000
0.849071 16.517046 27.000000
0.796391 15.977831 27.000000
0.745220 15.439342 27.000000
0.697940 15.230592 27.000000
0.646423 14.469618 27.000000
0.599244 14.302718 27.000000
0.548076 13.461603 27.000000
0.495103 13.052128 27.000000
0.449097 12.543130 27.000000
0.397088 11.757265 27.000000
0.350107 11.237877 27.000000
0.298468 10.651073 27.000000
0.246701 9.758922 27.000000
0.199825 8.887369 27.000000
0.147952 7.902486 27.200000
0.101168 7.022622 27.560000
0.048792 5.956420 27.120000
0.000000 0.000000 27.680000
-0.048815 -6.042551 27.480000
-0.101301 -7.037390 27.240000
-0.147803 -7.839410 27.480000
-0.199577 -8.850058 27.320000
-0.246309 -9.767706 27.120000
-0.298497 -10.578572 27.320000
-0.350368 -10.953289 27.280000
-0.396952 -11.663168 27.400000
-0.448857 -12.570642 27.560000
-0.495925 -12.834611 27.760000
-0.547432 -13.595104 27.800000
-0.599974 -14.070206 28.000000
-0.645886 -14.570249 27.960000
-0.698750 -14.968171 28.000000
-0.744583 -15.520349 28.000000
-0.797196 -15.757114 28.000000
-0.849372 -16.386344 28.000000
-0.895223 -16.746824 28.000000
-0.947318 -16.970668 28.000000
-0.994921 -17.384062 28.000000
