-0.994575 -17.369903 28.000000
-0.947124 -16.915890 28.000000
-0.894774 -16.269668 28.000000
-0.849346 -15.824615 28.000000
-0.796677 -15.646151 28.000000
-0.744597 -14.810853 28.000000
-0.698812 -14.563385 28.000000
-0.645900 -13.899392 28.000000
-0.600082 -13.608088 28.000000
-0.547366 -12.887600 28.000000
-0.495813 -12.683306 28.000000
-0.449146 -11.832608 28.000000
-0.396554 -11.388288 28.000000
-0.350346 -10.997446 28.000000
-0.298579 -10.039162 28.000000
-0.246447 -9.304982 28.000000
-0.199553 -8.678469 28.000000
-0.147833 -7.894154 28.000000
-0.101219 -7.068210 28.000000
-0.049294 -6.032127 28.000000
0.000000 0.000000 28.000000
0.049707 5.947377 28.000000
0.100826 7.033857 28.000000
0.147847 7.861179 28.000000
0.199770 8.637222 28.000000
0.246301 9.341604 28.000000
0.298220 10.284654 28.000000
0.350536 11.125636 28.000000
0.397401 11.488568 28.000000
0.448669 12.238319 28.000000
0.495923 12.950025 28.000000
0.547667 13.283342 28.000000
0.599394 14.068661 28.000000
0.646658 14.264794 28.000000
0.698287 14.984689 28.000000
0.744644 15.194874 28.000000
0.797759 15.831697 28.000000
0.848400 16.295025 28.000000
0.895747 16.376390 28.000000
0.948332 16.815790 28.000000
0.994415 17.259367 28.000000
