0.993992 17.124149 28.000000
0.946871 16.587510 28.000000
0.895889 16.047628 28.040000
0.848910 15.880404 28.880000
0.796228 15.308177 29.000000
0.745439 14.726782 29.000000
0.698096 14.528255 29.000000
0.646520 13.803729 29.000000
0.599311 13.598592 29.000000
0.548097 12.816460 29.000000
0.495204 12.458626 29.000000
0.449373 11.959452 29.000000
0.397153 11.180519 29.000000
0.349941 10.776927 29.000000
0.298482 10.198595 29.000000
0.246770 9.368783 29.000000
0.199850 8.550017 29.000000
0.147681 7.635470 29.000000
0.100980 6.865444 29.000000
0.049216 5.847202 29.000000
0.000000 0.000000 29.000000
-0.049180 -5.857028 29.000000
-0.101145 -6.839903 29.000000
-0.147885 -7.569157 29.000000
-0.199380 -8.603616 29.000000
-0.246333 -9.537203 29.000000
-0.298603 -10.302411 29.000000
-0.350358 -10.671521 29.000000
-0.396882 -11.339521 29.000000
-0.448935 -12.182619 29.000000
-0.496050 -12.357214 29.000000
-0.547230 -13.138378 29.000000
-0.600189 -13.562570 29.000000
-0.645923 -14.083998 29.000000
-0.698866 -14.452129 29.000000
-0.744423 -15.000812 29.000000
-0.797212 -15.194203 29.000000
-0.849336 -15.837369 29.000000
-0.895234 -16.157308 29.000000
-0.947221 -16.412468 29.000000
-0.994702 -16.814165 29.000000
