-0.994697 -16.853024 29.000000
-0.946958 -16.454562 29.000000
-0.894948 -15.780395 29.000000
-0.849657 -15.409038 29.000000
-0.796687 -15.166657 29.000000
-0.744403 -14.443910 29.000000
-0.698752 -14.219719 29.000000
-0.645858 -13.587064 29.000000
-0.599875 -13.297900 29.000000
-0.547436 -12.599957 29.000000
-0.495700 -12.395700 29.000000
-0.449043 -11.572055 29.000000
-0.396560 -11.120884 29.000000
-0.350330 -10.765361 29.000000
-0.298465 -9.835001 29.000000
-0.246417 -9.127743 29.000000
-0.199498 -8.464491 29.000000
-0.147817 -7.777949 29.000000
-0.100968 -6.991110 29.000000
-0.048750 -5.948203 29.000000
0.000000 0.000000 29.000000
0.048912 5.875473 29.000000
0.101038 6.948857 29.000000
0.147956 7.723175 29.000000
0.199719 8.507838 29.000000
0.246261 9.177619 29.000000
0.298131 10.097863 29.000000
0.350324 10.884709 29.000000
0.397253 11.302196 29.000000
0.448771 11.930452 29.000000
0.495931 12.657540 29.000000
0.547759 12.926417 29.000000
0.599458 13.675289 29.000000
0.646539 13.876685 29.000000
0.698035 14.577757 29.000000
0.745237 14.674865 29.000000
0.797225 15.146119 29.000000
0.848297 15.665850 29.000000
0.895518 15.832709 29.000000
0.948398 16.293575 29.000000
0.994475 16.694616 29.000000
