0.993694 16.559936 29.000000
0.947037 16.067310 29.000000
0.896060 15.604489 29.000000
0.848700 15.499245 29.000000
0.796197 14.893644 29.000000
0.745513 14.473645 29.000000
0.697757 14.271078 29.000000
0.646692 13.565457 29.000000
0.599320 13.352027 29.000000
0.548040 12.627388 29.040000
0.495377 12.146038 29.480000
0.449236 11.698145 29.960000
0.397202 10.889141 30.000000
0.350039 10.454759 29.920000
0.298442 9.900240 30.000000
0.246695 9.055499 30.000000
0.199827 8.289517 30.000000
0.147914 7.328809 30.000000
0.100904 6.587632 30.000000
0.049011 5.685865 30.000000
0.000000 0.000000 30.000000
-0.049311 -5.624637 29.960000
-0.101234 -6.515165 29.760000
-0.147655 -7.194987 29.720000
-0.199440 -8.163963 29.080000
-0.246298 -9.024524 29.120000
-0.298538 -9.784281 29.000000
-0.350423 -10.042237 29.000000
-0.396796 -10.721722 29.000000
-0.448891 -11.612432 29.000000
-0.496040 -11.823554 29.000000
-0.547122 -12.651455 29.000000
-0.600275 -13.039600 29.000000
-0.645924 -13.536905 29.000000
-0.698805 -13.892443 29.000000
-0.744553 -14.506348 29.000000
-0.797140 -14.687052 29.000000
-0.849377 -15.297881 29.000000
-0.895197 -15.755018 29.160000
-0.946952 -15.871381 29.400000
-0.994726 -16.284533 29.960000
