-0.995187 -16.241757 30.000000
-0.947711 -15.698759 30.000000
-0.894935 -15.033232 30.000000
-0.849374 -14.390304 30.000000
-0.797367 -14.300316 30.000000
-0.744396 -13.709957 30.000000
-0.698737 -13.236228 30.000000
-0.645764 -12.931542 30.000000
-0.600143 -12.423455 30.000000
-0.547175 -12.003890 30.000000
-0.495873 -11.581966 30.000000
-0.448638 -10.881004 30.000000
-0.396986 -10.542809 30.000000
-0.350520 -10.042225 30.000000
-0.298327 -9.135754 30.000000
-0.246336 -8.575742 30.000000
-0.199889 -8.031348 30.000000
-0.148040 -7.140871 30.000000
-0.101029 -6.434229 30.000000
-0.048628 -5.548663 30.000000
0.000000 0.000000 30.000000
0.049501 5.521487 30.000000
0.101080 6.407669 30.000000
0.147747 7.163367 30.000000
0.199782 8.104929 30.000000
0.246570 8.676726 30.000000
0.298438 9.275574 30.000000
0.350278 10.211436 30.000000
0.397033 10.741113 30.000000
0.449399 11.106619 30.000000
0.495313 11.870897 30.000000
0.548065 12.331589 30.000000
0.599111 12.809608 30.000000
0.646723 13.266487 30.000000
0.697848 13.686531 30.000000
0.745815 14.031913 30.000000
0.796746 14.691561 30.000000
0.848603 14.854969 30.000000
0.896247 15.193749 30.000000
0.947671 15.753772 30.000000
0.993721 15.990282 30.000000
