-0.495808 -12.308413 23.000000
-0.449093 -11.818374 23.000000
-0.397211 -10.956659 23.000000
-0.350419 -10.541151 23.000000
-0.297935 -9.814147 23.000000
-0.246510 -8.972518 23.000000
-0.199893 -8.277528 23.000000
-0.147752 -7.290121 23.000000
-0.100747 -6.537178 23.000000
-0.049251 -5.399917 23.000000
0.000000 0.000000 23.000000
0.049226 5.246421 23.000000
0.101229 6.395607 23.000000
0.147774 7.178461 23.000000
0.199505 8.229516 23.000000
0.246487 9.094838 23.000000
0.298574 9.875117 23.000000
0.350180 10.616120 23.000000
0.396741 11.137042 23.000000
0.448881 11.904422 23.000000
0.496153 12.243342 23.120000
0.547309 12.907086 23.200000
