-0.994906 -15.445572 31.000000
-0.947893 -15.214022 31.000000
-0.895008 -14.667526 31.000000
-0.849034 -13.993167 31.000000
-0.797846 -13.887688 31.000000
-0.744192 -13.365728 31.000000
-0.698617 -12.808887 31.000000
-0.646100 -12.572350 31.000000
-0.600038 -11.924256 31.000000
-0.547401 -11.690202 31.000000
-0.496137 -11.137487 31.000000
-0.448560 -10.581913 31.000000
-0.396995 -10.213280 31.000000
-0.350589 -9.665922 31.000000
-0.298034 -8.949834 31.000000
-0.246496 -8.403814 31.000000
-0.199639 -7.854129 31.000000
-0.147862 -6.980766 31.000000
-0.100710 -6.352094 31.000000
-0.049215 -5.421449 31.000000
0.000000 0.000000 31.000000
0.049312 5.365605 31.000000
0.101004 6.313288 31.000000
0.147761 7.077223 31.000000
0.199677 7.917367 31.000000
0.246545 8.452973 31.000000
0.298449 8.961129 31.000000
0.350166 9.839708 31.000000
0.397068 10.358263 31.000000
0.449420 10.637801 31.000000
0.495525 11.349820 31.000000
0.548212 11.822525 31.000000
0.599014 12.269021 31.000000
0.646782 12.689630 31.000000
0.697940 13.111172 31.000000
0.745640 13.462817 31.000000
0.796734 14.075587 31.000000
0.848658 14.226598 31.000000
0.896296 14.563649 31.000000
0.947629 15.123935 31.000000
0.993394 15.379391 31.000000
