0.994048 15.222238 31.000000
0.948045 14.748494 31.000000
0.895920 14.527865 31.000000
0.848083 14.056126 31.000000
0.796977 13.502524 31.000000
0.745093 13.398481 31.000000
0.697624 12.710427 31.000000
0.646397 12.474409 31.000000
0.599054 11.921775 31.000000
0.547702 11.661877 31.160000
0.495490 10.847122 31.240000
0.448635 10.662273 31.800000
0.397353 10.057659 31.960000
0.350306 9.326244 32.000000
0.298293 8.937415 32.000000
0.246289 8.322705 31.960000
0.199972 7.725704 32.000000
0.148132 6.856565 32.000000
0.101363 6.073204 32.000000
0.049093 5.122617 32.000000
0.000000 0.000000 32.000000
-0.049022 -5.177761 31.520000
-0.100838 -6.143709 31.240000
-0.147860 -6.900882 31.000000
-0.199691 -7.800889 31.000000
-0.246400 -8.444107 31.000000
-0.298741 -9.092575 31.000000
-0.350216 -9.552674 31.000000
-0.396702 -10.216302 31.000000
-0.449197 -10.815179 31.000000
-0.495381 -11.038915 31.000000
-0.547529 -11.826034 31.000000
-0.599961 -11.942077 31.000000
-0.646145 -12.664541 31.000000
-0.698438 -12.822579 31.000000
-0.745152 -13.490741 31.000000
-0.796134 -13.699591 31.000000
-0.849001 -14.132002 31.000000
-0.895594 -14.690680 31.440000
-0.947063 -14.924641 31.840000
-0.994591 -15.176326 31.960000
