-0.994522 -15.102545 32.000000
-0.947896 -14.817286 32.000000
-0.895160 -14.359336 32.000000
-0.848874 -13.769957 32.000000
-0.797460 -13.451653 32.000000
-0.744506 -13.115098 32.000000
-0.698440 -12.543519 32.000000
-0.646407 -12.340662 32.000000
-0.599790 -11.737891 32.000000
-0.547660 -11.491033 32.000000
-0.496074 -10.895330 32.000000
-0.448501 -10.465198 32.000000
-0.397084 -10.041975 32.000000
-0.350446 -9.555733 32.000000
-0.298137 -8.831867 32.000000
-0.246481 -8.306861 32.000000
-0.199658 -7.690243 32.000000
-0.147897 -6.849159 32.000000
-0.100827 -6.203461 32.000000
-0.049125 -5.373456 32.000000
0.000000 0.000000 32.000000
0.049147 5.335116 32.000000
0.101147 6.173186 32.000000
0.147715 6.859562 32.000000
0.199524 7.747014 32.000000
0.246336 8.293396 32.000000
0.298416 8.795873 32.000000
0.350204 9.640686 32.000000
0.396978 10.034836 32.000000
0.449215 10.452483 32.000000
0.495556 11.042410 32.000000
0.548110 11.494591 32.000000
0.599105 12.007604 32.000000
0.646722 12.355486 32.000000
0.698019 12.763981 32.000000
0.745478 13.075135 32.000000
0.796685 13.709911 32.000000
0.848533 13.933464 32.000000
0.895933 14.294287 32.000000
0.947736 14.757442 32.000000
0.993838 15.096029 32.000000
