0.994175 14.920241 32.000000
0.947791 14.495768 32.000000
0.895960 14.202757 32.000000
0.848202 13.794214 32.000000
0.796968 13.274703 32.000000
0.745228 13.109317 32.000000
0.697757 12.539839 32.000000
0.646342 12.216406 32.000000
0.599278 11.708015 32.000000
0.547722 11.384262 32.000000
0.495726 10.704943 32.000000
0.448937 10.458144 32.000000
0.397232 9.876880 32.000000
0.350305 9.275934 32.000000
0.298450 8.879496 32.000000
0.246412 8.157413 32.000000
0.199850 7.566560 32.000000
0.147872 6.764879 32.000000
0.101035 6.026168 32.000000
0.049311 5.076714 32.000000
0.000000 0.000000 32.000000
-0.049023 -5.170823 32.000000
-0.101105 -6.061149 32.000000
-0.147814 -6.810526 32.000000
-0.199520 -7.551451 32.000000
-0.246320 -8.108874 32.000000
-0.298540 -8.837773 32.000000
-0.350118 -9.335593 32.000000
-0.396947 -9.873020 32.000000
-0.448965 -10.470370 32.000000
-0.495673 -10.791642 32.000000
-0.547653 -11.412097 32.000000
-0.599809 -11.755389 32.000000
-0.646015 -12.267605 32.000000
-0.698217 -12.606291 32.000000
-0.744772 -13.194187 32.000000
-0.796509 -13.448210 32.000000
-0.848897 -13.882255 32.000000
-0.895544 -14.341768 32.000000
-0.947206 -14.618645 32.000000
-0.994554 -14.939680 32.000000
