-0.995740 -17.744530 30.000000
-0.947593 -16.707348 30.000000
-0.895159 -15.828543 30.000000
-0.849068 -15.243309 30.000000
-0.796792 -14.833208 30.000000
-0.744618 -14.144536 30.000000
-0.698484 -13.737273 30.000000
-0.646037 -13.196328 30.000000
-0.599933 -12.710793 30.000000
-0.547213 -12.156694 30.000000
-0.495599 -11.668744 30.000000
-0.448923 -10.946390 30.000000
-0.396968 -10.485385 30.000000
-0.349879 -9.979228 30.000000
-0.298533 -9.155113 30.000000
-0.246488 -8.493185 30.000000
-0.199685 -7.850940 30.000000
-0.147943 -7.003271 30.000000
-0.101075 -6.086634 30.000000
-0.049275 -4.997223 30.000000
0.000000 0.000000 30.000000
0.049120 5.038223 30.000000
0.100993 6.179171 30.000000
0.147560 7.140002 30.000000
0.199713 7.998124 30.000000
0.246636 8.742333 30.000000
0.298028 9.500311 30.000000
0.350469 10.295738 30.000000
0.397120 10.836888 30.160000
0.448989 11.366129 30.600000
0.495774 12.059746 30.960000
0.548049 12.479644 31.000000
0.599466 13.143308 31.000000
0.646644 13.457585 31.000000
0.698149 14.030320 31.000000
0.745118 14.236124 31.000000
0.797310 14.835344 31.000000
0.848693 15.183305 31.000000
0.896037 15.475660 31.000000
0.947819 16.016631 31.000000
0.994282 16.313897 31.000000
