0.994137 16.092184 31.000000
0.947453 15.618937 31.000000
0.895687 15.129734 31.000000
0.848640 14.719300 31.000000
0.796946 14.080645 31.000000
0.745107 13.712441 31.000000
0.698172 13.245290 31.000000
0.646502 12.724705 31.000000
0.599260 12.326738 31.000000
0.547917 11.780850 31.000000
0.495453 11.199430 31.000000
0.449258 10.728095 31.000000
0.397134 10.173455 31.000000
0.350043 9.565814 31.000000
0.298443 9.030527 31.000000
0.246283 8.283506 31.000000
0.199624 7.659610 31.000000
0.147969 6.854021 31.000000
0.100959 6.044043 31.000000
0.049086 5.011638 31.000000
0.000000 0.000000 31.000000
-0.048940 -5.175161 31.080000
-0.101096 -6.158594 31.200000
-0.147757 -6.947216 31.400000
-0.199678 -7.794210 31.440000
-0.246782 -8.452454 32.000000
-0.298370 -9.251340 32.000000
-0.350286 -9.698660 32.000000
-0.397037 -10.294711 32.000000
-0.448783 -10.957559 32.000000
-0.496026 -11.344218 32.000000
-0.547689 -11.892030 32.000000
-0.599750 -12.440347 32.000000
-0.646458 -12.773237 32.000000
-0.698311 -13.243955 32.000000
-0.744734 -13.606437 32.000000
-0.797096 -13.968454 32.000000
-0.848989 -14.439234 32.000000
-0.895352 -14.752601 32.000000
-0.947673 -15.133022 32.000000
-0.994442 -15.472496 32.000000
