-0.994365 -15.421270 32.000000
-0.947285 -14.986705 32.000000
-0.895487 -14.418653 32.000000
-0.849030 -14.037756 32.000000
-0.796936 -13.590790 32.000000
-0.744719 -13.079155 32.000000
-0.698336 -12.674748 32.000000
-0.646345 -12.215908 32.000000
-0.599553 -11.846149 32.000000
-0.547461 -11.327359 32.000000
-0.495458 -10.831663 32.000000
-0.448957 -10.252285 32.000000
-0.396925 -9.718626 32.000000
-0.350025 -9.278838 32.000000
-0.298591 -8.548181 32.000000
-0.246569 -7.964204 32.000000
-0.199597 -7.363650 32.000000
-0.148033 -6.568654 32.000000
-0.101017 -5.701849 32.000000
-0.049245 -4.765865 32.000000
0.000000 0.000000 32.120000
0.049280 4.861004 32.280000
0.100909 5.876511 32.280000
0.147377 6.768338 32.200000
0.199765 7.576092 32.680000
0.246580 8.263713 32.360000
0.298221 8.922292 32.600000
0.350557 9.599859 32.680000
0.397152 10.136354 33.000000
0.448989 10.641627 33.000000
0.495837 11.196380 33.000000
0.547910 11.594019 33.000000
0.599567 12.160950 33.000000
0.646501 12.541437 33.000000
0.698231 13.027730 33.000000
0.745036 13.312306 33.000000
0.797106 13.779070 33.000000
0.848997 14.170869 33.000000
0.895626 14.394725 33.000000
0.947965 14.795439 33.000000
0.994469 15.111222 33.000000
