0.994230 14.989676 33.000000
0.947331 14.528805 33.000000
0.895480 14.119144 33.000000
0.848747 13.772734 33.000000
0.796649 13.269892 33.000000
0.745019 12.869616 33.000000
0.698283 12.479360 33.000000
0.646340 11.984257 33.000000
0.599519 11.624682 33.000000
0.547822 11.094488 33.000000
0.495502 10.584898 33.000000
0.449163 10.151212 33.000000
0.397072 9.568252 33.000000
0.350189 9.057280 33.000000
0.298581 8.492128 33.000000
0.246340 7.820676 33.000000
0.199693 7.215347 33.000000
0.148082 6.480835 33.000000
0.100996 5.719024 33.000000
0.049251 4.799327 33.080000
0.000000 0.000000 33.000000
-0.049223 -4.893631 33.040000
-0.101121 -5.867469 33.120000
-0.147736 -6.623638 33.400000
-0.199745 -7.366988 33.680000
-0.246758 -7.964510 33.960000
-0.298103 -8.665757 33.480000
-0.350166 -9.235419 33.880000
-0.397135 -9.736371 34.000000
-0.448708 -10.291268 34.000000
-0.495839 -10.730540 34.000000
-0.547920 -11.185072 34.000000
-0.599682 -11.664178 34.000000
-0.646663 -12.026082 34.000000
-0.698074 -12.525808 34.000000
-0.744870 -12.833020 34.000000
-0.796970 -13.252493 34.000000
-0.848997 -13.664197 34.000000
-0.895473 -14.023714 34.000000
-0.947407 -14.386642 34.000000
-0.994028 -14.710295 34.000000
