-0.994300 -14.654953 34.000000
-0.947455 -14.244525 34.000000
-0.895520 -13.749079 34.000000
-0.848901 -13.393001 34.000000
-0.796795 -12.921968 34.000000
-0.744600 -12.455283 34.000000
-0.698140 -12.072258 34.000000
-0.646478 -11.606979 34.000000
-0.599537 -11.212800 34.000000
-0.547688 -10.726303 34.000000
-0.495489 -10.302369 34.000000
-0.449033 -9.749186 34.000000
-0.397056 -9.280857 34.000000
-0.350085 -8.829805 34.000000
-0.298425 -8.197470 34.000000
-0.246597 -7.691722 34.000000
-0.199742 -7.049412 34.000000
-0.148104 -6.312636 34.000000
-0.101241 -5.515806 34.000000
-0.049279 -4.678606 34.000000
0.000000 0.000000 34.000000
0.049223 4.755146 34.000000
0.100874 5.677472 34.000000
0.147656 6.473113 34.000000
0.199759 7.207026 34.000000
0.246375 7.849273 34.000000
0.298190 8.497593 34.000000
0.350505 9.144712 34.000000
0.397066 9.632320 34.000000
0.448926 10.087636 34.000000
0.495740 10.639624 34.000000
0.547827 11.096191 34.000000
0.599331 11.614954 34.080000
0.646451 11.973114 34.880000
0.698285 12.439783 34.960000
0.745183 12.746536 35.000000
0.797068 13.165331 35.000000
0.849004 13.535305 35.000000
0.895635 13.779965 35.000000
0.947657 14.130176 35.000000
0.993957 14.424431 35.000000
