0.994185 14.331481 35.000000
0.947318 13.912619 35.000000
0.895518 13.481199 35.000000
0.848765 13.129431 35.000000
0.796709 12.623487 35.000000
0.744911 12.252514 35.000000
0.698271 11.926613 35.000000
0.646345 11.487660 35.000000
0.599420 11.123331 35.000000
0.547876 10.624287 35.000000
0.495578 10.078415 35.000000
0.449160 9.671334 35.000000
0.396998 9.122656 35.000000
0.350280 8.604282 35.000000
0.298579 8.108686 35.000000
0.246429 7.483722 35.000000
0.199700 6.939997 35.000000
0.147993 6.243896 35.000000
0.101054 5.540973 35.000000
0.049323 4.672071 35.000000
0.000000 0.000000 35.000000
-0.049372 -4.780245 35.000000
-0.101130 -5.678072 35.000000
-0.147808 -6.402298 35.000000
-0.199724 -7.078428 35.000000
-0.246728 -7.627682 35.000000
-0.298120 -8.312955 35.000000
-0.350120 -8.868092 35.000000
-0.397112 -9.387406 35.000000
-0.448673 -9.905727 35.000000
-0.496019 -10.323183 35.000000
-0.547807 -10.736320 35.000000
-0.599632 -11.198400 35.000000
-0.646725 -11.565808 35.000000
-0.698156 -12.000537 35.000000
-0.744994 -12.285917 35.000000
-0.796870 -12.693416 35.000000
-0.849092 -13.015467 35.000000
-0.895653 -13.414728 35.000000
-0.947383 -13.767796 35.000000
-0.994188 -14.116559 35.000000
