0.496111 12.151931 23.120000
0.448898 11.506188 23.080000
0.396856 11.135546 23.120000
0.350346 10.344849 23.200000
0.298701 9.622596 23.040000
0.246166 8.891767 23.120000
0.199839 8.232088 23.080000
0.147602 7.406318 23.120000
0.101423 6.454171 23.200000
0.049356 5.164016 23.160000
0.000000 0.000000 23.160000
-0.049164 -5.270167 23.160000
-0.101088 -6.556671 23.120000
-0.147677 -7.500727 23.160000
-0.199628 -8.312474 23.240000
-0.246831 -9.053573 23.120000
-0.298089 -9.934381 23.320000
-0.350304 -10.510198 23.280000
-0.397147 -11.189476 23.240000
-0.448923 -11.726854 23.320000
-0.495876 -12.292980 23.240000
-0.547832 -12.720359 23.440000
