-0.495738 -12.169805 23.320000
-0.448982 -11.750631 23.400000
-0.397202 -10.952817 23.680000
-0.350404 -10.484397 23.600000
-0.297982 -9.772055 23.640000
-0.246312 -8.998384 23.560000
-0.199964 -8.275363 23.880000
-0.147761 -7.279091 23.920000
-0.100880 -6.544603 23.840000
-0.049284 -5.398812 23.720000
0.000000 0.000000 24.000000
0.049134 5.292059 23.760000
0.101413 6.451651 23.760000
0.147904 7.198702 23.800000
0.199423 8.224035 23.800000
0.246303 9.104303 23.840000
0.298687 9.853532 23.560000
0.350068 10.563149 23.760000
0.396617 11.123576 23.880000
0.449131 11.890775 23.800000
0.495926 12.231870 24.000000
0.547519 12.845983 23.960000
