0.495839 12.152580 23.920000
0.448869 11.451604 23.960000
0.396830 11.029159 23.960000
0.350312 10.276422 24.000000
0.298806 9.560926 24.000000
0.246052 8.847478 24.000000
0.199839 8.195239 24.000000
0.147741 7.346471 24.000000
0.101615 6.396749 24.000000
0.049246 5.145608 24.000000
0.000000 0.000000 24.000000
-0.049094 -5.290976 24.000000
-0.100814 -6.498611 24.000000
-0.147852 -7.453554 24.000000
-0.199619 -8.304797 24.000000
-0.246718 -9.037406 24.000000
-0.298034 -9.846208 24.000000
-0.350318 -10.505954 24.000000
-0.397296 -11.140744 24.000000
-0.449035 -11.648567 24.000000
-0.495534 -12.172830 24.000000
-0.547945 -12.595498 24.000000
