-0.495774 -12.099316 24.000000
-0.449014 -11.545085 24.000000
-0.397140 -10.866219 24.000000
-0.350288 -10.413175 24.000000
-0.298095 -9.746552 24.000000
-0.246325 -8.951454 24.000000
-0.200002 -8.239833 24.000000
-0.147586 -7.267669 24.000000
-0.101008 -6.512424 24.000000
-0.049290 -5.369036 24.000000
0.000000 0.000000 24.000000
0.049180 5.259713 24.000000
0.101428 6.388148 24.000000
0.147735 7.148898 24.000000
0.199543 8.245579 24.000000
0.246370 9.049290 24.000000
0.298793 9.795835 24.000000
0.350092 10.487384 24.000000
0.396599 11.012147 24.000000
0.449013 11.801563 24.000000
0.496096 12.083528 24.000000
0.547375 12.686973 24.000000
