0.495870 11.995339 24.000000
0.448884 11.411511 24.000000
0.396742 10.950496 24.000000
0.350418 10.258760 24.000000
0.298962 9.504221 24.000000
0.246290 8.769573 24.000000
0.199662 8.114719 24.000000
0.147689 7.388758 24.000000
0.101358 6.404339 24.000000
0.049271 5.128938 24.000000
0.000000 0.000000 24.000000
-0.049126 -5.300241 24.000000
-0.100801 -6.496594 24.000000
-0.147747 -7.399577 24.000000
-0.199697 -8.288074 24.000000
-0.246465 -9.038856 24.000000
-0.297964 -9.802833 24.000000
-0.350388 -10.422647 24.000000
-0.396984 -11.045041 24.000000
-0.448931 -11.497609 24.000000
-0.495567 -12.150897 24.000000
-0.548061 -12.516292 24.000000
