-0.495609 -12.006316 24.000000
-0.448977 -11.570343 24.000000
-0.397121 -10.812400 24.000000
-0.350305 -10.374485 24.000000
-0.298243 -9.717502 24.000000
-0.246335 -8.925585 24.000000
-0.199899 -8.183070 24.000000
-0.147736 -7.253044 24.000000
-0.100936 -6.475765 24.000000
-0.049213 -5.363241 24.000000
0.000000 0.000000 24.000000
0.049209 5.234114 24.000000
0.101169 6.351634 24.000000
0.147730 7.174462 24.000000
0.199524 8.196028 24.000000
0.246439 9.015523 24.000000
0.298674 9.759573 24.000000
0.350232 10.419932 24.000000
0.396731 10.976279 24.000000
0.449096 11.730513 24.000000
0.495996 11.978622 24.000000
0.547242 12.671997 24.000000
