0.495903 11.946611 24.000000
0.448879 11.300976 24.000000
0.396817 10.920982 24.000000
0.350385 10.150740 24.000000
0.298684 9.450527 24.000000
0.246164 8.721826 24.000000
0.199696 8.066956 24.000000
0.147850 7.332166 24.000000
0.101505 6.374192 24.000000
0.049169 5.116908 24.000000
0.000000 0.000000 24.000000
-0.048955 -5.227578 24.000000
-0.100660 -6.488922 24.000000
-0.147724 -7.436182 24.000000
-0.199736 -8.265150 24.000000
-0.246516 -8.958914 24.000000
-0.298130 -9.754578 24.000000
-0.350173 -10.375498 24.000000
-0.397179 -11.023183 24.000000
-0.449006 -11.503894 24.000000
-0.495673 -12.046899 24.000000
-0.548083 -12.449340 24.000000
