serial number: JANUSZ_4_RI80_21414846
torque: 16.0
start_temp: 30 (32)
finish_temp: 31 (32)
note: j4_pcb_3_4
0.000000 nan
0.021014 0.454692
0.042028 0.458503
0.063042 0.457313
0.084056 0.456138
0.105070 0.459827
0.126084 0.456186
0.147098 0.459567
0.168112 0.457785
0.189126 0.456628
0.210140 0.459684
0.231154 0.455452
0.252168 0.458964
0.273182 0.456493
0.294196 0.455316
0.315210 0.458547
0.336224 0.454604
0.357238 0.458818
0.378252 0.455999
0.399266 0.455823
0.420280 0.458692
0.441294 0.455337
0.462308 0.459932
0.483322 0.457526
0.504336 0.458435
0.525350 0.460763
0.546364 0.457829
0.567378 0.462079
0.588392 0.459370
0.609406 0.459803
0.630420 0.461366
0.651434 0.458161
0.672448 0.461916
0.693462 0.458297
0.714476 0.459016
0.735490 0.459525
0.756504 0.456167
0.777518 0.459766
0.798532 0.456203
0.819546 0.457348
0.840560 0.458498
0.861574 0.455324
0.882588 0.459226
0.903602 0.455919
0.924616 0.457855
0.945630 0.458905
0.966644 0.456351
0.987658 0.460415
1.008672 0.456999
1.029686 0.458995
1.050700 0.459507
1.071714 0.457880
1.092728 0.461336
1.113742 0.458021
1.134756 0.460028
1.155770 0.460049
1.176784 0.458203
1.197798 0.460704
1.218812 0.457139
1.239826 0.459177
1.260840 0.458539
1.281854 0.456466
1.302868 0.458699
1.323882 0.455362
1.344896 0.457445
1.365910 0.456710
1.386924 0.455418
1.407938 0.458190
1.428952 0.455604
1.449966 0.458326
1.470980 0.457725
1.491994 0.457338
1.513008 0.459874
1.534022 0.456971
1.555036 0.459822
1.576050 0.458550
1.597064 0.458667
1.618078 0.459798
1.639092 0.457211
1.660106 0.460505
1.681120 0.458640
1.702134 0.458712
1.723148 0.459643
1.744162 0.456828
1.765176 0.459521
1.786190 0.457366
1.807204 0.457753
1.828218 0.458279
1.849232 0.455179
1.870246 0.457953
1.891260 0.455813
1.912274 0.456841
1.933288 0.457270
1.954302 0.455404
1.975316 0.458132
1.996330 0.456496
2.017344 0.458015
2.038358 0.457709
2.059372 0.456120
2.080386 0.459008
2.101400 0.456883
2.122414 0.458986
2.143428 0.458631
2.164442 0.456581
2.185456 0.458118
2.206470 0.456715
2.227484 0.459138
2.248498 0.457939
2.269512 0.456260
2.290526 0.458379
2.311540 0.455951
2.332554 0.458947
2.353568 0.457161
2.374582 0.456202
2.395596 0.457606
2.416610 0.455002
2.437624 0.458658
2.458638 0.456159
2.479652 0.456016
2.500666 0.457578
2.521680 0.455253
2.542694 0.459282
2.563708 0.456263
2.584722 0.457120
2.605736 0.458035
2.626750 0.456354
2.647764 0.460454
2.668778 0.457547
2.689792 0.459197
2.710806 0.459242
2.731820 0.457691
2.752834 0.461641
2.773848 0.458346
2.794862 0.460609
2.815876 0.460117
2.836890 0.457984
2.857904 0.460651
2.878918 0.456471
2.899932 0.458586
2.920946 0.457329
2.941960 0.455100
2.962974 0.458860
2.983988 0.454820
3.005002 0.457858
3.026016 0.456182
3.047030 0.455014
3.068044 0.458750
3.089058 0.455080
3.110072 0.459210
3.131086 0.456990
3.152100 0.457305
3.173114 0.459996
3.194128 0.456921
3.215142 0.461253
3.236156 0.458141
3.257170 0.458913
3.278184 0.460928
3.299198 0.457398
3.320212 0.461485
3.341226 0.457131
3.362240 0.457757
3.383254 0.458606
3.404268 0.455441
3.425282 0.459929
3.446296 0.454558
3.467310 0.456039
3.488324 0.456589
3.509338 0.453574
3.530352 0.458860
3.551366 0.454343
3.572380 0.457406
3.593394 0.457187
3.614408 0.455247
3.635422 0.460814
3.656436 0.456358
3.677450 0.460303
3.698464 0.459678
3.719478 0.458474
3.740492 0.463023
3.761506 0.457960
3.782520 0.461723
3.803534 0.459540
3.824548 0.458055
3.845562 0.461078
3.866576 0.456150
3.887590 0.459300
3.908604 0.456725
3.929618 0.456094
3.950632 0.459187
3.971646 0.454258
3.992660 0.459057
4.013674 0.455728
4.034688 0.456768
4.055702 0.459335
4.076716 0.455139
4.097730 0.461161
4.118744 0.457218
4.139758 0.459826
4.160772 0.461969
4.181786 0.458394
4.202800 0.463803
4.223814 0.459420
4.244828 0.461943
4.265842 0.462178
4.286856 0.459265
4.307870 0.463601
4.328884 0.458261
4.349898 0.460921
4.370912 0.459802
4.391926 0.457435
4.412940 0.461245
4.433954 0.455506
4.454968 0.458288
4.475982 0.456789
4.496996 0.454696
4.518010 0.458573
4.539023 0.453366
4.560037 0.458064
4.581051 0.455487
4.602065 0.455638
4.623079 0.458882
4.644093 0.454262
4.665107 0.459589
4.686121 0.456570
4.707135 0.457788
4.728149 0.459434
4.749163 0.455437
4.770177 0.460560
4.791191 0.457085
4.812205 0.458580
4.833219 0.459407
4.854233 0.454980
4.875247 0.459721
4.896261 0.454923
4.917275 0.456759
4.938289 0.456130
4.959303 0.452205
4.980317 0.456056
5.001331 0.451599
5.022345 0.454826
5.043359 0.453965
5.064373 0.450750
5.085387 0.454877
5.106401 0.450799
5.127415 0.455045
5.148429 0.453867
5.169443 0.451817
5.190457 0.455236
5.211471 0.451473
5.232485 0.456213
5.253499 0.454170
5.274513 0.453278
5.295527 0.456154
5.316541 0.452564
5.337555 0.456834
5.358569 0.454592
5.379583 0.453651
5.400597 0.455690
5.421611 0.451590
5.442625 0.455828
5.463639 0.452437
5.484653 0.452154
5.505667 0.453526
5.526681 0.449814
5.547695 0.454075
5.568709 0.451035
5.589723 0.451815
5.610737 0.453297
5.631751 0.449820
5.652765 0.455013
5.673779 0.451603
5.694793 0.453593
5.715807 0.454411
5.736821 0.451539
5.757835 0.456327
5.778849 0.453266
5.799863 0.455791
5.820877 0.456016
5.841891 0.453514
5.862905 0.457936
5.883919 0.454349
5.904933 0.456626
5.925947 0.456127
5.946961 0.453084
5.967975 0.456636
5.988989 0.452616
6.010003 0.454779
6.031017 0.453611
6.052031 0.450597
6.073045 0.454884
6.094059 0.451011
6.115073 0.453994
6.136087 0.453370
6.157101 0.451511
6.178115 0.455809
6.199129 0.452447
6.220143 0.456270
6.241157 0.455502
6.262171 0.454053
6.283185 0.458200
