serial number: JANUSZ_4_RI80_21414846
torque: 16.0
start_temp: 30 (31)
finish_temp: 30 (32)
note: j4_pcb_3_4
0.000000 nan
0.021014 0.432802
0.042028 0.436237
0.063042 0.434891
0.084056 0.433961
0.105070 0.436155
0.126084 0.433307
0.147098 0.436940
0.168112 0.434884
0.189126 0.434271
0.210140 0.435460
0.231154 0.431887
0.252168 0.435022
0.273182 0.432568
0.294196 0.432127
0.315210 0.434091
0.336224 0.431415
0.357238 0.435619
0.378252 0.432949
0.399266 0.433886
0.420280 0.435325
0.441294 0.433028
0.462308 0.437507
0.483322 0.434544
0.504336 0.436057
0.525350 0.437302
0.546364 0.435601
0.567378 0.438886
0.588392 0.435958
0.609406 0.437474
0.630420 0.437987
0.651434 0.435717
0.672448 0.438724
0.693462 0.435483
0.714476 0.436454
0.735490 0.436563
0.756504 0.434176
0.777518 0.437982
0.798532 0.433924
0.819546 0.435274
0.840560 0.435327
0.861574 0.433464
0.882588 0.436441
0.903602 0.433569
0.924616 0.436068
0.945630 0.436251
0.966644 0.435278
0.987658 0.438540
1.008672 0.435620
1.029686 0.438075
1.050700 0.438172
1.071714 0.436757
1.092728 0.439786
1.113742 0.436613
1.134756 0.439047
1.155770 0.437642
1.176784 0.436588
1.197798 0.438801
1.218812 0.435963
1.239826 0.436743
1.260840 0.435480
1.281854 0.434056
1.302868 0.435300
1.323882 0.433043
1.344896 0.434425
1.365910 0.433735
1.386924 0.433073
1.407938 0.435637
1.428952 0.433321
1.449966 0.435785
1.470980 0.435430
1.491994 0.435241
1.513008 0.436826
1.534022 0.434394
1.555036 0.437226
1.576050 0.435862
1.597064 0.437029
1.618078 0.437303
1.639092 0.435715
1.660106 0.438007
1.681120 0.435968
1.702134 0.436871
1.723148 0.436324
1.744162 0.434592
1.765176 0.436331
1.786190 0.434115
1.807204 0.435155
1.828218 0.433646
1.849232 0.432121
1.870246 0.433751
1.891260 0.431830
1.912274 0.433448
1.933288 0.432692
1.954302 0.431535
1.975316 0.433712
1.996330 0.432570
2.017344 0.434651
2.038358 0.433347
2.059372 0.432792
2.080386 0.435202
2.101400 0.433904
2.122414 0.436657
2.143428 0.434650
2.164442 0.434562
2.185456 0.436206
2.206470 0.434804
2.227484 0.437239
2.248498 0.435702
2.269512 0.435291
2.290526 0.435941
2.311540 0.433919
2.332554 0.436149
2.353568 0.433543
2.374582 0.433620
2.395596 0.433526
2.416610 0.431868
2.437624 0.434929
2.458638 0.432831
2.479652 0.433240
2.500666 0.433597
2.521680 0.432239
2.542694 0.436274
2.563708 0.433138
2.584722 0.435113
2.605736 0.434967
2.626750 0.434329
2.647764 0.438256
2.668778 0.435469
2.689792 0.437804
2.710806 0.436616
2.731820 0.436574
2.752834 0.439637
2.773848 0.436601
2.794862 0.438992
2.815876 0.437386
2.836890 0.436581
2.857904 0.439130
2.878918 0.435442
2.899932 0.437661
2.920946 0.435258
2.941960 0.434443
2.962974 0.437359
2.983988 0.433653
3.005002 0.436596
3.026016 0.434777
3.047030 0.434729
3.068044 0.437774
3.089058 0.434547
3.110072 0.439216
3.131086 0.436453
3.152100 0.437859
3.173114 0.440011
3.194128 0.437988
3.215142 0.442239
3.236156 0.438934
3.257170 0.439974
3.278184 0.440514
3.299198 0.437616
3.320212 0.441266
3.341226 0.437317
3.362240 0.438401
3.383254 0.437780
3.404268 0.435166
3.425282 0.439175
3.446296 0.434833
3.467310 0.436657
3.488324 0.436219
3.509338 0.434417
3.530352 0.438626
3.551366 0.434217
3.572380 0.438030
3.593394 0.437403
3.614408 0.437122
3.635422 0.441036
3.656436 0.437145
3.677450 0.440990
3.698464 0.439163
3.719478 0.439356
3.740492 0.442657
3.761506 0.438598
3.782520 0.441736
3.803534 0.438925
3.824548 0.438494
3.845562 0.440511
3.866576 0.435885
3.887590 0.439275
3.908604 0.435963
3.929618 0.435652
3.950632 0.437527
3.971646 0.433661
3.992660 0.437352
4.013674 0.435028
4.034688 0.436834
4.055702 0.438512
4.076716 0.435125
4.097730 0.440238
4.118744 0.436045
4.139758 0.438621
4.160772 0.439472
4.181786 0.437033
4.202800 0.440928
4.223814 0.436851
4.244828 0.439645
4.265842 0.439539
4.286856 0.437057
4.307870 0.440271
4.328884 0.435803
4.349898 0.438409
4.370912 0.436598
4.391926 0.435121
4.412940 0.437680
4.433954 0.432978
4.454968 0.435897
4.475982 0.433844
4.496996 0.433147
4.518010 0.436173
4.539023 0.432101
4.560037 0.436490
4.581051 0.433684
4.602065 0.434666
4.623079 0.437183
4.644093 0.433251
4.665107 0.438111
4.686121 0.434922
4.707135 0.436887
4.728149 0.437913
4.749163 0.434820
4.770177 0.438997
4.791191 0.435970
4.812205 0.437508
4.833219 0.437838
4.854233 0.434716
4.875247 0.438119
4.896261 0.433476
4.917275 0.435434
4.938289 0.434801
4.959303 0.431131
4.980317 0.434942
5.001331 0.430665
5.022345 0.433761
5.043359 0.432648
5.064373 0.430740
5.085387 0.433976
5.106401 0.430483
5.127415 0.434995
5.148429 0.433784
5.169443 0.432479
5.190457 0.435964
5.211471 0.432327
5.232485 0.437373
5.253499 0.434763
5.274513 0.434673
5.295527 0.437415
5.316541 0.434491
5.337555 0.438867
5.358569 0.435720
5.379583 0.435843
5.400597 0.436652
5.421611 0.432900
5.442625 0.436448
5.463639 0.432792
5.484653 0.433429
5.505667 0.433446
5.526681 0.430823
5.547695 0.434538
5.568709 0.431600
5.589723 0.433982
5.610737 0.434345
5.631751 0.431963
5.652765 0.436005
5.673779 0.432587
5.694793 0.434513
5.715807 0.434489
5.736821 0.432565
5.757835 0.437041
5.778849 0.434393
5.799863 0.437168
5.820877 0.435389
5.841891 0.434647
5.862905 0.437403
5.883919 0.434247
5.904933 0.436208
5.925947 0.435182
5.946961 0.432543
5.967975 0.435528
5.988989 0.431627
6.010003 0.433741
6.031017 0.432260
6.052031 0.430519
6.073045 0.433425
6.094059 0.430132
6.115073 0.433529
6.136087 0.432879
6.157101 0.431843
6.178115 0.435677
6.199129 0.432801
6.220143 0.435968
6.241157 0.434671
6.262171 0.433550
6.283185 0.436338
