serial number: JANUSZ_4_RI80_21414846
torque: 16.0
start_temp: 30 (32)
finish_temp: 30 (32)
note: j4_pcb_3_4
0.000000 nan
0.021014 0.469118
0.042028 0.471586
0.063042 0.469851
0.084056 0.469384
0.105070 0.470549
0.126084 0.467288
0.147098 0.469901
0.168112 0.468322
0.189126 0.468027
0.210140 0.469027
0.231154 0.466319
0.252168 0.469229
0.273182 0.467591
0.294196 0.467552
0.315210 0.468982
0.336224 0.465160
0.357238 0.468572
0.378252 0.466306
0.399266 0.467428
0.420280 0.468772
0.441294 0.465761
0.462308 0.469021
0.483322 0.467016
0.504336 0.467727
0.525350 0.467740
0.546364 0.465436
0.567378 0.468047
0.588392 0.466412
0.609406 0.468333
0.630420 0.467617
0.651434 0.465434
0.672448 0.468219
0.693462 0.465222
0.714476 0.466963
0.735490 0.466427
0.756504 0.464372
0.777518 0.467068
0.798532 0.464552
0.819546 0.467168
0.840560 0.465427
0.861574 0.463701
0.882588 0.466070
0.903602 0.463902
0.924616 0.466895
0.945630 0.465635
0.966644 0.465239
0.987658 0.467071
1.008672 0.465916
1.029686 0.468301
1.050700 0.466839
1.071714 0.466834
1.092728 0.468301
1.113742 0.465833
1.134756 0.469360
1.155770 0.467200
1.176784 0.467568
1.197798 0.468479
1.218812 0.465849
1.239826 0.469603
1.260840 0.466349
1.281854 0.466978
1.302868 0.467235
1.323882 0.465018
1.344896 0.469162
1.365910 0.465740
1.386924 0.467405
1.407938 0.467364
1.428952 0.465831
1.449966 0.469803
1.470980 0.466465
1.491994 0.469568
1.513008 0.468248
1.534022 0.467641
1.555036 0.471514
1.576050 0.468234
1.597064 0.471640
1.618078 0.469383
1.639092 0.468922
1.660106 0.471648
1.681120 0.468008
1.702134 0.471237
1.723148 0.469277
1.744162 0.468602
1.765176 0.471048
1.786190 0.467136
1.807204 0.471850
1.828218 0.468435
1.849232 0.468797
1.870246 0.470851
1.891260 0.467547
1.912274 0.471892
1.933288 0.468478
1.954302 0.469794
1.975316 0.470686
1.996330 0.468626
2.017344 0.472313
2.038358 0.469362
2.059372 0.470817
2.080386 0.471171
2.101400 0.469170
2.122414 0.473669
2.143428 0.468985
2.164442 0.470623
2.185456 0.469326
2.206470 0.468034
2.227484 0.471675
2.248498 0.467196
2.269512 0.470104
2.290526 0.468854
2.311540 0.467419
2.332554 0.469993
2.353568 0.466587
2.374582 0.470407
2.395596 0.468864
2.416610 0.468182
2.437624 0.472295
2.458638 0.467236
2.479652 0.471975
2.500666 0.469103
2.521680 0.469468
2.542694 0.471899
2.563708 0.468176
2.584722 0.472200
2.605736 0.469205
2.626750 0.469902
2.647764 0.470926
2.668778 0.466940
2.689792 0.471063
2.710806 0.467244
2.731820 0.468900
2.752834 0.469623
2.773848 0.466093
2.794862 0.469897
2.815876 0.465664
2.836890 0.468063
2.857904 0.467696
2.878918 0.465193
2.899932 0.468952
2.920946 0.465849
2.941960 0.468421
2.962974 0.467589
2.983988 0.466361
3.005002 0.469675
3.026016 0.465663
3.047030 0.470038
3.068044 0.468439
3.089058 0.467801
3.110072 0.469861
3.131086 0.466183
3.152100 0.470579
3.173114 0.467832
3.194128 0.468297
3.215142 0.469777
3.236156 0.465792
3.257170 0.469716
3.278184 0.466170
3.299198 0.467634
3.320212 0.468602
3.341226 0.464591
3.362240 0.468851
3.383254 0.465502
3.404268 0.467655
3.425282 0.468449
3.446296 0.465525
3.467310 0.469536
3.488324 0.465663
3.509338 0.468984
3.530352 0.468439
3.551366 0.465616
3.572380 0.470022
3.593394 0.466583
3.614408 0.469843
3.635422 0.469133
3.656436 0.466246
3.677450 0.470327
3.698464 0.466245
3.719478 0.469979
3.740492 0.468334
3.761506 0.466793
3.782520 0.469155
3.803534 0.465168
3.824548 0.468651
3.845562 0.466022
3.866576 0.465520
3.887590 0.467837
3.908604 0.464736
3.929618 0.468465
3.950632 0.465954
3.971646 0.466046
3.992660 0.468226
4.013674 0.464457
4.034688 0.469300
4.055702 0.465866
4.076716 0.466283
4.097730 0.467413
4.118744 0.464697
4.139758 0.468893
4.160772 0.465821
4.181786 0.466497
4.202800 0.467472
4.223814 0.464861
4.244828 0.468273
4.265842 0.465055
4.286856 0.466117
4.307870 0.466223
4.328884 0.463178
4.349898 0.467192
4.370912 0.464368
4.391926 0.465323
4.412940 0.465762
4.433954 0.462296
4.454968 0.466927
4.475982 0.463152
4.496996 0.465380
4.518010 0.465459
4.539023 0.463562
4.560037 0.467661
4.581051 0.463351
4.602065 0.466216
4.623079 0.465890
4.644093 0.464087
4.665107 0.468727
4.686121 0.465439
4.707135 0.468606
4.728149 0.467828
4.749163 0.465840
4.770177 0.469688
4.791191 0.466305
4.812205 0.469224
4.833219 0.467714
4.854233 0.465583
4.875247 0.469359
4.896261 0.465674
4.917275 0.468954
4.938289 0.468031
4.959303 0.466457
4.980317 0.469284
5.001331 0.466347
5.022345 0.469374
5.043359 0.467642
5.064373 0.467167
5.085387 0.470600
5.106401 0.467190
5.127415 0.471444
5.148429 0.469740
5.169443 0.468982
5.190457 0.471069
5.211471 0.468447
5.232485 0.472356
5.253499 0.470540
5.274513 0.470628
5.295527 0.472632
5.316541 0.469018
5.337555 0.472749
5.358569 0.470108
5.379583 0.470124
5.400597 0.472125
5.421611 0.468950
5.442625 0.472589
5.463639 0.469652
5.484653 0.470010
5.505667 0.470864
5.526681 0.468411
5.547695 0.472393
5.568709 0.469351
5.589723 0.470739
5.610737 0.471656
5.631751 0.469672
5.652765 0.474167
5.673779 0.470634
5.694793 0.471961
5.715807 0.473356
5.736821 0.471319
5.757835 0.474381
5.778849 0.472022
5.799863 0.473183
5.820877 0.473611
5.841891 0.469788
5.862905 0.474045
5.883919 0.470529
5.904933 0.471934
5.925947 0.471912
5.946961 0.469491
5.967975 0.472291
5.988989 0.469099
6.010003 0.471465
6.031017 0.471604
6.052031 0.469226
6.073045 0.471950
6.094059 0.468665
6.115073 0.471972
6.136087 0.471050
6.157101 0.470086
6.178115 0.472565
6.199129 0.470060
6.220143 0.473021
6.241157 0.471814
6.262171 0.469835
6.283185 0.472169
