-0.495217 -20.134496 25.000000
-0.450548 -18.804940 25.000000
-0.396465 -17.505514 25.000000
-0.350035 -16.866036 25.000000
-0.299450 -15.502841 25.000000
-0.247482 -13.753865 25.000000
-0.199515 -12.491484 25.000000
-0.148062 -11.170368 25.000000
-0.101603 -9.572902 25.000000
-0.050004 -7.775565 25.000000
0.000000 0.000000 25.000000
0.048167 7.500199 25.000000
0.100652 9.403959 25.000000
0.147629 10.991032 25.000000
0.200112 12.351476 25.000000
0.245599 13.698153 25.000000
0.297572 15.445816 25.000000
0.350992 16.629730 25.000000
0.397921 17.153373 25.000000
0.447283 18.607772 25.000000
0.497017 19.636531 25.000000
0.547426 20.073776 25.000000
