0.496065 19.683281 25.000000
0.450292 18.151911 25.000000
0.396426 17.136750 25.000000
0.350630 16.488538 25.000000
0.299053 15.056411 25.000000
0.247331 13.479266 25.000000
0.200130 12.282162 25.000000
0.148391 10.943472 25.040000
0.101361 9.417755 25.040000
0.050332 7.526410 25.000000
0.000000 0.000000 25.200000
-0.048095 -7.571284 25.120000
-0.100639 -9.434134 25.080000
-0.147750 -10.993906 25.080000
-0.199766 -12.335141 25.240000
-0.245735 -13.637422 25.280000
-0.298028 -15.320527 25.560000
-0.350264 -16.686665 25.080000
-0.398122 -17.214953 25.320000
-0.447796 -18.583571 25.440000
-0.496475 -19.806229 25.320000
-0.547952 -20.032690 25.720000
