-0.495338 -19.694910 25.760000
-0.450628 -18.265928 25.680000
-0.396284 -17.167006 25.960000
-0.350176 -16.530419 25.920000
-0.299439 -15.147450 25.840000
-0.246697 -13.571119 25.880000
-0.199982 -12.577711 26.000000
-0.147857 -11.101031 26.000000
-0.101370 -9.447934 26.000000
-0.049943 -7.598225 26.000000
0.000000 0.000000 26.000000
0.048047 7.468516 26.000000
0.100350 9.275309 26.000000
0.147271 10.872984 26.000000
0.199513 12.444294 26.000000
0.246540 13.604351 26.000000
0.298734 14.540431 26.000000
0.349465 16.087247 26.000000
0.397542 17.303955 26.000000
0.449997 17.794808 26.000000
0.494428 19.138984 26.000000
0.549148 20.050831 26.000000
