0.495219 18.635926 26.000000
0.449454 18.289373 26.000000
0.398371 16.744050 26.000000
0.349959 15.647105 26.000000
0.298340 14.915897 26.000000
0.247137 13.601108 26.000000
0.200746 12.254154 26.000000
0.148814 10.589022 26.000000
0.101414 9.102257 26.000000
0.049777 7.488389 26.000000
0.000000 0.000000 26.000000
-0.048829 -7.354913 26.000000
-0.100954 -9.042847 26.000000
-0.147245 -10.656495 26.000000
-0.199254 -12.349687 26.000000
-0.246403 -13.742668 26.000000
-0.298816 -14.905047 26.000000
-0.350211 -15.627989 26.000000
-0.396035 -17.110856 26.000000
-0.449383 -18.376164 26.000000
-0.495830 -18.602196 26.000000
-0.546364 -20.304490 26.000000
