-0.497533 -18.745204 26.000000
-0.447954 -17.977620 26.000000
-0.397457 -17.191956 26.000000
-0.351606 -15.658752 26.000000
-0.297866 -14.603051 26.000000
-0.246515 -13.675143 26.000000
-0.200099 -12.457830 26.000000
-0.101067 -9.372357 26.040000
-0.049747 -7.703134 26.040000
0.000000 0.000000 26.120000
0.049883 7.433293 26.120000
0.100780 9.082559 26.080000
0.147936 10.393350 26.200000
0.199169 11.909247 26.160000
0.246135 13.464594 26.040000
0.298587 14.856601 26.080000
0.351088 15.671644 26.120000
0.397000 16.357505 26.080000
0.449201 17.914542 26.240000
0.497383 18.231378 26.320000
0.545446 19.421225 26.360000
