0.497357 18.437905 26.680000
0.448492 17.113510 26.800000
0.396742 16.665530 26.760000
0.350937 15.493804 26.920000
0.299367 13.961347 26.880000
0.246062 12.868263 26.920000
0.199755 11.946824 26.920000
0.147989 10.518208 26.840000
0.101187 9.178473 27.000000
0.049977 7.423114 27.000000
0.000000 0.000000 27.000000
-0.048537 -7.456945 27.000000
-0.100579 -9.159651 27.000000
-0.147598 -10.692839 27.000000
-0.199742 -12.084641 27.000000
-0.246215 -13.050259 27.000000
-0.298072 -14.634679 27.000000
-0.350374 -15.912440 27.000000
-0.398244 -16.466458 27.000000
-0.447893 -17.610393 27.000000
-0.496368 -18.917665 27.000000
-0.548268 -19.126802 27.000000
