-0.495377 -18.759228 27.000000
-0.450443 -17.490876 27.000000
-0.396555 -16.343261 27.000000
-0.350206 -15.744463 27.000000
-0.299332 -14.543641 27.000000
-0.246564 -13.146615 27.000000
-0.199829 -12.204209 27.000000
-0.147605 -10.594590 27.000000
-0.101164 -9.178880 27.000000
-0.049606 -7.493837 27.000000
0.000000 0.000000 27.000000
0.049966 7.242689 27.000000
0.100792 8.965026 27.000000
0.147804 10.329573 27.000000
0.199445 11.589188 27.000000
0.245656 12.987731 27.000000
0.297873 14.545359 27.000000
0.350528 15.572065 27.000000
0.397897 15.972932 27.000000
0.447641 17.500755 27.000000
0.497157 18.171981 27.000000
0.546587 18.720099 27.000000
