0.496522 18.235008 27.000000
0.450315 16.697394 27.000000
0.395980 16.099502 27.000000
0.350633 15.317130 27.000000
0.299155 13.843730 27.000000
0.246643 12.417889 27.000000
0.199658 11.517792 27.000000
0.148038 10.275094 27.000000
0.101344 8.998533 27.000000
0.049815 7.336987 27.000000
0.000000 0.000000 27.000000
-0.048187 -7.334590 27.000000
-0.100793 -9.053499 27.000000
-0.147812 -10.480019 27.000000
-0.200092 -11.808458 27.000000
-0.246373 -12.824750 27.000000
-0.297926 -14.421331 27.000000
-0.350099 -15.715915 27.000000
-0.398326 -16.242983 27.000000
-0.448108 -17.243045 27.000000
-0.495790 -18.593424 27.000000
-0.548512 -18.820768 27.000000
