-0.495357 -18.400550 27.040000
-0.450447 -17.272143 27.040000
-0.396658 -15.907092 27.080000
-0.350197 -15.394583 27.040000
-0.299309 -14.294570 27.120000
-0.246696 -12.754109 27.280000
-0.199748 -11.860857 27.240000
-0.147942 -10.558021 27.680000
-0.101355 -9.066701 27.720000
-0.049797 -7.306944 27.680000
0.000000 0.000000 27.800000
0.048449 7.211158 27.880000
0.100720 8.879952 27.840000
0.147449 10.345024 27.800000
0.199486 11.742770 27.840000
0.246483 12.790005 27.880000
0.298361 13.751999 27.880000
0.349285 15.335262 27.880000
0.397501 16.307518 27.960000
0.450087 16.524561 28.000000
0.494463 17.956041 27.920000
0.548575 18.575090 27.880000
