0.494776 17.502943 27.880000
0.449509 17.013980 27.880000
0.398494 15.509051 27.920000
0.349357 14.665405 28.000000
0.298278 13.975298 28.000000
0.246876 12.573108 28.000000
0.200496 11.333503 28.000000
0.148476 9.825262 28.000000
0.101211 8.597789 28.000000
0.049707 7.166500 28.000000
0.000000 0.000000 28.000000
-0.048786 -7.022417 28.000000
-0.100656 -8.631400 28.000000
-0.147444 -10.141247 28.000000
-0.199139 -11.810760 28.000000
-0.246369 -13.100568 28.000000
-0.298696 -14.346138 28.000000
-0.351043 -14.840738 28.000000
-0.395939 -16.116359 28.000000
-0.449262 -17.433533 28.000000
-0.496959 -17.650302 28.000000
-0.546822 -19.159809 28.000000
