-0.497449 -23.700955 19.000000
-0.447495 -22.703943 19.000000
-0.399156 -21.192830 19.000000
-0.350921 -19.236858 19.000000
-0.298138 -18.125486 19.000000
-0.246778 -16.834310 19.000000
-0.200941 -14.732121 19.000000
-0.148003 -13.493896 19.000000
-0.101871 -11.278342 19.000000
-0.050697 -8.757303 19.000000
0.000000 0.000000 19.000000
0.048668 8.615691 19.000000
0.099700 11.137056 19.000000
0.146911 13.414992 19.000000
0.199053 15.533340 19.000000
0.247331 16.847956 19.000000
0.298754 17.954557 19.000000
0.349301 19.677304 19.000000
0.396914 21.380854 19.000000
0.450335 22.041073 19.000000
0.494202 23.426532 19.000000
0.549369 24.841191 19.000000
