0.495487 22.982775 19.040000
0.448732 22.491024 19.000000
0.398795 20.659860 19.000000
0.350107 19.239884 19.040000
0.298269 18.143414 19.240000
0.247094 16.700488 19.080000
0.201120 14.816514 19.280000
0.148784 12.647457 19.520000
0.101184 10.758466 19.800000
0.049822 8.573572 19.560000
0.000000 0.000000 19.680000
-0.048463 -8.526853 19.760000
-0.100930 -11.239456 20.000000
-0.147845 -12.969538 20.000000
-0.199972 -14.967717 20.000000
-0.247061 -16.303170 20.000000
-0.298135 -17.748015 20.000000
-0.350002 -19.739618 20.000000
-0.398292 -20.607481 20.000000
-0.448183 -21.679156 20.000000
-0.496209 -23.433483 20.000000
-0.548801 -23.838009 20.000000
