-0.495069 -23.143380 20.000000
-0.450860 -21.628377 20.000000
-0.396715 -20.021781 20.000000
-0.350219 -19.498679 20.000000
-0.299719 -17.898672 20.000000
-0.247749 -16.184655 20.000000
-0.100793 -11.007003 20.800000
-0.050242 -8.647891 20.800000
0.000000 0.000000 20.960000
0.048352 8.325597 20.920000
0.099836 10.709666 20.960000
0.147074 12.866632 21.000000
0.199667 14.737160 20.920000
0.247301 15.808059 20.960000
0.298271 17.135699 21.000000
0.349171 19.020625 21.000000
0.397902 20.306671 21.000000
0.449072 20.931353 20.920000
0.494635 22.684759 21.000000
0.549780 23.228832 21.000000
