-0.497309 -21.847121 21.000000
-0.449009 -20.190585 21.000000
-0.396788 -19.695097 21.000000
-0.351636 -18.275631 21.040000
-0.298696 -16.837819 21.040000
-0.049029 -8.852823 22.000000
0.000000 0.000000 22.000000
0.050815 8.539160 22.000000
0.100852 10.588512 22.000000
0.147641 12.276891 22.000000
0.199400 13.827012 22.000000
0.245887 15.381041 22.000000
0.298378 17.247037 22.000000
0.351349 18.269484 22.000000
0.397032 18.933618 22.000000
0.447824 20.651672 22.000000
0.497601 21.472096 22.000000
0.546761 22.188985 22.000000
