serial number: JANUSZ_4_RI70_21414861
torque: 8.0
start_temp: 30 (30)
finish_temp: 30 (30)
note: j4_3_4_ri_70
0.000000 nan
0.021014 0.207138
0.042028 0.215939
0.063042 0.210541
0.084056 0.211149
0.105070 0.217231
0.126084 0.207875
0.147098 0.215613
0.168112 0.209239
0.189126 0.211641
0.210140 0.215801
0.231154 0.207510
0.252168 0.216403
0.273182 0.209927
0.294196 0.214077
0.315210 0.217591
0.336224 0.210172
0.357238 0.217654
0.378252 0.210234
0.399266 0.215306
0.420280 0.217241
0.441294 0.210402
0.462308 0.218521
0.483322 0.210004
0.504336 0.215787
0.525350 0.216569
0.546364 0.210416
0.567378 0.218219
0.588392 0.209678
0.609406 0.215829
0.630420 0.215392
0.651434 0.210663
0.672448 0.217856
0.693462 0.208371
0.714476 0.215157
0.735490 0.213954
0.756504 0.210282
0.777518 0.216631
0.798532 0.207033
0.819546 0.214089
0.840560 0.212267
0.861574 0.210106
0.882588 0.216461
0.903602 0.207464
0.924616 0.213646
0.945630 0.209854
0.966644 0.208552
0.987658 0.214719
1.008672 0.206081
1.029686 0.213172
1.050700 0.210035
1.071714 0.211593
1.092728 0.216202
1.113742 0.207138
1.134756 0.213937
1.155770 0.207649
1.176784 0.209988
1.197798 0.214544
1.218812 0.206411
1.239826 0.214406
1.260840 0.207982
1.281854 0.211341
1.302868 0.215919
1.323882 0.208368
1.344896 0.215369
1.365910 0.207900
1.386924 0.212277
1.407938 0.214971
1.428952 0.207499
1.449966 0.215025
1.470980 0.206250
1.491994 0.212374
1.513008 0.214674
1.534022 0.208194
1.555036 0.215769
1.576050 0.207383
1.597064 0.213926
1.618078 0.214554
1.639092 0.209597
1.660106 0.216676
1.681120 0.207558
1.702134 0.214264
1.723148 0.213646
1.744162 0.210373
1.765176 0.216781
1.786190 0.207213
1.807204 0.215277
1.828218 0.212684
1.849232 0.211594
1.870246 0.218182
1.891260 0.208498
1.912274 0.216849
1.933288 0.212326
1.954302 0.213103
1.975316 0.217945
1.996330 0.208356
2.017344 0.217228
2.038358 0.211791
2.059372 0.214486
2.080386 0.219633
2.101400 0.210614
2.122414 0.218801
2.143428 0.212542
2.164442 0.216773
2.185456 0.219810
2.206470 0.210792
2.227484 0.219022
2.248498 0.211494
2.269512 0.217225
2.290526 0.219480
2.311540 0.211485
2.332554 0.220594
2.353568 0.212759
2.374582 0.219193
2.395596 0.220029
2.416610 0.212776
2.437624 0.221187
2.458638 0.212220
2.479652 0.219943
2.500666 0.219105
2.521680 0.212920
2.542694 0.221411
2.563708 0.211730
2.584722 0.221002
2.605736 0.218409
2.626750 0.212780
2.647764 0.219816
2.668778 0.209082
2.689792 0.218023
2.710806 0.213542
2.731820 0.210961
2.752834 0.218306
2.773848 0.207343
2.794862 0.216635
2.815876 0.210303
2.836890 0.209263
2.857904 0.214815
2.878918 0.204332
2.899932 0.214754
2.920946 0.205931
2.941960 0.207432
2.962974 0.212115
2.983988 0.200951
3.005002 0.210970
3.026016 0.200409
3.047030 0.203939
3.068044 0.206910
3.089058 0.197450
3.110072 0.209443
3.131086 0.198215
3.152100 0.202159
3.173114 0.202906
3.194128 0.193826
3.215142 0.204595
3.236156 0.191775
3.257170 0.200059
3.278184 0.198633
3.299198 0.191641
3.320212 0.202472
3.341226 0.188677
3.362240 0.197465
3.383254 0.193494
3.404268 0.188614
3.425282 0.198978
3.446296 0.185201
3.467310 0.196352
3.488324 0.190846
3.509338 0.187978
3.530352 0.196360
3.551366 0.182733
3.572380 0.194098
3.593394 0.186704
3.614408 0.186515
3.635422 0.194585
3.656436 0.181999
3.677450 0.193481
3.698464 0.184788
3.719478 0.187284
3.740492 0.193824
3.761506 0.181506
3.782520 0.193024
3.803534 0.181735
3.824548 0.186716
3.845562 0.191991
3.866576 0.181245
3.887590 0.193461
3.908604 0.181421
3.929618 0.187769
3.950632 0.190416
3.971646 0.181276
3.992660 0.194109
4.013674 0.181536
4.034688 0.189301
4.055702 0.190145
4.076716 0.183135
4.097730 0.194400
4.118744 0.181185
4.139758 0.190657
4.160772 0.189880
4.181786 0.185486
4.202800 0.195907
4.223814 0.181879
4.244828 0.192045
4.265842 0.188805
4.286856 0.186096
4.307870 0.195828
4.328884 0.182578
4.349898 0.192482
4.370912 0.188048
4.391926 0.188435
4.412940 0.196303
4.433954 0.183348
4.454968 0.194071
4.475982 0.188694
4.496996 0.191042
4.518010 0.198323
4.539023 0.185324
4.560037 0.197236
4.581051 0.189785
4.602065 0.193845
4.623079 0.199122
4.644093 0.187525
4.665107 0.198430
4.686121 0.190075
4.707135 0.196497
4.728149 0.199959
4.749163 0.189259
4.770177 0.200118
4.791191 0.190249
4.812205 0.197606
4.833219 0.200595
4.854233 0.190915
4.875247 0.201139
4.896261 0.190839
4.917275 0.198915
4.938289 0.199621
4.959303 0.191947
4.980317 0.201271
5.001331 0.189004
5.022345 0.199564
5.043359 0.198827
5.064373 0.193836
5.085387 0.202840
5.106401 0.190138
5.127415 0.200858
5.148429 0.198402
5.169443 0.195249
5.190457 0.202793
5.211471 0.190771
5.232485 0.201680
5.253499 0.196646
5.274513 0.196003
5.295527 0.203544
5.316541 0.191913
5.337555 0.202650
5.358569 0.196859
5.379583 0.197070
5.400597 0.203064
5.421611 0.190975
5.442625 0.201979
5.463639 0.194582
5.484653 0.197223
5.505667 0.202157
5.526681 0.191427
5.547695 0.202398
5.568709 0.193844
5.589723 0.199655
5.610737 0.203987
5.631751 0.194373
5.652765 0.205080
5.673779 0.195325
5.694793 0.201050
5.715807 0.203137
5.736821 0.195375
5.757835 0.205949
5.778849 0.196213
5.799863 0.202969
5.820877 0.204869
5.841891 0.197129
5.862905 0.206878
5.883919 0.196966
5.904933 0.205695
5.925947 0.205545
5.946961 0.199740
5.967975 0.208639
5.988989 0.198699
6.010003 0.207493
6.031017 0.205782
6.052031 0.201630
6.073045 0.211373
6.094059 0.202300
6.115073 0.212306
6.136087 0.209270
6.157101 0.206118
6.178115 0.213364
6.199129 0.203761
6.220143 0.214381
6.241157 0.210868
6.262171 0.210194
6.283185 0.216961
