serial number: JANUSZ_4_RI70_21414861
torque: 8.0
start_temp: 30 (31)
finish_temp: 30 (30)
note: j4_3_4_ri_70
0.000000 nan
0.021014 0.171001
0.042028 0.203009
0.063042 0.208597
0.084056 nan
0.105070 0.183563
0.126084 0.186086
0.147098 nan
0.168112 0.169774
0.189126 0.071470
0.210140 nan
0.231154 nan
0.252168 nan
0.273182 0.200385
0.294196 nan
0.315210 nan
0.336224 nan
0.357238 nan
0.378252 nan
0.399266 nan
0.420280 0.168852
0.441294 0.207257
0.462308 nan
0.483322 0.170330
0.504336 nan
0.525350 nan
0.546364 nan
0.567378 nan
0.588392 nan
0.609406 0.167137
0.630420 0.183054
0.651434 0.176519
0.672448 0.175164
0.693462 nan
0.714476 0.171264
0.735490 0.169598
0.756504 0.182832
0.777518 nan
0.798532 nan
0.819546 0.165197
0.840560 0.171659
0.861574 nan
0.882588 0.206366
0.903602 0.207892
0.924616 nan
0.945630 nan
0.966644 nan
0.987658 nan
1.008672 0.187690
1.029686 nan
1.050700 0.003554
1.071714 0.170293
1.092728 0.177041
1.113742 0.200503
1.134756 nan
1.155770 0.207506
1.176784 0.208813
1.197798 0.180761
1.218812 nan
1.239826 0.184179
1.260840 0.180411
1.281854 nan
1.302868 0.188754
1.323882 0.189520
1.344896 nan
1.365910 nan
1.386924 nan
1.407938 nan
1.428952 nan
1.449966 nan
1.470980 nan
1.491994 0.194794
1.513008 0.177839
1.534022 0.187445
1.555036 0.210533
1.576050 nan
1.597064 nan
1.618078 0.156804
1.639092 nan
1.660106 0.212022
1.681120 nan
1.702134 nan
1.723148 0.160955
1.744162 nan
1.765176 nan
1.786190 0.179171
1.807204 nan
1.828218 nan
1.849232 nan
1.870246 0.162669
1.891260 0.186853
1.912274 0.201588
1.933288 0.200735
1.954302 0.194373
1.975316 0.197933
1.996330 0.196201
2.017344 0.200859
2.038358 0.204761
2.059372 0.196315
2.080386 0.205392
2.101400 0.198205
2.122414 0.204770
2.143428 0.203144
2.164442 0.199048
2.185456 0.204601
2.206470 0.197470
2.227484 0.205750
2.248498 0.207556
2.269512 0.202148
2.290526 0.207596
2.311540 0.196679
2.332554 0.205886
2.353568 0.204652
2.374582 0.200577
2.395596 0.205312
2.416610 0.196018
2.437624 0.206895
2.458638 0.206049
2.479652 0.204887
2.500666 0.211008
2.521680 0.199356
2.542694 0.210178
2.563708 0.204017
2.584722 0.204064
2.605736 0.209957
2.626750 0.198311
2.647764 0.208985
2.668778 0.204374
2.689792 0.203522
2.710806 0.203615
2.731820 0.195958
2.752834 0.201290
2.773848 0.200088
2.794862 0.200408
2.815876 0.206958
2.836890 0.195717
2.857904 0.202805
2.878918 0.196057
2.899932 0.201915
2.920946 0.202257
2.941960 0.192362
2.962974 0.201709
2.983988 0.166319
3.005002 0.195576
3.026016 0.196038
3.047030 0.188666
3.068044 0.197307
3.089058 0.184112
3.110072 0.190242
3.131086 0.134212
3.152100 0.182987
3.173114 0.191359
3.194128 0.178419
3.215142 0.188861
3.236156 0.187033
3.257170 0.179996
3.278184 0.191676
3.299198 0.178129
3.320212 0.190352
3.341226 0.183833
3.362240 0.181799
3.383254 0.187433
3.404268 0.122702
3.425282 0.186424
3.446296 0.177716
3.467310 0.176421
3.488324 0.180140
3.509338 0.172162
3.530352 0.185057
3.551366 0.173772
3.572380 0.176771
3.593394 0.183123
3.614408 0.172544
3.635422 0.183487
3.656436 0.172528
3.677450 0.175689
3.698464 0.181203
3.719478 0.170973
3.740492 0.180733
3.761506 0.169072
3.782520 0.175654
3.803534 0.177805
3.824548 0.170080
3.845562 0.178825
3.866576 0.168764
3.887590 0.174888
3.908604 0.174557
3.929618 0.168512
3.950632 0.176835
3.971646 0.162045
3.992660 0.171983
4.013674 0.170990
4.034688 0.168326
4.055702 0.179219
4.076716 0.165452
4.097730 0.176977
4.118744 0.173236
4.139758 0.173035
4.160772 0.178878
4.181786 0.166840
4.202800 0.181088
4.223814 0.176013
4.244828 0.175273
4.265842 0.182187
4.286856 0.167779
4.307870 0.174899
4.328884 0.168957
4.349898 0.170568
4.370912 0.183144
4.391926 0.169347
4.412940 0.175696
4.433954 0.170631
4.454968 0.175265
4.475982 0.182396
4.496996 0.173553
4.518010 0.178938
4.539023 0.168653
4.560037 0.167046
4.581051 0.172872
4.602065 0.163527
4.623079 0.166452
4.644093 0.161331
4.665107 0.167315
4.686121 0.170022
4.707135 0.163894
4.728149 0.166013
4.749163 0.152636
4.770177 0.148076
4.791191 0.144782
4.812205 0.130213
4.833219 0.123698
4.854233 0.103624
4.875247 0.090324
4.896261 0.077474
4.917275 0.058707
4.938289 0.049730
4.959303 0.000046
4.980317 nan
5.001331 0.163922
5.022345 0.168176
5.043359 nan
5.064373 nan
5.085387 nan
5.106401 0.178738
5.127415 nan
5.148429 0.183050
5.169443 0.186071
5.190457 0.168037
5.211471 0.181745
5.232485 0.204144
5.253499 0.187310
5.274513 nan
5.295527 0.175237
5.316541 0.176519
5.337555 nan
5.358569 0.182065
5.379583 0.193304
5.400597 nan
5.421611 nan
5.442625 nan
5.463639 nan
5.484653 0.201483
5.505667 nan
5.526681 nan
5.547695 0.178381
5.568709 0.210964
5.589723 nan
5.610737 0.181097
5.631751 nan
5.652765 nan
5.673779 nan
5.694793 nan
5.715807 0.172857
5.736821 0.188482
5.757835 nan
5.778849 0.181097
5.799863 0.174516
5.820877 0.190100
5.841891 nan
5.862905 nan
5.883919 nan
5.904933 nan
5.925947 nan
5.946961 nan
5.967975 0.182321
5.988989 nan
6.010003 nan
6.031017 0.177068
6.052031 nan
6.073045 nan
6.094059 nan
6.115073 nan
6.136087 nan
6.157101 nan
6.178115 0.202485
6.199129 0.184332
6.220143 nan
6.241157 nan
6.262171 nan
6.283185 0.172203
