serial number: JANUSZ_4_RI70_21414861
torque: 8.0
start_temp: 30 (30)
finish_temp: 30 (30)
note: j4_3_4_ri_70
0.000000 nan
0.021014 0.206056
0.042028 0.213051
0.063042 0.210889
0.084056 0.211108
0.105070 0.215616
0.126084 0.207722
0.147098 0.214130
0.168112 0.211179
0.189126 0.212402
0.210140 0.215678
0.231154 0.209242
0.252168 0.216044
0.273182 0.211482
0.294196 0.212628
0.315210 0.215787
0.336224 0.208961
0.357238 0.214740
0.378252 0.210228
0.399266 0.213014
0.420280 0.215159
0.441294 0.209961
0.462308 0.215955
0.483322 0.210046
0.504336 0.213192
0.525350 0.215503
0.546364 0.211112
0.567378 0.217316
0.588392 0.210882
0.609406 0.213487
0.630420 0.214183
0.651434 0.210438
0.672448 0.215662
0.693462 0.209585
0.714476 0.213767
0.735490 0.213893
0.756504 0.210479
0.777518 0.215275
0.798532 0.209469
0.819546 0.213978
0.840560 0.213417
0.861574 0.210604
0.882588 0.215546
0.903602 0.208157
0.924616 0.211986
0.945630 0.210476
0.966644 0.209484
0.987658 0.213947
1.008672 0.207887
1.029686 0.213523
1.050700 0.210898
1.071714 0.210815
1.092728 0.215126
1.113742 0.207871
1.134756 0.212985
1.155770 0.210257
1.176784 0.211281
1.197798 0.215225
1.218812 0.208099
1.239826 0.212586
1.260840 0.208678
1.281854 0.210627
1.302868 0.214132
1.323882 0.207525
1.344896 0.212441
1.365910 0.207957
1.386924 0.210904
1.407938 0.214036
1.428952 0.208202
1.449966 0.212460
1.470980 0.206579
1.491994 0.210997
1.513008 0.214372
1.534022 0.209040
1.555036 0.213355
1.576050 0.207083
1.597064 0.211779
1.618078 0.212836
1.639092 0.208475
1.660106 0.212779
1.681120 0.206295
1.702134 0.212850
1.723148 0.213338
1.744162 0.209055
1.765176 0.213913
1.786190 0.206162
1.807204 0.211527
1.828218 0.210809
1.849232 0.209083
1.870246 0.213418
1.891260 0.206177
1.912274 0.212651
1.933288 0.211034
1.954302 0.210140
1.975316 0.214258
1.996330 0.207030
2.017344 0.212664
2.038358 0.209985
2.059372 0.212135
2.080386 0.216494
2.101400 0.208283
2.122414 0.214737
2.143428 0.210891
2.164442 0.213669
2.185456 0.216193
2.206470 0.209572
2.227484 0.215869
2.248498 0.211714
2.269512 0.215021
2.290526 0.217080
2.311540 0.210514
2.332554 0.216435
2.353568 0.210957
2.374582 0.215512
2.395596 0.216906
2.416610 0.210541
2.437624 0.216819
2.458638 0.210821
2.479652 0.216249
2.500666 0.216341
2.521680 0.210946
2.542694 0.217080
2.563708 0.210424
2.584722 0.216834
2.605736 0.215533
2.626750 0.210365
2.647764 0.215359
2.668778 0.206900
2.689792 0.213405
2.710806 0.210409
2.731820 0.207732
2.752834 0.212553
2.773848 0.204514
2.794862 0.212136
2.815876 0.208437
2.836890 0.206824
2.857904 0.211129
2.878918 0.202166
2.899932 0.209430
2.920946 0.203518
2.941960 0.203828
2.962974 0.207804
2.983988 0.198829
3.005002 0.206352
3.026016 0.199352
3.047030 0.201910
3.068044 0.204279
3.089058 0.196805
3.110072 0.204734
3.131086 0.195893
3.152100 0.199327
3.173114 0.199735
3.194128 0.192630
3.215142 0.200652
3.236156 0.190819
3.257170 0.196636
3.278184 0.196600
3.299198 0.190010
3.320212 0.198604
3.341226 0.188173
3.362240 0.194413
3.383254 0.191834
3.404268 0.187810
3.425282 0.197020
3.446296 0.185478
3.467310 0.193690
3.488324 0.188998
3.509338 0.186154
3.530352 0.193787
3.551366 0.183550
3.572380 0.192625
3.593394 0.186594
3.614408 0.185701
3.635422 0.193276
3.656436 0.181972
3.677450 0.190883
3.698464 0.183402
3.719478 0.186110
3.740492 0.192271
3.761506 0.180969
3.782520 0.190173
3.803534 0.181329
3.824548 0.185240
3.845562 0.190162
3.866576 0.181431
3.887590 0.191291
3.908604 0.182045
3.929618 0.186867
3.950632 0.189575
3.971646 0.180746
3.992660 0.190243
4.013674 0.180846
4.034688 0.187799
4.055702 0.189207
4.076716 0.182595
4.097730 0.191662
4.118744 0.180857
4.139758 0.189047
4.160772 0.189096
4.181786 0.184650
4.202800 0.193213
4.223814 0.182506
4.244828 0.190649
4.265842 0.188412
4.286856 0.186943
4.307870 0.195629
4.328884 0.184822
4.349898 0.193218
4.370912 0.190023
4.391926 0.189527
4.412940 0.197090
4.433954 0.186380
4.454968 0.195128
4.475982 0.190582
4.496996 0.192116
4.518010 0.198306
4.539023 0.188449
4.560037 0.197093
4.581051 0.191899
4.602065 0.194964
4.623079 0.200222
4.644093 0.189563
4.665107 0.197400
4.686121 0.191196
4.707135 0.196147
4.728149 0.199790
4.749163 0.191429
4.770177 0.200503
4.791191 0.193639
4.812205 0.199585
4.833219 0.200961
4.854233 0.193331
4.875247 0.201218
4.896261 0.193089
4.917275 0.199709
4.938289 0.200727
4.959303 0.194424
4.980317 0.203224
5.001331 0.194430
5.022345 0.202192
5.043359 0.201452
5.064373 0.195588
5.085387 0.203557
5.106401 0.194401
5.127415 0.201911
5.148429 0.201001
5.169443 0.198001
5.190457 0.204949
5.211471 0.195282
5.232485 0.203129
5.253499 0.199204
5.274513 0.196498
5.295527 0.202265
5.316541 0.192618
5.337555 0.201656
5.358569 0.198204
5.379583 0.197680
5.400597 0.204009
5.421611 0.193786
5.442625 0.201185
5.463639 0.196641
5.484653 0.197456
5.505667 0.201760
5.526681 0.190310
5.547695 0.200192
5.568709 0.196055
5.589723 0.198640
5.610737 0.202340
5.631751 0.193586
5.652765 0.202112
5.673779 0.195991
5.694793 0.199772
5.715807 0.202651
5.736821 0.195900
5.757835 0.203877
5.778849 0.196137
5.799863 0.201942
5.820877 0.204790
5.841891 0.198219
5.862905 0.206559
5.883919 0.198872
5.904933 0.204589
5.925947 0.206218
5.946961 0.200732
5.967975 0.208781
5.988989 0.201057
6.010003 0.207104
6.031017 0.206814
6.052031 0.202301
6.073045 0.210052
6.094059 0.202053
6.115073 0.208982
6.136087 0.209028
6.157101 0.205688
6.178115 0.211425
6.199129 0.204087
6.220143 0.211395
6.241157 0.209729
6.262171 0.207902
6.283185 0.213877
