serial number: JANUSZ_4_RI70_21414864
torque: 8.0
start_temp: 30 (31)
finish_temp: 30 (31)
note: j4_3_4_ri_70
0.000000 nan
0.021014 0.273197
0.042028 0.283022
0.063042 0.280579
0.084056 0.278375
0.105070 0.286048
0.126084 0.275558
0.147098 0.283953
0.168112 0.279267
0.189126 0.276269
0.210140 0.286868
0.231154 0.276589
0.252168 0.283945
0.273182 0.278404
0.294196 0.278889
0.315210 0.285227
0.336224 0.274119
0.357238 0.283165
0.378252 0.276104
0.399266 0.277450
0.420280 0.278451
0.441294 0.273958
0.462308 0.282758
0.483322 0.274809
0.504336 0.277364
0.525350 0.281884
0.546364 0.273513
0.567378 0.278110
0.588392 0.269589
0.609406 0.275750
0.630420 0.277507
0.651434 0.273182
0.672448 0.280014
0.693462 0.271317
0.714476 0.277547
0.735490 0.273503
0.756504 0.270927
0.777518 0.281485
0.798532 0.270159
0.819546 0.273379
0.840560 0.274252
0.861574 0.269855
0.882588 0.278111
0.903602 0.266923
0.924616 0.273386
0.945630 0.270174
0.966644 0.267893
0.987658 0.275783
1.008672 0.265553
1.029686 0.273765
1.050700 0.269167
1.071714 0.267141
1.092728 0.274578
1.113742 0.264622
1.134756 0.272470
1.155770 0.266979
1.176784 0.266318
1.197798 0.270324
1.218812 0.261604
1.239826 0.269421
1.260840 0.262758
1.281854 0.261165
1.302868 0.267630
1.323882 0.258467
1.344896 0.268562
1.365910 0.260987
1.386924 0.261756
1.407938 0.266684
1.428952 0.258165
1.449966 0.268650
1.470980 0.257307
1.491994 0.261926
1.513008 0.263670
1.534022 0.256753
1.555036 0.266440
1.576050 0.258064
1.597064 0.261871
1.618078 0.261840
1.639092 0.256339
1.660106 0.267216
1.681120 0.255907
1.702134 0.259689
1.723148 0.259356
1.744162 0.253869
1.765176 0.264145
1.786190 0.253133
1.807204 0.258679
1.828218 0.258550
1.849232 0.253870
1.870246 0.263597
1.891260 0.256330
1.912274 0.259896
1.933288 0.255990
1.954302 0.255000
1.975316 0.262834
1.996330 0.253274
2.017344 0.258477
2.038358 0.257248
2.059372 0.256139
2.080386 0.264946
2.101400 0.254189
2.122414 0.262281
2.143428 0.257835
2.164442 0.258336
2.185456 0.266245
2.206470 0.256398
2.227484 0.264003
2.248498 0.258525
2.269512 0.260691
2.290526 0.266402
2.311540 0.257747
2.332554 0.267066
2.353568 0.260746
2.374582 0.263331
2.395596 0.270402
2.416610 0.259504
2.437624 0.268702
2.458638 0.262233
2.479652 0.266087
2.500666 0.270203
2.521680 0.262876
2.542694 0.271588
2.563708 0.263379
2.584722 0.267851
2.605736 0.271309
2.626750 0.263677
2.647764 0.271629
2.668778 0.263319
2.689792 0.268246
2.710806 0.266500
2.731820 0.261890
2.752834 0.271473
2.773848 0.260391
2.794862 0.267956
2.815876 0.269356
2.836890 0.262643
2.857904 0.269599
2.878918 0.260233
2.899932 0.267463
2.920946 0.265554
2.941960 0.261666
2.962974 0.269694
2.983988 0.258115
3.005002 0.263398
3.026016 0.263126
3.047030 0.260986
3.068044 0.266368
3.089058 0.256893
3.110072 0.261856
3.131086 0.257753
3.152100 0.259026
3.173114 0.264845
3.194128 0.254809
3.215142 0.261645
3.236156 0.255885
3.257170 0.255687
3.278184 0.261942
3.299198 0.254218
3.320212 0.261040
3.341226 0.253659
3.362240 0.257311
3.383254 0.260378
3.404268 0.252476
3.425282 0.258918
3.446296 0.250432
3.467310 0.255538
3.488324 0.256671
3.509338 0.250428
3.530352 0.257668
3.551366 0.247104
3.572380 0.253819
3.593394 0.253717
3.614408 0.247461
3.635422 0.255257
3.656436 0.244717
3.677450 0.252792
3.698464 0.250638
3.719478 0.248011
3.740492 0.254356
3.761506 0.244394
3.782520 0.252276
3.803534 0.248087
3.824548 0.245301
3.845562 0.252146
3.866576 0.240544
3.887590 0.252898
3.908604 0.245721
3.929618 0.245096
3.950632 0.251435
3.971646 0.242338
3.992660 0.252416
4.013674 0.244482
4.034688 0.247816
4.055702 0.250780
4.076716 0.242162
4.097730 0.252139
4.118744 0.242032
4.139758 0.246194
4.160772 0.249341
4.181786 0.240714
4.202800 0.250706
4.223814 0.241049
4.244828 0.246741
4.265842 0.250159
4.286856 0.241589
4.307870 0.253468
4.328884 0.241823
4.349898 0.249651
4.370912 0.251573
4.391926 0.246207
4.412940 0.253213
4.433954 0.241662
4.454968 0.250827
4.475982 0.250084
4.496996 0.245159
4.518010 0.254396
4.539023 0.242963
4.560037 0.250961
4.581051 0.247601
4.602065 0.246123
4.623079 0.256026
4.644093 0.243245
4.665107 0.253225
4.686121 0.248338
4.707135 0.247784
4.728149 0.256215
4.749163 0.245123
4.770177 0.257132
4.791191 0.250363
4.812205 0.252699
4.833219 0.258274
4.854233 0.248156
4.875247 0.258955
4.896261 0.250147
4.917275 0.253003
4.938289 0.259364
4.959303 0.248694
4.980317 0.259462
5.001331 0.250613
5.022345 0.253861
5.043359 0.257999
5.064373 0.250556
5.085387 0.264133
5.106401 0.251702
5.127415 0.257459
5.148429 0.260424
5.169443 0.253004
5.190457 0.262065
5.211471 0.255198
5.232485 0.260348
5.253499 0.260352
5.274513 0.255993
5.295527 0.265863
5.316541 0.253518
5.337555 0.261839
5.358569 0.261461
5.379583 0.256977
5.400597 0.268229
5.421611 0.255993
5.442625 0.264811
5.463639 0.262484
5.484653 0.259538
5.505667 0.270828
5.526681 0.259457
5.547695 0.264512
5.568709 0.262019
5.589723 0.261628
5.610737 0.268683
5.631751 0.257856
5.652765 0.267991
5.673779 0.264217
5.694793 0.265323
5.715807 0.272516
5.736821 0.261781
5.757835 0.272532
5.778849 0.264296
5.799863 0.268286
5.820877 0.274599
5.841891 0.263278
5.862905 0.275078
5.883919 0.266533
5.904933 0.271811
5.925947 0.276721
5.946961 0.268222
5.967975 0.276851
5.988989 0.268677
6.010003 0.274337
6.031017 0.278034
6.052031 0.269697
6.073045 0.276460
6.094059 0.267806
6.115073 0.276865
6.136087 0.275972
6.157101 0.272040
6.178115 0.280285
6.199129 0.270941
6.220143 0.279754
6.241157 0.278911
6.262171 0.274981
6.283185 0.283849
