serial number: JANUSZ_4_RI70_21414864
torque: 8.0
start_temp: 30 (31)
finish_temp: 30 (30)
note: joint J4, pcb 3_4
0.000000 nan
0.021014 0.269768
0.042028 0.277613
0.063042 0.275366
0.084056 0.272360
0.105070 0.282097
0.126084 0.270525
0.147098 0.279561
0.168112 0.274913
0.189126 0.274247
0.210140 0.282440
0.231154 0.271579
0.252168 0.280529
0.273182 0.274181
0.294196 0.275315
0.315210 0.282175
0.336224 0.272385
0.357238 0.281652
0.378252 0.275390
0.399266 0.277507
0.420280 0.282646
0.441294 0.272984
0.462308 0.280979
0.483322 0.272891
0.504336 0.277315
0.525350 0.281349
0.546364 0.272322
0.567378 0.282135
0.588392 0.271529
0.609406 0.276567
0.630420 0.278638
0.651434 0.270990
0.672448 0.280059
0.693462 0.269758
0.714476 0.275756
0.735490 0.274973
0.756504 0.268913
0.777518 0.278556
0.798532 0.267643
0.819546 0.275297
0.840560 0.273799
0.861574 0.268566
0.882588 0.277784
0.903602 0.265796
0.924616 0.273526
0.945630 0.271527
0.966644 0.267262
0.987658 0.275521
1.008672 0.264064
1.029686 0.272301
1.050700 0.268727
1.071714 0.265519
1.092728 0.273340
1.113742 0.261201
1.134756 0.270123
1.155770 0.264737
1.176784 0.264248
1.197798 0.271491
1.218812 0.259245
1.239826 0.268305
1.260840 0.261942
1.281854 0.262451
1.302868 0.267053
1.323882 0.255978
1.344896 0.263773
1.365910 0.256437
1.386924 0.258371
1.407938 0.263196
1.428952 0.253804
1.449966 0.263576
1.470980 0.254708
1.491994 0.258627
1.513008 0.262911
1.534022 0.253446
1.555036 0.263335
1.576050 0.253050
1.597064 0.257715
1.618078 0.259505
1.639092 0.251723
1.660106 0.261812
1.681120 0.250484
1.702134 0.256525
1.723148 0.256653
1.744162 0.250856
1.765176 0.261457
1.786190 0.250274
1.807204 0.256041
1.828218 0.255701
1.849232 0.250622
1.870246 0.260249
1.891260 0.248287
1.912274 0.257073
1.933288 0.256078
1.954302 0.251753
1.975316 0.261394
1.996330 0.248714
2.017344 0.257688
2.038358 0.255272
2.059372 0.252463
2.080386 0.261862
2.101400 0.250612
2.122414 0.260295
2.143428 0.255498
2.164442 0.254199
2.185456 0.262857
2.206470 0.251867
2.227484 0.261734
2.248498 0.256107
2.269512 0.257085
2.290526 0.265628
2.311540 0.254902
2.332554 0.264022
2.353568 0.257484
2.374582 0.258689
2.395596 0.265898
2.416610 0.255527
2.437624 0.265498
2.458638 0.258378
2.479652 0.261222
2.500666 0.267230
2.521680 0.257529
2.542694 0.268443
2.563708 0.260133
2.584722 0.263947
2.605736 0.268301
2.626750 0.261053
2.647764 0.270683
2.668778 0.260702
2.689792 0.266152
2.710806 0.268169
2.731820 0.260886
2.752834 0.270164
2.773848 0.259046
2.794862 0.264799
2.815876 0.264494
2.836890 0.258823
2.857904 0.267805
2.878918 0.256630
2.899932 0.263871
2.920946 0.262237
2.941960 0.257696
2.962974 0.266897
2.983988 0.255255
3.005002 0.263048
3.026016 0.259365
3.047030 0.257001
3.068044 0.264751
3.089058 0.253375
3.110072 0.260914
3.131086 0.255942
3.152100 0.255589
3.173114 0.261439
3.194128 0.250433
3.215142 0.258509
3.236156 0.251412
3.257170 0.252877
3.278184 0.258623
3.299198 0.248530
3.320212 0.256583
3.341226 0.249147
3.362240 0.252051
3.383254 0.255788
3.404268 0.247061
3.425282 0.255521
3.446296 0.246459
3.467310 0.251411
3.488324 0.253911
3.509338 0.245191
3.530352 0.253759
3.551366 0.242792
3.572380 0.250006
3.593394 0.249946
3.614408 0.243501
3.635422 0.251327
3.656436 0.240192
3.677450 0.248711
3.698464 0.246938
3.719478 0.242124
3.740492 0.250150
3.761506 0.237706
3.782520 0.246732
3.803534 0.242993
3.824548 0.239089
3.845562 0.247632
3.866576 0.236077
3.887590 0.245615
3.908604 0.240143
3.929618 0.238441
3.950632 0.246464
3.971646 0.234619
3.992660 0.245458
4.013674 0.238542
4.034688 0.239567
4.055702 0.245641
4.076716 0.234394
4.097730 0.245710
4.118744 0.236494
4.139758 0.238677
4.160772 0.243950
4.181786 0.233645
4.202800 0.245320
4.223814 0.235036
4.244828 0.239219
4.265842 0.243929
4.286856 0.234658
4.307870 0.245922
4.328884 0.235112
4.349898 0.241153
4.370912 0.243481
4.391926 0.235100
4.412940 0.247213
4.433954 0.235651
4.454968 0.243890
4.475982 0.242684
4.496996 0.236750
4.518010 0.248256
4.539023 0.236002
4.560037 0.245379
4.581051 0.241808
4.602065 0.237909
4.623079 0.248348
4.644093 0.236600
4.665107 0.247283
4.686121 0.242772
4.707135 0.240624
4.728149 0.249583
4.749163 0.237980
4.770177 0.248949
4.791191 0.242733
4.812205 0.242558
4.833219 0.251516
4.854233 0.239450
4.875247 0.251889
4.896261 0.244357
4.917275 0.246243
4.938289 0.252879
4.959303 0.242251
4.980317 0.254343
5.001331 0.244229
5.022345 0.248058
5.043359 0.253678
5.064373 0.244244
5.085387 0.255880
5.106401 0.245145
5.127415 0.250880
5.148429 0.254709
5.169443 0.246317
5.190457 0.257537
5.211471 0.246431
5.232485 0.254045
5.253499 0.255504
5.274513 0.249919
5.295527 0.260819
5.316541 0.248938
5.337555 0.257160
5.358569 0.256398
5.379583 0.251610
5.400597 0.262976
5.421611 0.250173
5.442625 0.260155
5.463639 0.257711
5.484653 0.254968
5.505667 0.264908
5.526681 0.252714
5.547695 0.262678
5.568709 0.257934
5.589723 0.257335
5.610737 0.266802
5.631751 0.255230
5.652765 0.265724
5.673779 0.260525
5.694793 0.261452
5.715807 0.269285
5.736821 0.258464
5.757835 0.268216
5.778849 0.260763
5.799863 0.263785
5.820877 0.270422
5.841891 0.260473
5.862905 0.270848
5.883919 0.262265
5.904933 0.266602
5.925947 0.271528
5.946961 0.262497
5.967975 0.273530
5.988989 0.263902
6.010003 0.269565
6.031017 0.272195
6.052031 0.265370
6.073045 0.276597
6.094059 0.265655
6.115073 0.272257
6.136087 0.273991
6.157101 0.268354
6.178115 0.278215
6.199129 0.267818
6.220143 0.275114
6.241157 0.274859
6.262171 0.271091
6.283185 0.280846
