serial number: JANUSZ_4_RI70_21414864
torque: 8.0
start_temp: 30 (31)
finish_temp: 31 (31)
note: j4_3_4_ri_70
0.000000 nan
0.021014 0.285954
0.042028 0.294621
0.063042 0.292324
0.084056 0.291131
0.105070 0.297969
0.126084 0.287442
0.147098 0.295194
0.168112 0.290297
0.189126 0.288009
0.210140 0.298724
0.231154 0.288868
0.252168 0.296015
0.273182 0.290623
0.294196 0.292671
0.315210 0.298624
0.336224 0.287640
0.357238 0.296511
0.378252 0.289179
0.399266 0.293063
0.420280 0.293761
0.441294 0.289043
0.462308 0.297585
0.483322 0.290276
0.504336 0.293978
0.525350 0.298067
0.546364 0.289464
0.567378 0.292924
0.588392 0.285050
0.609406 0.290975
0.630420 0.293367
0.651434 0.288343
0.672448 0.295581
0.693462 0.285817
0.714476 0.292040
0.735490 0.288464
0.756504 0.285426
0.777518 0.295089
0.798532 0.282712
0.819546 0.287343
0.840560 0.288903
0.861574 0.284664
0.882588 0.292578
0.903602 0.282275
0.924616 0.289021
0.945630 0.285955
0.966644 0.283013
0.987658 0.289598
1.008672 0.279244
1.029686 0.287905
1.050700 0.282691
1.071714 0.281624
1.092728 0.289239
1.113742 0.278064
1.134756 0.285924
1.155770 0.281513
1.176784 0.280668
1.197798 0.284325
1.218812 0.274996
1.239826 0.282207
1.260840 0.275780
1.281854 0.276375
1.302868 0.281771
1.323882 0.271502
1.344896 0.280821
1.365910 0.273762
1.386924 0.276150
1.407938 0.280674
1.428952 0.270445
1.449966 0.280475
1.470980 0.268791
1.491994 0.275312
1.513008 0.277908
1.534022 0.269409
1.555036 0.278315
1.576050 0.269144
1.597064 0.273991
1.618078 0.275193
1.639092 0.268560
1.660106 0.278640
1.681120 0.267188
1.702134 0.273784
1.723148 0.275303
1.744162 0.267941
1.765176 0.277575
1.786190 0.265558
1.807204 0.272800
1.828218 0.272001
1.849232 0.267732
1.870246 0.276596
1.891260 0.268547
1.912274 0.273724
1.933288 0.269722
1.954302 0.269454
1.975316 0.277364
1.996330 0.267341
2.017344 0.272471
2.038358 0.272780
2.059372 0.269843
2.080386 0.278775
2.101400 0.267430
2.122414 0.276372
2.143428 0.271913
2.164442 0.271522
2.185456 0.279875
2.206470 0.269290
2.227484 0.277918
2.248498 0.272877
2.269512 0.275509
2.290526 0.280575
2.311540 0.272016
2.332554 0.281341
2.353568 0.273554
2.374582 0.277205
2.395596 0.283597
2.416610 0.273112
2.437624 0.282077
2.458638 0.275868
2.479652 0.279810
2.500666 0.284084
2.521680 0.275484
2.542694 0.284050
2.563708 0.275460
2.584722 0.281029
2.605736 0.285527
2.626750 0.277233
2.647764 0.286228
2.668778 0.277274
2.689792 0.283223
2.710806 0.281054
2.731820 0.276487
2.752834 0.285787
2.773848 0.274042
2.794862 0.281944
2.815876 0.282472
2.836890 0.276281
2.857904 0.283250
2.878918 0.274418
2.899932 0.281951
2.920946 0.279439
2.941960 0.275896
2.962974 0.283662
2.983988 0.272530
3.005002 0.277924
3.026016 0.277260
3.047030 0.275523
3.068044 0.279724
3.089058 0.270461
3.110072 0.276553
3.131086 0.272667
3.152100 0.275015
3.173114 0.279181
3.194128 0.269310
3.215142 0.275716
3.236156 0.269396
3.257170 0.269891
3.278184 0.275960
3.299198 0.267893
3.320212 0.273361
3.341226 0.265224
3.362240 0.269819
3.383254 0.272317
3.404268 0.264153
3.425282 0.271080
3.446296 0.261392
3.467310 0.267349
3.488324 0.268755
3.509338 0.262869
3.530352 0.269897
3.551366 0.259273
3.572380 0.267038
3.593394 0.267037
3.614408 0.260189
3.635422 0.266950
3.656436 0.255701
3.677450 0.265028
3.698464 0.262393
3.719478 0.260732
3.740492 0.265392
3.761506 0.255942
3.782520 0.263475
3.803534 0.258669
3.824548 0.257553
3.845562 0.263299
3.866576 0.252566
3.887590 0.264010
3.908604 0.256378
3.929618 0.255899
3.950632 0.261897
3.971646 0.253257
3.992660 0.262153
4.013674 0.253625
4.034688 0.257441
4.055702 0.261808
4.076716 0.252867
4.097730 0.262452
4.118744 0.251849
4.139758 0.256793
4.160772 0.260300
4.181786 0.250562
4.202800 0.260813
4.223814 0.250976
4.244828 0.257298
4.265842 0.259822
4.286856 0.251879
4.307870 0.261876
4.328884 0.250738
4.349898 0.258355
4.370912 0.261952
4.391926 0.256308
4.412940 0.262205
4.433954 0.250718
4.454968 0.259459
4.475982 0.259130
4.496996 0.253946
4.518010 0.264015
4.539023 0.252984
4.560037 0.261544
4.581051 0.258217
4.602065 0.257952
4.623079 0.268282
4.644093 0.254795
4.665107 0.263849
4.686121 0.259063
4.707135 0.258687
4.728149 0.266867
4.749163 0.256262
4.770177 0.269295
4.791191 0.261512
4.812205 0.263331
4.833219 0.269107
4.854233 0.258086
4.875247 0.267974
4.896261 0.259963
4.917275 0.263711
4.938289 0.270321
4.959303 0.258891
4.980317 0.269811
5.001331 0.262441
5.022345 0.265925
5.043359 0.270703
5.064373 0.262150
5.085387 0.275158
5.106401 0.262710
5.127415 0.269553
5.148429 0.272621
5.169443 0.265277
5.190457 0.272859
5.211471 0.267511
5.232485 0.272512
5.253499 0.273077
5.274513 0.268028
5.295527 0.277354
5.316541 0.267019
5.337555 0.275488
5.358569 0.275240
5.379583 0.270268
5.400597 0.280534
5.421611 0.268759
5.442625 0.277854
5.463639 0.275863
5.484653 0.273373
5.505667 0.283472
5.526681 0.270187
5.547695 0.277938
5.568709 0.275568
5.589723 0.274844
5.610737 0.281161
5.631751 0.269806
5.652765 0.282374
5.673779 0.277847
5.694793 0.279117
5.715807 0.285936
5.736821 0.276628
5.757835 0.286779
5.778849 0.278553
5.799863 0.282208
5.820877 0.288060
5.841891 0.276664
5.862905 0.287945
5.883919 0.279286
5.904933 0.284418
5.925947 0.289277
5.946961 0.281320
5.967975 0.289376
5.988989 0.280597
6.010003 0.286909
6.031017 0.290827
6.052031 0.282920
6.073045 0.288879
6.094059 0.279940
6.115073 0.290184
6.136087 0.289093
6.157101 0.286379
6.178115 0.294257
6.199129 0.284879
6.220143 0.292446
6.241157 0.291346
6.262171 0.288789
6.283185 0.296353
