serial number: JANUSZ_4_RI70_21414864
torque: 8.0
start_temp: 30 (31)
finish_temp: 30 (30)
note: joint J4, pcb 3_4
0.000000 nan
0.021014 0.267329
0.042028 0.274774
0.063042 0.273533
0.084056 0.271115
0.105070 0.278937
0.126084 0.269171
0.147098 0.276879
0.168112 0.273967
0.189126 0.272534
0.210140 0.279656
0.231154 0.269660
0.252168 0.277386
0.273182 0.272816
0.294196 0.272977
0.315210 0.279048
0.336224 0.269190
0.357238 0.277070
0.378252 0.271253
0.399266 0.273259
0.420280 0.278064
0.441294 0.268171
0.462308 0.276661
0.483322 0.269357
0.504336 0.273687
0.525350 0.279067
0.546364 0.271149
0.567378 0.277570
0.588392 0.268813
0.609406 0.273590
0.630420 0.276148
0.651434 0.267973
0.672448 0.275669
0.693462 0.265799
0.714476 0.271375
0.735490 0.272032
0.756504 0.265306
0.777518 0.273463
0.798532 0.263561
0.819546 0.269994
0.840560 0.269834
0.861574 0.263731
0.882588 0.272505
0.903602 0.261595
0.924616 0.268310
0.945630 0.266606
0.966644 0.261549
0.987658 0.269979
1.008672 0.259271
1.029686 0.267264
1.050700 0.263999
1.071714 0.261099
1.092728 0.267953
1.113742 0.256600
1.134756 0.264369
1.155770 0.259997
1.176784 0.259332
1.197798 0.265563
1.218812 0.254968
1.239826 0.262507
1.260840 0.257110
1.281854 0.256697
1.302868 0.261766
1.323882 0.251579
1.344896 0.260345
1.365910 0.254308
1.386924 0.256851
1.407938 0.261784
1.428952 0.252111
1.449966 0.260463
1.470980 0.252224
1.491994 0.255386
1.513008 0.258905
1.534022 0.249726
1.555036 0.258740
1.576050 0.249978
1.597064 0.255143
1.618078 0.257209
1.639092 0.250274
1.660106 0.258873
1.681120 0.248808
1.702134 0.254733
1.723148 0.256533
1.744162 0.249984
1.765176 0.258738
1.786190 0.248226
1.807204 0.254472
1.828218 0.254451
1.849232 0.248785
1.870246 0.258747
1.891260 0.248032
1.912274 0.254852
1.933288 0.253633
1.954302 0.249710
1.975316 0.259038
1.996330 0.248088
2.017344 0.256279
2.038358 0.253603
2.059372 0.251530
2.080386 0.260344
2.101400 0.249406
2.122414 0.257002
2.143428 0.253574
2.164442 0.253297
2.185456 0.262006
2.206470 0.251213
2.227484 0.259693
2.248498 0.254916
2.269512 0.254568
2.290526 0.263198
2.311540 0.252900
2.332554 0.260866
2.353568 0.254809
2.374582 0.256961
2.395596 0.264751
2.416610 0.254647
2.437624 0.263095
2.458638 0.256710
2.479652 0.259939
2.500666 0.264905
2.521680 0.257027
2.542694 0.265060
2.563708 0.256822
2.584722 0.261636
2.605736 0.265607
2.626750 0.256507
2.647764 0.264667
2.668778 0.256591
2.689792 0.262850
2.710806 0.265687
2.731820 0.258077
2.752834 0.266302
2.773848 0.256758
2.794862 0.263042
2.815876 0.263730
2.836890 0.257403
2.857904 0.265065
2.878918 0.254173
2.899932 0.260600
2.920946 0.259201
2.941960 0.254990
2.962974 0.262296
2.983988 0.251920
3.005002 0.258725
3.026016 0.256379
3.047030 0.254940
3.068044 0.260779
3.089058 0.250089
3.110072 0.257499
3.131086 0.253627
3.152100 0.253822
3.173114 0.260728
3.194128 0.250152
3.215142 0.256095
3.236156 0.250300
3.257170 0.251591
3.278184 0.256999
3.299198 0.247245
3.320212 0.253890
3.341226 0.246447
3.362240 0.249681
3.383254 0.253821
3.404268 0.243822
3.425282 0.250857
3.446296 0.242971
3.467310 0.248442
3.488324 0.250577
3.509338 0.243250
3.530352 0.250284
3.551366 0.240514
3.572380 0.247520
3.593394 0.247523
3.614408 0.241040
3.635422 0.248295
3.656436 0.238215
3.677450 0.245647
3.698464 0.244353
3.719478 0.239821
3.740492 0.246808
3.761506 0.235443
3.782520 0.244549
3.803534 0.241019
3.824548 0.237929
3.845562 0.246099
3.866576 0.235318
3.887590 0.244299
3.908604 0.239595
3.929618 0.239038
3.950632 0.245368
3.971646 0.232948
3.992660 0.242636
4.013674 0.236772
4.034688 0.238151
4.055702 0.243210
4.076716 0.232247
4.097730 0.242997
4.118744 0.235823
4.139758 0.238805
4.160772 0.242669
4.181786 0.233426
4.202800 0.243915
4.223814 0.235176
4.244828 0.239455
4.265842 0.242759
4.286856 0.233425
4.307870 0.244716
4.328884 0.234678
4.349898 0.241604
4.370912 0.242640
4.391926 0.233270
4.412940 0.244941
4.433954 0.233328
4.454968 0.242002
4.475982 0.241223
4.496996 0.235055
4.518010 0.245027
4.539023 0.233820
4.560037 0.243799
4.581051 0.242589
4.602065 0.238251
4.623079 0.247256
4.644093 0.235553
4.665107 0.245754
4.686121 0.242565
4.707135 0.240009
4.728149 0.248376
4.749163 0.237578
4.770177 0.248660
4.791191 0.244324
4.812205 0.243352
4.833219 0.251192
4.854233 0.240473
4.875247 0.250692
4.896261 0.243717
4.917275 0.245853
4.938289 0.252434
4.959303 0.243220
4.980317 0.253240
5.001331 0.246152
5.022345 0.249574
5.043359 0.253726
5.064373 0.245031
5.085387 0.254862
5.106401 0.246062
5.127415 0.251567
5.148429 0.254506
5.169443 0.246230
5.190457 0.256095
5.211471 0.246431
5.232485 0.252965
5.253499 0.254383
5.274513 0.248591
5.295527 0.259597
5.316541 0.248668
5.337555 0.256367
5.358569 0.256456
5.379583 0.252038
5.400597 0.261350
5.421611 0.250616
5.442625 0.259762
5.463639 0.257792
5.484653 0.255069
5.505667 0.264425
5.526681 0.253487
5.547695 0.261715
5.568709 0.258533
5.589723 0.257450
5.610737 0.265255
5.631751 0.254121
5.652765 0.261790
5.673779 0.257945
5.694793 0.259026
5.715807 0.267403
5.736821 0.257636
5.757835 0.266447
5.778849 0.260514
5.799863 0.263113
5.820877 0.269716
5.841891 0.259562
5.862905 0.269006
5.883919 0.261617
5.904933 0.264711
5.925947 0.269589
5.946961 0.261829
5.967975 0.270931
5.988989 0.262942
6.010003 0.268082
6.031017 0.271279
6.052031 0.264379
6.073045 0.273767
6.094059 0.265323
6.115073 0.271501
6.136087 0.273869
6.157101 0.268093
6.178115 0.276637
6.199129 0.266869
6.220143 0.273883
6.241157 0.273771
6.262171 0.269052
6.283185 0.277625
