serial number: JANUSZ_4_RI70_21414864
torque: 8.0
start_temp: 30 (32)
finish_temp: 30 (31)
note: j4_pcb_3_4
0.000000 nan
0.021014 0.260982
0.042028 0.268869
0.063042 0.267647
0.084056 0.264856
0.105070 0.274068
0.126084 0.263186
0.147098 0.271837
0.168112 0.268859
0.189126 0.267203
0.210140 0.274746
0.231154 0.264139
0.252168 0.272372
0.273182 0.267225
0.294196 0.266853
0.315210 0.274192
0.336224 0.264591
0.357238 0.272775
0.378252 0.266835
0.399266 0.268900
0.420280 0.274091
0.441294 0.264306
0.462308 0.272261
0.483322 0.265458
0.504336 0.269229
0.525350 0.273209
0.546364 0.264732
0.567378 0.272699
0.588392 0.264696
0.609406 0.269175
0.630420 0.271672
0.651434 0.263431
0.672448 0.271148
0.693462 0.261808
0.714476 0.267862
0.735490 0.269266
0.756504 0.262379
0.777518 0.270063
0.798532 0.259967
0.819546 0.266661
0.840560 0.266716
0.861574 0.261083
0.882588 0.268511
0.903602 0.258626
0.924616 0.265151
0.945630 0.264134
0.966644 0.259684
0.987658 0.266354
1.008672 0.256102
1.029686 0.263868
1.050700 0.260832
1.071714 0.257353
1.092728 0.264668
1.113742 0.254436
1.134756 0.261572
1.155770 0.257541
1.176784 0.255815
1.197798 0.262433
1.218812 0.252066
1.239826 0.260297
1.260840 0.254942
1.281854 0.253706
1.302868 0.259084
1.323882 0.249046
1.344896 0.257058
1.365910 0.249756
1.386924 0.250428
1.407938 0.255665
1.428952 0.246029
1.449966 0.253572
1.470980 0.246063
1.491994 0.249179
1.513008 0.253602
1.534022 0.245103
1.555036 0.255058
1.576050 0.246473
1.597064 0.249575
1.618078 0.252478
1.639092 0.243629
1.660106 0.253809
1.681120 0.243601
1.702134 0.247918
1.723148 0.250055
1.744162 0.242708
1.765176 0.253525
1.786190 0.242684
1.807204 0.248698
1.828218 0.249082
1.849232 0.242924
1.870246 0.252865
1.891260 0.242119
1.912274 0.248801
1.933288 0.247830
1.954302 0.241954
1.975316 0.251853
1.996330 0.241123
2.017344 0.248177
2.038358 0.246003
2.059372 0.243189
2.080386 0.254100
2.101400 0.242492
2.122414 0.250714
2.143428 0.247393
2.164442 0.244924
2.185456 0.254412
2.206470 0.243778
2.227484 0.252953
2.248498 0.248610
2.269512 0.247717
2.290526 0.255619
2.311540 0.245209
2.332554 0.254760
2.353568 0.249087
2.374582 0.250378
2.395596 0.257446
2.416610 0.247598
2.437624 0.256756
2.458638 0.250368
2.479652 0.253158
2.500666 0.260354
2.521680 0.250917
2.542694 0.260012
2.563708 0.251752
2.584722 0.255907
2.605736 0.261115
2.626750 0.251529
2.647764 0.260929
2.668778 0.251545
2.689792 0.256083
2.710806 0.258489
2.731820 0.251557
2.752834 0.260623
2.773848 0.250461
2.794862 0.256165
2.815876 0.256923
2.836890 0.250405
2.857904 0.258159
2.878918 0.247372
2.899932 0.254457
2.920946 0.253822
2.941960 0.249174
2.962974 0.256796
2.983988 0.246307
3.005002 0.254025
3.026016 0.251504
3.047030 0.247907
3.068044 0.255048
3.089058 0.243644
3.110072 0.252257
3.131086 0.248263
3.152100 0.247345
3.173114 0.253553
3.194128 0.242476
3.215142 0.250552
3.236156 0.244742
3.257170 0.245007
3.278184 0.250155
3.299198 0.240557
3.320212 0.248473
3.341226 0.241023
3.362240 0.243467
3.383254 0.247535
3.404268 0.239071
3.425282 0.246364
3.446296 0.238556
3.467310 0.242756
3.488324 0.245544
3.509338 0.236903
3.530352 0.244141
3.551366 0.235018
3.572380 0.241517
3.593394 0.241179
3.614408 0.234685
3.635422 0.242740
3.656436 0.232148
3.677450 0.240364
3.698464 0.238534
3.719478 0.232447
3.740492 0.240298
3.761506 0.229852
3.782520 0.239191
3.803534 0.234286
3.824548 0.231237
3.845562 0.238591
3.866576 0.227459
3.887590 0.237185
3.908604 0.232413
3.929618 0.230130
3.950632 0.236624
3.971646 0.225727
3.992660 0.237277
4.013674 0.231234
4.034688 0.231036
4.055702 0.236826
4.076716 0.225913
4.097730 0.237928
4.118744 0.229753
4.139758 0.231831
4.160772 0.237445
4.181786 0.227060
4.202800 0.238668
4.223814 0.230053
4.244828 0.232768
4.265842 0.236658
4.286856 0.227891
4.307870 0.239321
4.328884 0.229788
4.349898 0.234723
4.370912 0.236812
4.391926 0.229057
4.412940 0.239906
4.433954 0.229328
4.454968 0.236240
4.475982 0.236801
4.496996 0.229763
4.518010 0.240537
4.539023 0.228631
4.560037 0.237481
4.581051 0.236147
4.602065 0.230848
4.623079 0.241334
4.644093 0.228836
4.665107 0.239241
4.686121 0.236763
4.707135 0.233473
4.728149 0.242648
4.749163 0.231108
4.770177 0.241910
4.791191 0.237658
4.812205 0.236361
4.833219 0.244355
4.854233 0.233127
4.875247 0.244133
4.896261 0.238040
4.917275 0.238197
4.938289 0.245599
4.959303 0.234660
4.980317 0.245521
5.001331 0.237338
5.022345 0.240489
5.043359 0.246836
5.064373 0.236392
5.085387 0.247657
5.106401 0.238196
5.127415 0.243351
5.148429 0.247757
5.169443 0.239476
5.190457 0.250957
5.211471 0.240717
5.232485 0.246743
5.253499 0.249555
5.274513 0.242218
5.295527 0.252894
5.316541 0.241994
5.337555 0.249497
5.358569 0.250103
5.379583 0.244238
5.400597 0.254567
5.421611 0.242819
5.442625 0.251956
5.463639 0.250753
5.484653 0.246313
5.505667 0.256303
5.526681 0.244355
5.547695 0.254263
5.568709 0.251620
5.589723 0.249119
5.610737 0.258852
5.631751 0.247732
5.652765 0.257173
5.673779 0.252066
5.694793 0.251198
5.715807 0.258849
5.736821 0.248073
5.757835 0.258113
5.778849 0.252530
5.799863 0.254446
5.820877 0.261379
5.841891 0.251509
5.862905 0.261144
5.883919 0.253302
5.904933 0.257447
5.925947 0.263611
5.946961 0.253770
5.967975 0.264124
5.988989 0.255633
6.010003 0.260526
6.031017 0.264402
6.052031 0.256547
6.073045 0.266563
6.094059 0.256612
6.115073 0.262569
6.136087 0.265478
6.157101 0.259211
6.178115 0.268573
6.199129 0.258774
6.220143 0.266799
6.241157 0.267508
6.262171 0.262945
6.283185 0.271593
