serial number: JANUSZ_4_RI70_21414864
torque: 8.0
start_temp: 30 (31)
finish_temp: 30 (31)
note: j4_3_4_ri_70
0.000000 nan
0.021014 0.285174
0.042028 0.293802
0.063042 0.291259
0.084056 0.290513
0.105070 0.296527
0.126084 0.287117
0.147098 0.294728
0.168112 0.289398
0.189126 0.288132
0.210140 0.298647
0.231154 0.289501
0.252168 0.296772
0.273182 0.290453
0.294196 0.292412
0.315210 0.298256
0.336224 0.288623
0.357238 0.296656
0.378252 0.289264
0.399266 0.292599
0.420280 0.292621
0.441294 0.287905
0.462308 0.296186
0.483322 0.289071
0.504336 0.292601
0.525350 0.294824
0.546364 0.288529
0.567378 0.291219
0.588392 0.283343
0.609406 0.289354
0.630420 0.291752
0.651434 0.286925
0.672448 0.293895
0.693462 0.286233
0.714476 0.291743
0.735490 0.287406
0.756504 0.283682
0.777518 0.293518
0.798532 0.282792
0.819546 0.285972
0.840560 0.286344
0.861574 0.284123
0.882588 0.291800
0.903602 0.281749
0.924616 0.288198
0.945630 0.284610
0.966644 0.282855
0.987658 0.289146
1.008672 0.279322
1.029686 0.286573
1.050700 0.281357
1.071714 0.281164
1.092728 0.287341
1.113742 0.277207
1.134756 0.285067
1.155770 0.280442
1.176784 0.279568
1.197798 0.283291
1.218812 0.274982
1.239826 0.282755
1.260840 0.276634
1.281854 0.275574
1.302868 0.281083
1.323882 0.271452
1.344896 0.280469
1.365910 0.272412
1.386924 0.274407
1.407938 0.278902
1.428952 0.269747
1.449966 0.279718
1.470980 0.269105
1.491994 0.274502
1.513008 0.276252
1.534022 0.268997
1.555036 0.277343
1.576050 0.269184
1.597064 0.273532
1.618078 0.273965
1.639092 0.267731
1.660106 0.277474
1.681120 0.266729
1.702134 0.272441
1.723148 0.272685
1.744162 0.266350
1.765176 0.275992
1.786190 0.265226
1.807204 0.272039
1.828218 0.271089
1.849232 0.267141
1.870246 0.276220
1.891260 0.268773
1.912274 0.273248
1.933288 0.268615
1.954302 0.268801
1.975316 0.276848
1.996330 0.267019
2.017344 0.271015
2.038358 0.271083
2.059372 0.270603
2.080386 0.277995
2.101400 0.267900
2.122414 0.276034
2.143428 0.270878
2.164442 0.271223
2.185456 0.278197
2.206470 0.268502
2.227484 0.276772
2.248498 0.271676
2.269512 0.273882
2.290526 0.278639
2.311540 0.270627
2.332554 0.279985
2.353568 0.272477
2.374582 0.275582
2.395596 0.281842
2.416610 0.273557
2.437624 0.281917
2.458638 0.275424
2.479652 0.279238
2.500666 0.282672
2.521680 0.275830
2.542694 0.283477
2.563708 0.274713
2.584722 0.279712
2.605736 0.282718
2.626750 0.276372
2.647764 0.285717
2.668778 0.277151
2.689792 0.282847
2.710806 0.280332
2.731820 0.276670
2.752834 0.286772
2.773848 0.275843
2.794862 0.282904
2.815876 0.283800
2.836890 0.278081
2.857904 0.284118
2.878918 0.275323
2.899932 0.281866
2.920946 0.279011
2.941960 0.275757
2.962974 0.283312
2.983988 0.272304
3.005002 0.276090
3.026016 0.274928
3.047030 0.273977
3.068044 0.279368
3.089058 0.270448
3.110072 0.275952
3.131086 0.271150
3.152100 0.272950
3.173114 0.277287
3.194128 0.267430
3.215142 0.273866
3.236156 0.267792
3.257170 0.268687
3.278184 0.273452
3.299198 0.266670
3.320212 0.272713
3.341226 0.264871
3.362240 0.269094
3.383254 0.270926
3.404268 0.264582
3.425282 0.271178
3.446296 0.262220
3.467310 0.267707
3.488324 0.268109
3.509338 0.263302
3.530352 0.269631
3.551366 0.259801
3.572380 0.265801
3.593394 0.264917
3.614408 0.259257
3.635422 0.265852
3.656436 0.255669
3.677450 0.264588
3.698464 0.261712
3.719478 0.260253
3.740492 0.264519
3.761506 0.255891
3.782520 0.263811
3.803534 0.259134
3.824548 0.257989
3.845562 0.263836
3.866576 0.253985
3.887590 0.265553
3.908604 0.257964
3.929618 0.257418
3.950632 0.262141
3.971646 0.253898
3.992660 0.263266
4.013674 0.255434
4.034688 0.258747
4.055702 0.260527
4.076716 0.253246
4.097730 0.262965
4.118744 0.253596
4.139758 0.257236
4.160772 0.259788
4.181786 0.251651
4.202800 0.261501
4.223814 0.252598
4.244828 0.258586
4.265842 0.260393
4.286856 0.252916
4.307870 0.262933
4.328884 0.252542
4.349898 0.259432
4.370912 0.261493
4.391926 0.257496
4.412940 0.262659
4.433954 0.252448
4.454968 0.260022
4.475982 0.258763
4.496996 0.254036
4.518010 0.262718
4.539023 0.252939
4.560037 0.260652
4.581051 0.257830
4.602065 0.256909
4.623079 0.266761
4.644093 0.254405
4.665107 0.263815
4.686121 0.259104
4.707135 0.259123
4.728149 0.267003
4.749163 0.256019
4.770177 0.268489
4.791191 0.260784
4.812205 0.263109
4.833219 0.267373
4.854233 0.257023
4.875247 0.267195
4.896261 0.259808
4.917275 0.263815
4.938289 0.268833
4.959303 0.259155
4.980317 0.269297
5.001331 0.261661
5.022345 0.265407
5.043359 0.268839
5.064373 0.262239
5.085387 0.275092
5.106401 0.262753
5.127415 0.268414
5.148429 0.269474
5.169443 0.263884
5.190457 0.272087
5.211471 0.266739
5.232485 0.271791
5.253499 0.271857
5.274513 0.268104
5.295527 0.276003
5.316541 0.265899
5.337555 0.274492
5.358569 0.273831
5.379583 0.269166
5.400597 0.279186
5.421611 0.268345
5.442625 0.276610
5.463639 0.274317
5.484653 0.272083
5.505667 0.281217
5.526681 0.269273
5.547695 0.277091
5.568709 0.274459
5.589723 0.274034
5.610737 0.279861
5.631751 0.268952
5.652765 0.280366
5.673779 0.276672
5.694793 0.277891
5.715807 0.284464
5.736821 0.275449
5.757835 0.285380
5.778849 0.276903
5.799863 0.280364
5.820877 0.285450
5.841891 0.275343
5.862905 0.285887
5.883919 0.277871
5.904933 0.283412
5.925947 0.286912
5.946961 0.279687
5.967975 0.288123
5.988989 0.279736
6.010003 0.286316
6.031017 0.289592
6.052031 0.282879
6.073045 0.288674
6.094059 0.279906
6.115073 0.289250
6.136087 0.288003
6.157101 0.285973
6.178115 0.293078
6.199129 0.283897
6.220143 0.291217
6.241157 0.289322
6.262171 0.287403
6.283185 0.293824
