serial number: JANUSZ_4_RI70_21414864
torque: 8.0
start_temp: 30 (34)
finish_temp: 30 (32)
note: j4_pcb_3_4
0.000000 nan
0.021014 0.229522
0.042028 0.239311
0.063042 0.237281
0.084056 0.231683
0.105070 0.243783
0.126084 0.230718
0.147098 0.240910
0.168112 0.237156
0.189126 0.233576
0.210140 0.242884
0.231154 0.230422
0.252168 0.242398
0.273182 0.236476
0.294196 0.234690
0.315210 0.244179
0.336224 0.230136
0.357238 0.242397
0.378252 0.235964
0.399266 0.235106
0.420280 0.242686
0.441294 0.229670
0.462308 0.241013
0.483322 0.232020
0.504336 0.234521
0.525350 0.240603
0.546364 0.227284
0.567378 0.239708
0.588392 0.230513
0.609406 0.235426
0.630420 0.237324
0.651434 0.226547
0.672448 0.239835
0.693462 0.227265
0.714476 0.234427
0.735490 0.236244
0.756504 0.226899
0.777518 0.237920
0.798532 0.225567
0.819546 0.233598
0.840560 0.233829
0.861574 0.226375
0.882588 0.236764
0.903602 0.223424
0.924616 0.232829
0.945630 0.231470
0.966644 0.224904
0.987658 0.235981
1.008672 0.221712
1.029686 0.232049
1.050700 0.227473
1.071714 0.224013
1.092728 0.231684
1.113742 0.219558
1.134756 0.230402
1.155770 0.224667
1.176784 0.222792
1.197798 0.230162
1.218812 0.217455
1.239826 0.226985
1.260840 0.221570
1.281854 0.221216
1.302868 0.228437
1.323882 0.216472
1.344896 0.227504
1.365910 0.219639
1.386924 0.221068
1.407938 0.228957
1.428952 0.215893
1.449966 0.227250
1.470980 0.216687
1.491994 0.219602
1.513008 0.224212
1.534022 0.213307
1.555036 0.225621
1.576050 0.214223
1.597064 0.219729
1.618078 0.223030
1.639092 0.212960
1.660106 0.224689
1.681120 0.212708
1.702134 0.219382
1.723148 0.222127
1.744162 0.213532
1.765176 0.225410
1.786190 0.213670
1.807204 0.220403
1.828218 0.220785
1.849232 0.213085
1.870246 0.224974
1.891260 0.211465
1.912274 0.221073
1.933288 0.220349
1.954302 0.214701
1.975316 0.227264
1.996330 0.213292
2.017344 0.224104
2.038358 0.220466
2.059372 0.216217
2.080386 0.227591
2.101400 0.214384
2.122414 0.224929
2.143428 0.220382
2.164442 0.218163
2.185456 0.229651
2.206470 0.216422
2.227484 0.227084
2.248498 0.221305
2.269512 0.220836
2.290526 0.231030
2.311540 0.217860
2.332554 0.230293
2.353568 0.224451
2.374582 0.224772
2.395596 0.233733
2.416610 0.220356
2.437624 0.232025
2.458638 0.222112
2.479652 0.224100
2.500666 0.232276
2.521680 0.219902
2.542694 0.231791
2.563708 0.221708
2.584722 0.226254
2.605736 0.231793
2.626750 0.218029
2.647764 0.229443
2.668778 0.218255
2.689792 0.225069
2.710806 0.228942
2.731820 0.217526
2.752834 0.229010
2.773848 0.217348
2.794862 0.224258
2.815876 0.226340
2.836890 0.217472
2.857904 0.229358
2.878918 0.214593
2.899932 0.223838
2.920946 0.222199
2.941960 0.216443
2.962974 0.226973
2.983988 0.211344
3.005002 0.222216
3.026016 0.219580
3.047030 0.215401
3.068044 0.225188
3.089058 0.210534
3.110072 0.221079
3.131086 0.215878
3.152100 0.213388
3.173114 0.222209
3.194128 0.208160
3.215142 0.218583
3.236156 0.211796
3.257170 0.212551
3.278184 0.220473
3.299198 0.206483
3.320212 0.217281
3.341226 0.208631
3.362240 0.211365
3.383254 0.217976
3.404268 0.205803
3.425282 0.218251
3.446296 0.206655
3.467310 0.211018
3.488324 0.214803
3.509338 0.203796
3.530352 0.215070
3.551366 0.203731
3.572380 0.209810
3.593394 0.210745
3.614408 0.202742
3.635422 0.213981
3.656436 0.201406
3.677450 0.209235
3.698464 0.209299
3.719478 0.202359
3.740492 0.213088
3.761506 0.200414
3.782520 0.211251
3.803534 0.206307
3.824548 0.201435
3.845562 0.212348
3.866576 0.197425
3.887590 0.209998
3.908604 0.203574
3.929618 0.200998
3.950632 0.210929
3.971646 0.197184
3.992660 0.211176
4.013674 0.202126
4.034688 0.201984
4.055702 0.210028
4.076716 0.196235
4.097730 0.210853
4.118744 0.202418
4.139758 0.203638
4.160772 0.209999
4.181786 0.198165
4.202800 0.213361
4.223814 0.202418
4.244828 0.204585
4.265842 0.209830
4.286856 0.198043
4.307870 0.212980
4.328884 0.200222
4.349898 0.206600
4.370912 0.208521
4.391926 0.198184
4.412940 0.213471
4.433954 0.200124
4.454968 0.208658
4.475982 0.207998
4.496996 0.198878
4.518010 0.214504
4.539023 0.201130
4.560037 0.212245
4.581051 0.210401
4.602065 0.203075
4.623079 0.216680
4.644093 0.201145
4.665107 0.212605
4.686121 0.208241
4.707135 0.203673
4.728149 0.217003
4.749163 0.202515
4.770177 0.217011
4.791191 0.209969
4.812205 0.207825
4.833219 0.218997
4.854233 0.203566
4.875247 0.218472
4.896261 0.210135
4.917275 0.210973
4.938289 0.218709
4.959303 0.204623
4.980317 0.219899
5.001331 0.210681
5.022345 0.213887
5.043359 0.221355
5.064373 0.207827
5.085387 0.221622
5.106401 0.212000
5.127415 0.216944
5.148429 0.222495
5.169443 0.211333
5.190457 0.224479
5.211471 0.212271
5.232485 0.219976
5.253499 0.223031
5.274513 0.213286
5.295527 0.226741
5.316541 0.211877
5.337555 0.221425
5.358569 0.222859
5.379583 0.217047
5.400597 0.229095
5.421611 0.213287
5.442625 0.224232
5.463639 0.222183
5.484653 0.217520
5.505667 0.230851
5.526681 0.214672
5.547695 0.226494
5.568709 0.222912
5.589723 0.219797
5.610737 0.232440
5.631751 0.217630
5.652765 0.229163
5.673779 0.221337
5.694793 0.222907
5.715807 0.233628
5.736821 0.219183
5.757835 0.232055
5.778849 0.222705
5.799863 0.225617
5.820877 0.234712
5.841891 0.221938
5.862905 0.234485
5.883919 0.224100
5.904933 0.228159
5.925947 0.235625
5.946961 0.224138
5.967975 0.236630
5.988989 0.226664
6.010003 0.232442
6.031017 0.237155
6.052031 0.226434
6.073045 0.239022
6.094059 0.226949
6.115073 0.233764
6.136087 0.237619
6.157101 0.228196
6.178115 0.240614
6.199129 0.227868
6.220143 0.236892
6.241157 0.237892
6.262171 0.229565
6.283185 0.244018
