serial number: RI70_21209061_PCB_d16
torque: 7
start_temp: 25 (25)
finish_temp: 25 (26)
note: montaz na obrotach_test pcb_ref
0.000000 0.859278 24.956836 15586.361582
0.020010 0.854555 24.957647 15638.311765
0.040020 0.858336 24.924372 15692.016393
0.060030 0.856907 24.931461 15745.550562
0.080041 0.854260 24.947765 15796.676471
0.100051 0.859735 24.934943 15847.649425
0.120061 0.854432 24.928939 15900.418994
0.140071 0.856441 24.938531 15953.966102
0.160081 0.856822 24.951111 16006.029240
0.180091 0.852600 24.948864 16055.448864
0.200101 0.857490 24.936686 16107.445714
0.220112 0.854093 24.953793 16159.482759
0.240122 0.853628 24.960442 16211.585635
0.260132 0.856323 24.956552 16265.080460
0.280142 0.851548 24.933182 16316.812500
0.300152 0.855722 24.922543 13242.196532
0.320162 0.853257 24.940879 37.829670
0.340172 0.850958 24.940117 88.046784
0.360183 0.855731 24.939556 140.627778
0.380193 0.850437 24.943371 195.011236
0.400203 0.852031 24.932948 245.612717
0.420213 0.851808 24.931364 300.931818
0.440223 0.847211 24.949885 350.821839
0.460233 0.853499 24.951214 401.341040
0.480243 0.848628 24.939227 457.430939
0.500254 0.848613 24.939435 508.000000
0.520264 0.850879 24.941591 563.738636
0.540274 0.845038 24.953073 617.469274
0.560284 0.849652 24.964186 666.720930
0.580294 0.847512 24.970652 725.380435
0.600304 0.843335 24.944327 776.567251
0.620314 0.848861 24.930387 831.060773
0.640325 0.843218 24.933333 889.438889
0.660335 0.845427 24.930115 939.770115
0.680345 0.844816 24.927556 997.838889
0.700355 0.841205 24.948603 1052.513966
0.720365 0.844735 24.952626 1105.893855
0.740375 0.840850 24.951395 1164.081395
0.760385 0.840719 24.951351 1215.183784
0.780396 0.841583 24.948249 1271.768362
0.800406 0.838033 24.942346 1327.324022
0.820416 0.842020 24.938202 1378.865169
0.840426 0.838780 24.938876 1436.061798
0.860436 0.836255 24.932667 1489.250000
0.880446 0.840013 24.933923 1544.132597
0.900456 0.836045 24.944545 1600.437500
0.920467 0.837475 24.951111 1653.638889
0.940477 0.837658 24.945169 1709.707865
0.960487 0.833145 24.933039 1765.303867
0.980497 0.838120 24.926591 1819.994318
1.000507 0.834086 24.945635 1876.370166
1.020517 0.834514 24.949783 1932.913043
1.040528 0.834910 24.941818 1989.392045
1.060538 0.832120 24.938242 2046.423077
1.080548 0.836029 24.911160 2103.220994
1.100558 0.833122 24.927500 2160.460227
1.120568 0.831669 24.949451 2217.362637
1.140578 0.835977 24.940659 2275.576923
1.160588 0.832190 24.926222 2334.505556
1.180599 0.833291 24.929724 2393.243094
1.200609 0.834496 24.933258 2452.460674
1.220619 0.831687 24.946154 2514.203297
1.240629 0.835519 24.943182 2574.698864
1.260639 0.832648 24.938876 2635.466292
1.280649 0.832885 24.944088 2697.729282
1.300659 0.834980 24.939778 2760.983333
1.320670 0.833222 24.960652 2825.711957
1.340680 0.836099 24.958889 2889.750000
1.360690 0.833858 24.943146 2952.724719
1.380700 0.833453 24.936983 3015.927374
1.400710 0.837572 24.937459 3078.767956
1.420720 0.834376 24.938324 3140.329609
1.440730 0.836862 24.937654 3200.703911
1.460741 0.836889 24.944222 3259.383333
1.480751 0.836348 24.956180 3316.859551
1.500761 0.840310 24.954091 3372.761364
1.520771 0.839118 24.954652 3427.433155
1.540781 0.838495 24.940828 3480.313609
1.560791 0.841046 24.922034 3530.067797
1.580801 0.838497 24.914190 3579.759777
1.600812 0.843645 24.918261 3628.657609
1.620822 0.842924 24.914157 3675.679775
1.640832 0.843222 24.918889 3720.677778
1.660842 0.846224 24.912402 3764.564246
1.680852 0.843177 24.933176 3806.852941
1.700862 0.847121 24.944348 3847.407609
1.720872 0.847570 24.936404 3887.252809
1.740883 0.846568 24.950575 3926.137931
1.760893 0.851208 24.948764 3963.494382
1.780903 0.847897 24.938547 3999.687151
1.800913 0.849544 24.956977 4035.372093
1.820923 0.851417 24.964114 4068.628571
1.840933 0.849450 24.944130 4103.586957
1.860943 0.853833 24.952093 4135.639535
1.880954 0.851943 24.974091 4168.539773
1.900964 0.852657 24.967273 4198.920455
1.920974 0.855576 24.959543 4232.565714
1.940984 0.851975 24.950960 4263.214689
1.960994 0.855635 24.957727 4298.636364
1.981004 0.854533 24.970292 4332.397661
2.001014 0.854007 24.963182 4370.244318
2.021025 0.858290 24.962712 4409.096045
2.041035 0.855663 24.970387 4450.320442
2.061045 0.855991 24.963787 4493.958580
2.081055 0.858357 24.966784 4537.233918
2.101065 0.855744 24.952967 4583.879121
2.121075 0.860578 24.946971 4632.377143
2.141085 0.857511 24.958140 4680.441860
2.161096 0.857068 24.941609 4728.511494
2.181106 0.859972 24.927232 4777.666667
2.201116 0.857738 24.940571 4827.005714
2.221126 0.859429 24.955581 4875.593023
2.241136 0.858129 24.952667 4923.122222
2.261146 0.857670 24.948902 4969.705202
2.281156 0.860615 24.941395 5015.790698
2.301167 0.858874 24.951214 5060.410405
2.321177 0.858979 24.952809 5104.528090
2.341187 0.858826 24.953256 5148.441860
2.361197 0.858731 24.944581 5191.664804
2.381207 0.860676 24.943409 5234.323864
2.401217 0.858524 24.960694 5276.439306
2.421227 0.859523 24.963409 5318.994318
2.441238 0.861004 24.949157 5358.951807
2.461248 0.858550 24.948913 5401.635870
2.481258 0.860561 24.949257 5445.011429
2.501268 0.859742 24.936047 5486.604651
2.521278 0.858487 24.937442 5528.953488
2.541288 0.861678 24.938161 5571.477011
2.561298 0.858612 24.949885 5614.034483
2.581309 0.860007 24.949318 5658.017045
2.601319 0.860420 24.922486 5702.451977
2.621329 0.857947 24.929143 5746.205714
2.641339 0.861549 24.953216 5790.894737
2.661349 0.858192 24.947429 5834.862857
2.681359 0.858212 24.936457 5879.182857
2.701369 0.859816 24.929302 5924.895349
2.721380 0.858182 24.918629 5968.874286
2.741390 0.860350 24.925618 6013.904494
2.761400 0.859050 24.927168 6059.023121
2.781410 0.857441 24.919096 6104.265537
2.801420 0.861843 24.933254 6149.224852
2.821430 0.857609 24.954545 6194.215909
2.841440 0.859490 24.950000 6240.988372
2.861451 0.860075 24.960000 6288.105556
2.881461 0.858302 24.959294 6336.023529
2.901471 0.860726 24.943636 6384.926136
2.921481 0.859442 24.950520 6434.404624
2.941491 0.860147 24.956222 6485.583333
2.961501 0.861033 24.959070 6537.534884
2.981511 0.859065 24.960899 6589.123596
3.001522 0.862913 24.952281 6642.257310
3.021532 0.859745 24.941029 6695.022857
3.041542 0.859222 24.947273 6749.005682
3.061552 0.863088 24.952047 6804.093567
3.081562 0.859136 24.934335 6858.190751
3.101572 0.861716 24.927374 6914.921788
3.121583 0.861169 24.931034 6972.425287
3.141593 0.631959 24.878857 7025.342857
3.161603 0.767913 24.909533 7087.406542
3.181613 0.786440 24.935714 7147.795918
3.201623 0.807576 24.916667 7207.857843
3.221633 0.814506 24.898031 7269.300518
3.241643 0.819237 24.922626 7330.833333
3.261654 0.827571 24.924656 7393.671958
3.281664 0.830109 24.930928 7456.840206
3.301674 0.831181 24.930761 7521.873096
3.321684 0.836848 24.935238 7587.476190
3.341694 0.836088 24.947835 7652.056701
3.361704 0.840959 24.939048 7718.031746
3.381714 0.840269 24.929634 7786.125654
3.401725 0.842271 24.942857 7854.640212
3.421735 0.845593 24.936042 7922.369792
3.441745 0.844719 24.930777 7991.336788
3.461755 0.845318 24.944358 8060.134078
3.481765 0.848315 24.948808 8128.968912
3.501775 0.845673 24.934973 8199.181818
3.521785 0.848655 24.942737 8270.073684
3.541796 0.847994 24.924330 8341.865979
3.561806 0.848809 24.908757 8413.437838
3.581816 0.851116 24.934066 8484.714286
3.601826 0.848458 24.942979 8554.053191
3.621836 0.852086 24.931399 8625.984456
3.641846 0.850658 24.920423 8698.317460
3.661856 0.850821 24.931148 8767.448087
3.681867 0.855043 24.930851 8836.441489
3.701877 0.850267 24.937849 8906.333333
3.721887 0.853683 24.945208 8977.468750
3.741897 0.853539 24.945027 9047.112299
3.761907 0.851785 24.939149 9116.351064
3.781917 0.855499 24.930000 9185.585106
3.801927 0.852509 24.919140 9253.284946
3.821938 0.853990 24.921257 9321.497382
3.841948 0.855749 24.924681 9389.340426
3.861958 0.852657 24.916703 9455.824176
3.881968 0.854010 24.920860 9521.618280
3.901978 0.852935 24.947708 9587.880208
3.921988 0.852653 24.950753 9652.698925
3.941998 0.855984 24.929514 9716.929730
3.962009 0.851943 24.944536 9781.113402
3.982019 0.854279 24.943135 9844.843243
4.002029 0.853307 24.951915 9906.250000
4.022039 0.851532 24.950588 9967.422460
4.042049 0.855442 24.922963 10027.730159
4.062059 0.851072 24.907937 10088.105820
4.082069 0.852770 24.928298 10146.510638
4.102080 0.853489 24.931459 10204.297297
4.122090 0.851594 24.929730 10262.151351
4.142100 0.853819 24.928247 10318.422680
4.162110 0.851231 24.920432 10375.481081
4.182120 0.851168 24.923386 10430.354497
4.202130 0.854246 24.921297 10484.621622
4.222140 0.850268 24.927368 10539.589474
4.242151 0.852171 24.945231 10593.876923
4.262161 0.851523 24.949663 10646.264045
4.282171 0.848395 24.930638 10697.707447
4.302181 0.853274 24.935699 10750.295699
4.322191 0.849498 24.947644 10802.607330
4.342201 0.850371 24.932842 10854.252632
4.362211 0.851673 24.928087 10906.043716
4.382222 0.848408 24.946321 10956.471503
4.402232 0.851532 24.932421 11006.731579
4.422242 0.848833 24.928556 11056.475936
4.442252 0.847334 24.945241 11103.572193
4.462262 0.852145 24.932688 11151.709677
4.482272 0.847255 24.925926 11198.407407
4.502282 0.850646 24.944127 11244.037037
4.522293 0.848842 24.931728 11291.214660
4.542303 0.847901 24.920847 11334.962963
4.562313 0.850853 24.931875 11381.432292
4.582323 0.846425 24.930000 11424.877660
4.602333 0.849010 24.931250 11469.197917
4.622343 0.849888 24.936216 11514.654054
4.642353 0.845762 24.937382 11555.900524
4.662364 0.851032 24.927568 11601.497297
4.682374 0.846912 24.912086 11646.449198
4.702384 0.846372 24.931277 11690.250000
4.722394 0.850194 24.947853 11738.858639
4.742404 0.844651 24.935652 11784.239130
4.762414 0.848952 24.922917 11832.635417
4.782424 0.848114 24.903246 11885.041885
4.802435 0.844648 24.927196 11933.724868
4.822445 0.851151 24.939787 11987.867021
4.842455 0.845471 24.938763 12040.118557
4.862465 0.847831 24.932967 12093.269231
4.882475 0.847501 24.933545 12150.317460
4.902485 0.846466 24.929326 12202.777202
4.922495 0.850656 24.924835 12259.829670
4.942506 0.846811 24.932165 12315.788660
4.962516 0.847644 24.923617 12369.984043
4.982526 0.850326 24.940426 12428.840426
5.002536 0.846551 24.956458 12481.359375
5.022546 0.850247 24.944421 12537.036842
5.042556 0.848547 24.938182 12592.000000
5.062567 0.846936 24.933968 12641.396825
5.082577 0.852416 24.934105 12696.921053
5.102587 0.846746 24.920444 12746.238889
5.122597 0.848878 24.935833 12796.375000
5.142607 0.850854 24.945895 12851.168421
5.162617 0.847144 24.930794 12897.312169
5.182627 0.852576 24.914439 12948.716578
5.202638 0.848403 24.900638 12996.978723
5.222648 0.849002 24.929574 13042.675532
5.242658 0.852704 24.924842 13092.168421
5.262668 0.848319 24.927447 13135.707447
5.282678 0.849606 24.936949 13181.706215
5.302688 0.848407 24.937079 13227.365169
5.322698 0.845870 24.922022 13269.595506
5.342709 0.851884 24.922069 13315.304598
5.362719 0.846466 24.940000 13356.323864
5.382729 0.850235 24.939333 13400.183333
5.402739 0.850418 24.938079 13446.271186
5.422749 0.846838 24.938743 13487.005714
5.442759 0.852826 24.935819 13531.864407
5.462769 0.847977 24.948506 13575.614943
5.482780 0.847944 24.956854 13618.370787
5.502790 0.853386 24.947039 13664.189944
5.522800 0.847072 24.940585 13707.228070
5.542810 0.852387 24.924130 13753.673913
5.562820 0.850531 24.911543 13799.251429
5.582830 0.848518 24.949133 13843.705202
5.602840 0.854408 24.973182 13890.664773
5.622851 0.849787 24.962938 13935.909605
5.642861 0.851976 24.949379 13983.864407
5.662871 0.853477 24.940546 14032.333333
5.682881 0.849283 24.926118 14078.729412
5.702891 0.855332 24.929070 14126.302326
5.722901 0.850745 24.925083 14173.513812
5.742911 0.851101 24.925549 14222.202312
5.762922 0.856123 24.936271 14270.734463
5.782932 0.850204 24.945116 14318.069767
5.802942 0.855609 24.932155 14368.685083
5.822952 0.853820 24.899888 14418.044693
5.842962 0.851548 24.903860 14467.152047
5.862972 0.858103 24.915706 14516.920904
5.882982 0.852464 24.917978 14565.707865
5.902993 0.854890 24.938225 14616.431953
5.923003 0.855806 24.954483 14665.356322
5.943013 0.853016 24.949130 14716.315217
5.963023 0.859027 24.944884 14767.750000
5.983033 0.853633 24.933409 14816.488636
6.003043 0.854346 24.939886 14868.428571
6.023053 0.858513 24.946592 14919.435754
6.043064 0.854025 24.949425 14970.321839
6.063074 0.858828 24.932326 15021.470930
6.083084 0.856752 24.924045 15071.078652
6.103094 0.855101 24.941965 15123.445087
6.123104 0.859474 24.945251 15174.061453
6.143114 0.854777 24.958876 15225.505618
6.163124 0.857689 24.952281 15277.918129
6.183135 0.859058 24.928000 15327.360000
6.203145 0.853872 24.917442 15378.877907
6.223155 0.859922 24.929514 15432.156757
6.243165 0.855388 24.929212 15482.139394
6.263175 0.855765 24.936322 15534.304598
