serial number: JANUSZ_3_RI80_21414856
torque: 16.0
start_temp: 30 (32)
finish_temp: 30 (32)
note: joint J3 dodatkowy, pcb 3_3
0.000000 nan
0.021014 0.325472
0.042028 0.321806
0.063042 0.322528
0.084056 0.324569
0.105070 0.318556
0.126084 0.323743
0.147098 0.319589
0.168112 0.320874
0.189126 0.322697
0.210140 0.315928
0.231154 0.321970
0.252168 0.318220
0.273182 0.320668
0.294196 0.322103
0.315210 0.317658
0.336224 0.323491
0.357238 0.318903
0.378252 0.321693
0.399266 0.322043
0.420280 0.318025
0.441294 0.323515
0.462308 0.318852
0.483322 0.322663
0.504336 0.323967
0.525350 0.320217
0.546364 0.324601
0.567378 0.319135
0.588392 0.323185
0.609406 0.323581
0.630420 0.320022
0.651434 0.324707
0.672448 0.319274
0.693462 0.323638
0.714476 0.322484
0.735490 0.318948
0.756504 0.323703
0.777518 0.317952
0.798532 0.323328
0.819546 0.322473
0.840560 0.320481
0.861574 0.324297
0.882588 0.318210
0.903602 0.323792
0.924616 0.322412
0.945630 0.320742
0.966644 0.324729
0.987658 0.319369
1.008672 0.325413
1.029686 0.323744
1.050700 0.323085
1.071714 0.326710
1.092728 0.320777
1.113742 0.326681
1.134756 0.324741
1.155770 0.324152
1.176784 0.326391
1.197798 0.320806
1.218812 0.327394
1.239826 0.325113
1.260840 0.324504
1.281854 0.326229
1.302868 0.320790
1.323882 0.327241
1.344896 0.323969
1.365910 0.324770
1.386924 0.326999
1.407938 0.321856
1.428952 0.328428
1.449966 0.324918
1.470980 0.325979
1.491994 0.327109
1.513008 0.322003
1.534022 0.328319
1.555036 0.324575
1.576050 0.326301
1.597064 0.327550
1.618078 0.323100
1.639092 0.329267
1.660106 0.325055
1.681120 0.325493
1.702134 0.322479
1.723148 0.317767
1.744162 0.323492
1.765176 0.318231
1.786190 0.319741
1.807204 0.318344
1.828218 0.314228
1.849232 0.320227
1.870246 0.315258
1.891260 0.317993
1.912274 0.316792
1.933288 0.312832
1.954302 0.317966
1.975316 0.313165
1.996330 0.317377
2.017344 0.316474
2.038358 0.313685
2.059372 0.318492
2.080386 0.313911
2.101400 0.318269
2.122414 0.316068
2.143428 0.314470
2.164442 0.319388
2.185456 0.314643
2.206470 0.319835
2.227484 0.316787
2.248498 0.315324
2.269512 0.318844
2.290526 0.313390
2.311540 0.318194
2.332554 0.314414
2.353568 0.313555
2.374582 0.316085
2.395596 0.310693
2.416610 0.316588
2.437624 0.312611
2.458638 0.312684
2.479652 0.314737
2.500666 0.310347
2.521680 0.315857
2.542694 0.311601
2.563708 0.312478
2.584722 0.313389
2.605736 0.309572
2.626750 0.315497
2.647764 0.310905
2.668778 0.312160
2.689792 0.312617
2.710806 0.309180
2.731820 0.315036
2.752834 0.309840
2.773848 0.313346
2.794862 0.313945
2.815876 0.311514
2.836890 0.317434
2.857904 0.312018
2.878918 0.316376
2.899932 0.315134
2.920946 0.312292
2.941960 0.316379
2.962974 0.310353
2.983988 0.315101
3.005002 0.312794
3.026016 0.311799
3.047030 0.316177
3.068044 0.310402
3.089058 0.315687
3.110072 0.313029
3.131086 0.313101
3.152100 0.316262
3.173114 0.310667
3.194128 0.316378
3.215142 0.312388
3.236156 0.313380
3.257170 0.315502
3.278184 0.311031
3.299198 0.316979
3.320212 0.312265
3.341226 0.313811
3.362240 0.314374
3.383254 0.310542
3.404268 0.316193
3.425282 0.310487
3.446296 0.313761
3.467310 0.313248
3.488324 0.310048
3.509338 0.315330
3.530352 0.309541
3.551366 0.314137
3.572380 0.314101
3.593394 0.312635
3.614408 0.316726
3.635422 0.310631
3.656436 0.316339
3.677450 0.314905
3.698464 0.315068
3.719478 0.318669
3.740492 0.312469
3.761506 0.318439
3.782520 0.314934
3.803534 0.314990
3.824548 0.317658
3.845562 0.311022
3.866576 0.317367
3.887590 0.313138
3.908604 0.314752
3.929618 0.316545
3.950632 0.310316
3.971646 0.316254
3.992660 0.312295
4.013674 0.314293
4.034688 0.314727
4.055702 0.308996
4.076716 0.314527
4.097730 0.308922
4.118744 0.312001
4.139758 0.312285
4.160772 0.307663
4.181786 0.313590
4.202800 0.308126
4.223814 0.312626
4.244828 0.312168
4.265842 0.308824
4.286856 0.313396
4.307870 0.307872
4.328884 0.313416
4.349898 0.311984
4.370912 0.310108
4.391926 0.313095
4.412940 0.307250
4.433954 0.313918
4.454968 0.312050
4.475982 0.312163
4.496996 0.314816
4.518010 0.309139
4.539023 0.315735
4.560037 0.313140
4.581051 0.314193
4.602065 0.315747
4.623079 0.310993
4.644093 0.317166
4.665107 0.313883
4.686121 0.315220
4.707135 0.315486
4.728149 0.310594
4.749163 0.316211
4.770177 0.312383
4.791191 0.315035
4.812205 0.314433
4.833219 0.309820
4.854233 0.315507
4.875247 0.310888
4.896261 0.314660
4.917275 0.314345
4.938289 0.311332
4.959303 0.316883
4.980317 0.312185
5.001331 0.316935
5.022345 0.314970
5.043359 0.313008
5.064373 0.317324
5.085387 0.312327
5.106401 0.318274
5.127415 0.316129
5.148429 0.314742
5.169443 0.317821
5.190457 0.313030
5.211471 0.319298
5.232485 0.317182
5.253499 0.316621
5.274513 0.319163
5.295527 0.314523
5.316541 0.320646
5.337555 0.317573
5.358569 0.317917
5.379583 0.319976
5.400597 0.315438
5.421611 0.321794
5.442625 0.318468
5.463639 0.320069
5.484653 0.321705
5.505667 0.318067
5.526681 0.324307
5.547695 0.320494
5.568709 0.322109
5.589723 0.322375
5.610737 0.318728
5.631751 0.324275
5.652765 0.319971
5.673779 0.323020
5.694793 0.322750
5.715807 0.319728
5.736821 0.324952
5.757835 0.319884
5.778849 0.322324
5.799863 0.321034
5.820877 0.318420
5.841891 0.323212
5.862905 0.317839
5.883919 0.321168
5.904933 0.319180
5.925947 0.317733
5.946961 0.322440
5.967975 0.317752
5.988989 0.322555
6.010003 0.320694
6.031017 0.320263
6.052031 0.324007
6.073045 0.318308
6.094059 0.323615
6.115073 0.321191
6.136087 0.321369
6.157101 0.325175
6.178115 0.319902
6.199129 0.325310
6.220143 0.322088
6.241157 0.322219
6.262171 0.325188
6.283185 0.320243
