serial number: JANUSZ_3_RI80_21414856
torque: 16.0
start_temp: 30 (34)
finish_temp: 31 (33)
note: zdjety
0.000000 nan
0.021014 0.303501
0.042028 0.307851
0.063042 0.301737
0.084056 0.308282
0.105070 0.304278
0.126084 0.303501
0.147098 0.306981
0.168112 0.301902
0.189126 0.308217
0.210140 0.303439
0.231154 0.304226
0.252168 0.306547
0.273182 0.302239
0.294196 0.308998
0.315210 0.303824
0.336224 0.305513
0.357238 0.307827
0.378252 0.303448
0.399266 0.310811
0.420280 0.305857
0.441294 0.308324
0.462308 0.308539
0.483322 0.304678
0.504336 0.311225
0.525350 0.305295
0.546364 0.309174
0.567378 0.307339
0.588392 0.304655
0.609406 0.310727
0.630420 0.302944
0.651434 0.307808
0.672448 0.307066
0.693462 0.304971
0.714476 0.311901
0.735490 0.303290
0.756504 0.311616
0.777518 0.308118
0.798532 0.307061
0.819546 0.311653
0.840560 0.304748
0.861574 0.311365
0.882588 0.308095
0.903602 0.308439
0.924616 0.311789
0.945630 0.306212
0.966644 0.312116
0.987658 0.306667
1.008672 0.309091
1.029686 0.312030
1.050700 0.307308
1.071714 0.312831
1.092728 0.307208
1.113742 0.310908
1.134756 0.311465
1.155770 0.307202
1.176784 0.314710
1.197798 0.308186
1.218812 0.312019
1.239826 0.312306
1.260840 0.308139
1.281854 0.314102
1.302868 0.306593
1.323882 0.313843
1.344896 0.312164
1.365910 0.311166
1.386924 0.315282
1.407938 0.306832
1.428952 0.312043
1.449966 0.308808
1.470980 0.310384
1.491994 0.313091
1.513008 0.305474
1.534022 0.313053
1.555036 0.308616
1.576050 0.310698
1.597064 0.313093
1.618078 0.306339
1.639092 0.313511
1.660106 0.307589
1.681120 0.309658
1.702134 0.310732
1.723148 0.303250
1.744162 0.310004
1.765176 0.304973
1.786190 0.307264
1.807204 0.308565
1.828218 0.302365
1.849232 0.308294
1.870246 0.300844
1.891260 0.304944
1.912274 0.304916
1.933288 0.299688
1.954302 0.306712
1.975316 0.299349
1.996330 0.304868
2.017344 0.303448
2.038358 0.299941
2.059372 0.305533
2.080386 0.299248
2.101400 0.304898
2.122414 0.302441
2.143428 0.300761
2.164442 0.303631
2.185456 0.296931
2.206470 0.304306
2.227484 0.301370
2.248498 0.300441
2.269512 0.302339
2.290526 0.296254
2.311540 0.303822
2.332554 0.300011
2.353568 0.300225
2.374582 0.301274
2.395596 0.296004
2.416610 0.304042
2.437624 0.300321
2.458638 0.302598
2.479652 0.302679
2.500666 0.296636
2.521680 0.303981
2.542694 0.299243
2.563708 0.303304
2.584722 0.303153
2.605736 0.298587
2.626750 0.304940
2.647764 0.299279
2.668778 0.304571
2.689792 0.303453
2.710806 0.299933
2.731820 0.306585
2.752834 0.300772
2.773848 0.306939
2.794862 0.304259
2.815876 0.302096
2.836890 0.307431
2.857904 0.302179
2.878918 0.308078
2.899932 0.305118
2.920946 0.304628
2.941960 0.307815
2.962974 0.303550
2.983988 0.309693
3.005002 0.306815
3.026016 0.307107
3.047030 0.310055
3.068044 0.304490
3.089058 0.311774
3.110072 0.307635
3.131086 0.308052
3.152100 0.310171
3.173114 0.305609
3.194128 0.313206
3.215142 0.308560
3.236156 0.310173
3.257170 0.311060
3.278184 0.306374
3.299198 0.314081
3.320212 0.308450
3.341226 0.311285
3.362240 0.311708
3.383254 0.307603
3.404268 0.313885
3.425282 0.307985
3.446296 0.312077
3.467310 0.311500
3.488324 0.308542
3.509338 0.314123
3.530352 0.307951
3.551366 0.312462
3.572380 0.311020
3.593394 0.309104
3.614408 0.315321
3.635422 0.309187
3.656436 0.314131
3.677450 0.311146
3.698464 0.309640
3.719478 0.315143
3.740492 0.308597
3.761506 0.314059
3.782520 0.311358
3.803534 0.310397
3.824548 0.315431
3.845562 0.307839
3.866576 0.313571
3.887590 0.309729
3.908604 0.309668
3.929618 0.312915
3.950632 0.306430
3.971646 0.312409
3.992660 0.307543
4.013674 0.308902
4.034688 0.311639
4.055702 0.306091
4.076716 0.314051
4.097730 0.306784
4.118744 0.306929
4.139758 0.309749
4.160772 0.304158
4.181786 0.309694
4.202800 0.304827
4.223814 0.308046
4.244828 0.311011
4.265842 0.305434
4.286856 0.311915
4.307870 0.306459
4.328884 0.309933
4.349898 0.312082
4.370912 0.305831
4.391926 0.312844
4.412940 0.307799
4.433954 0.311014
4.454968 0.311609
4.475982 0.306338
4.496996 0.313005
4.518010 0.307130
4.539023 0.311301
4.560037 0.311757
4.581051 0.307021
4.602065 0.313678
4.623079 0.306883
4.644093 0.312285
4.665107 0.311634
4.686121 0.305519
4.707135 0.312257
4.728149 0.307734
4.749163 0.313658
4.770177 0.312574
4.791191 0.308905
4.812205 0.313473
4.833219 0.307089
4.854233 0.313592
4.875247 0.312342
4.896261 0.309547
4.917275 0.314270
4.938289 0.306601
4.959303 0.312703
4.980317 0.311131
5.001331 0.309053
5.022345 0.314070
5.043359 0.307388
5.064373 0.314224
5.085387 0.311490
5.106401 0.309454
5.127415 0.313754
5.148429 0.307000
5.169443 0.314693
5.190457 0.311097
5.211471 0.310238
5.232485 0.313534
5.253499 0.306823
5.274513 0.314370
5.295527 0.311037
5.316541 0.310585
5.337555 0.313748
5.358569 0.307265
5.379583 0.314989
5.400597 0.311660
5.421611 0.312193
5.442625 0.313853
5.463639 0.308144
5.484653 0.315375
5.505667 0.311401
5.526681 0.312241
5.547695 0.313437
5.568709 0.306655
5.589723 0.313785
5.610737 0.308064
5.631751 0.309575
5.652765 0.310490
5.673779 0.303784
5.694793 0.311401
5.715807 0.306043
5.736821 0.307694
5.757835 0.307333
5.778849 0.302573
5.799863 0.310448
5.820877 0.304983
5.841891 0.308984
5.862905 0.307824
5.883919 0.303476
5.904933 0.311845
5.925947 0.306066
5.946961 0.310448
5.967975 0.309570
5.988989 0.305919
6.010003 0.312568
6.031017 0.308150
6.052031 0.311482
6.073045 0.309908
6.094059 0.306044
6.115073 0.312291
6.136087 0.305637
6.157101 0.310966
6.178115 0.309025
6.199129 0.305778
6.220143 0.310818
6.241157 0.304623
6.262171 0.309857
6.283185 0.305775
