serial number: JANUSZ_3_RI80_21414856
torque: 16
start_temp: 30 (35)
finish_temp: 30 (33)
note: wymieniona przekladnia, poprzednia: 21414841
0.000000 0.280688 30.000000 0.000000
0.020010 0.284787 30.000000 0.000000
0.040020 0.284587 30.000000 0.000000
0.060030 0.278823 30.000000 0.000000
0.080041 0.284539 30.000000 0.000000
0.100051 0.279532 30.000000 0.000000
0.120061 0.281119 30.000000 0.000000
0.140071 0.282680 30.000000 0.000000
0.160081 0.275450 30.000000 0.000000
0.180091 0.282118 30.000000 0.000000
0.200101 0.279680 30.000000 0.000000
0.220112 0.278367 30.000000 0.000000
0.240122 0.281990 30.000000 0.000000
0.260132 0.275095 30.000000 0.000000
0.280142 0.280256 30.000000 0.000000
0.300152 0.279622 30.000000 0.000000
0.320162 0.274599 30.000000 0.000000
0.340172 0.280495 30.000000 0.000000
0.360183 0.275085 30.000000 0.000000
0.380193 0.278686 30.000000 0.000000
0.400203 0.280035 30.000000 0.000000
0.420213 0.274043 30.000000 0.000000
0.440223 0.280985 30.000000 0.000000
0.460233 0.278001 30.000000 0.000000
0.480243 0.278259 30.000000 0.000000
0.500254 0.281377 30.000000 0.000000
0.520264 0.275642 30.000000 0.000000
0.540274 0.282485 30.000000 0.000000
0.560284 0.281368 30.000000 0.000000
0.580294 0.276593 30.000000 0.000000
0.600304 0.280927 30.000000 0.000000
0.620314 0.274904 30.000000 0.000000
0.640325 0.279019 30.000000 0.000000
0.660335 0.279471 30.000000 0.000000
0.680345 0.272962 30.000000 0.000000
0.700355 0.279162 30.000000 0.000000
0.720365 0.275722 30.000000 0.000000
0.740375 0.276128 30.000000 0.000000
0.760385 0.278379 30.000000 0.000000
0.780396 0.272217 30.000000 0.000000
0.800406 0.279630 30.000000 0.000000
0.820416 0.277798 30.000000 0.000000
0.840426 0.272917 30.000000 0.000000
0.860436 0.277118 30.000000 0.000000
0.880446 0.271010 30.000000 0.000000
0.900456 0.276480 30.000000 0.000000
0.920467 0.275183 30.000000 0.000000
0.940477 0.269337 30.000000 0.000000
0.960487 0.276063 30.000000 0.000000
0.980497 0.272864 30.000000 0.000000
1.000507 0.274598 30.000000 0.000000
1.020517 0.275121 30.000000 0.000000
1.040528 0.269573 30.000000 0.000000
1.060538 0.277303 30.000000 0.000000
1.080548 0.275146 30.000000 0.000000
1.100558 0.272355 30.000000 0.000000
1.120568 0.276491 30.000000 0.000000
1.140578 0.271857 30.000000 0.000000
1.160588 0.277355 30.000000 0.000000
1.180599 0.275618 30.000000 0.000000
1.200609 0.271044 30.000000 0.000000
1.220619 0.277248 30.000000 0.000000
1.240629 0.274394 30.000000 0.000000
1.260639 0.276132 30.000000 0.000000
1.280649 0.276976 30.000000 0.000000
1.300659 0.271515 30.000000 0.000000
1.320670 0.279392 30.000000 0.000000
1.340680 0.277289 30.000000 0.000000
1.360690 0.276074 30.000000 0.000000
1.380700 0.280618 30.000000 0.000000
1.400710 0.275873 30.000000 0.000000
1.420720 0.281763 30.000000 0.000000
1.440730 0.279327 30.000000 0.000000
1.460741 0.276231 30.000000 0.000000
1.480751 0.282970 30.000000 0.000000
1.500761 0.278647 30.000000 0.000000
1.520771 0.280773 30.000000 0.000000
1.540781 0.280701 30.000000 0.000000
1.560791 0.276324 30.000000 0.000000
1.580801 0.284101 30.000000 0.000000
1.600812 0.279858 30.000000 0.000000
1.620822 0.278791 30.000000 0.000000
1.640832 0.281507 30.000000 0.000000
1.660842 0.277072 30.000000 0.000000
1.680852 0.283373 30.000000 0.000000
1.700862 0.281349 30.000000 0.000000
1.720872 0.278856 30.000000 0.000000
1.740883 0.284407 30.000000 0.000000
1.760893 0.279790 30.000000 0.000000
1.780903 0.282616 30.000000 0.000000
1.800913 0.283431 30.000000 0.000000
1.820923 0.279563 30.000000 0.000000
1.840933 0.286469 30.000000 0.000000
1.860943 0.282078 30.000000 0.000000
1.880954 0.281792 30.000000 0.000000
1.900964 0.284572 30.000000 0.000000
1.920974 0.279388 30.000000 0.000000
1.940984 0.284074 30.000000 0.000000
1.960994 0.280929 30.000000 0.000000
1.981004 0.278412 30.000000 0.000000
2.001014 0.284370 30.000000 0.000000
2.021025 0.279274 30.000000 0.000000
2.041035 0.282507 30.000000 0.000000
2.061045 0.282091 30.000000 0.000000
2.081055 0.278237 30.000000 0.000000
2.101065 0.284881 30.000000 0.000000
2.121075 0.280896 30.000000 0.000000
2.141085 0.282384 30.000000 0.000000
2.161096 0.285812 30.000000 0.000000
2.181106 0.281026 30.000000 0.000000
2.201116 0.285763 30.000000 0.000000
2.221126 0.282506 30.000000 0.000000
2.241136 0.281189 30.000000 0.000000
2.261146 0.286330 30.000000 0.000000
2.281156 0.280793 30.000000 0.000000
2.301167 0.284689 30.000000 0.000000
2.321177 0.284846 30.000000 0.000000
2.341187 0.281243 30.000000 0.000000
2.361197 0.286912 30.000000 0.000000
2.381207 0.282438 30.000000 0.000000
2.401217 0.283172 30.000000 0.000000
2.421227 0.285672 30.000000 0.000000
2.441238 0.280043 30.000000 0.000000
2.461248 0.284748 30.000000 0.000000
2.481258 0.281141 30.000000 0.000000
2.501268 0.278904 30.000000 0.000000
2.521278 0.283516 30.000000 0.000000
2.541288 0.276769 30.000000 0.000000
2.561298 0.280549 30.000000 0.000000
2.581309 0.280924 30.000000 0.000000
2.601319 0.277351 30.000000 0.000000
2.621329 0.283607 30.000000 0.000000
2.641339 0.279226 30.000000 0.000000
2.661349 0.280723 30.000000 0.000000
2.681359 0.283988 30.000000 0.000000
2.701369 0.278031 30.000000 0.000000
2.721380 0.284186 30.000000 0.000000
2.741390 0.282117 30.000000 0.000000
2.761400 0.280795 30.000000 0.000000
2.781410 0.285338 30.000000 0.000000
2.801420 0.279352 30.000000 0.000000
2.821430 0.283824 30.000000 0.000000
2.841440 0.285341 30.000000 0.000000
2.861451 0.280701 30.000000 0.000000
2.881461 0.286795 30.000000 0.000000
2.901471 0.282896 30.000000 0.000000
2.921481 0.284810 30.000000 0.000000
2.941491 0.288103 30.000000 0.000000
2.961501 0.281750 30.000000 0.000000
2.981511 0.287981 30.000000 0.000000
3.001522 0.286094 30.000000 0.000000
3.021532 0.282997 30.000000 0.000000
3.041542 0.286978 30.000000 0.000000
3.061552 0.280974 30.000000 0.000000
3.081562 0.285473 30.000000 0.000000
3.101572 0.286403 30.000000 0.000000
3.121583 0.280102 30.000000 0.000000
3.141593 0.285819 30.000000 0.000000
3.161603 0.281125 30.000000 0.000000
3.181613 0.282638 30.000000 0.000000
3.201623 0.284937 30.000000 0.000000
3.221633 0.278664 30.000000 0.000000
3.241643 0.284713 30.000000 0.000000
3.261654 0.283110 30.000000 0.000000
3.281664 0.280349 30.000000 0.000000
3.301674 0.285127 30.000000 0.000000
3.321684 0.279830 30.000000 0.000000
3.341694 0.283602 30.000000 0.000000
3.361704 0.284026 30.000000 0.000000
3.381714 0.278659 30.000000 0.000000
3.401725 0.285461 30.000000 0.000000
3.421735 0.283540 30.000000 0.000000
3.441745 0.284265 30.000000 0.000000
3.461755 0.286615 30.000000 0.000000
3.481765 0.280542 30.000000 0.000000
3.501775 0.286789 30.000000 0.000000
3.521785 0.286424 30.000000 0.000000
3.541796 0.282992 30.000000 0.000000
3.561806 0.288895 30.000000 0.000000
3.581816 0.283646 30.000000 0.000000
3.601826 0.287479 30.000000 0.000000
3.621836 0.287542 30.000000 0.000000
3.641846 0.281417 30.000000 0.000000
3.661856 0.288585 30.000000 0.000000
3.681867 0.285498 30.000000 0.000000
3.701877 0.284539 30.000000 0.000000
3.721887 0.287709 30.000000 0.000000
3.741897 0.281796 30.000000 0.000000
3.761907 0.288742 30.000000 0.000000
3.781917 0.286580 30.000000 0.000000
3.801927 0.281793 30.000000 0.000000
3.821938 0.287657 30.000000 0.000000
3.841948 0.283054 30.000000 0.000000
3.861958 0.286431 30.000000 0.000000
3.881968 0.286424 30.000000 0.000000
3.901978 0.281505 30.000000 0.000000
3.921988 0.288351 30.000000 0.000000
3.941998 0.284943 30.000000 0.000000
3.962009 0.282817 30.000000 0.000000
3.982019 0.286570 30.000000 0.000000
4.002029 0.281950 30.000000 0.000000
4.022039 0.288205 30.000000 0.000000
4.042049 0.286037 30.000000 0.000000
4.062059 0.281131 30.000000 0.000000
4.082069 0.287196 30.000000 0.000000
4.102080 0.283110 30.000000 0.000000
4.122090 0.284161 30.000000 0.000000
4.142100 0.283760 30.000000 0.000000
4.162110 0.277636 30.000000 0.000000
4.182120 0.284666 30.000000 0.000000
4.202130 0.281222 30.000000 0.000000
4.222140 0.278974 30.000000 0.000000
4.242151 0.282581 30.000000 0.000000
4.262161 0.277312 30.000000 0.000000
4.282171 0.282911 30.000000 0.000000
4.302181 0.281502 30.000000 0.000000
4.322191 0.277597 30.000000 0.000000
4.342201 0.285168 30.000000 0.000000
4.362211 0.281476 30.000000 0.000000
4.382222 0.282921 30.000000 0.000000
4.402232 0.283834 30.000000 0.000000
4.422242 0.278537 30.000000 0.000000
4.442252 0.285704 30.000000 0.000000
4.462262 0.282188 30.000000 0.000000
4.482272 0.280413 30.000000 0.000000
4.502282 0.285098 30.000000 0.000000
4.522293 0.280327 30.000000 0.000000
4.542303 0.284872 30.000000 0.000000
4.562313 0.282682 30.000000 0.000000
4.582323 0.278750 30.000000 0.000000
4.602333 0.285753 30.000000 0.000000
4.622343 0.281634 30.000000 0.000000
4.642353 0.282113 30.000000 0.000000
4.662364 0.283437 30.000000 0.000000
4.682374 0.277841 30.000000 0.000000
4.702384 0.283780 30.000000 0.000000
4.722394 0.279271 30.000000 0.000000
4.742404 0.276938 30.000000 0.000000
4.762414 0.281913 30.000000 0.000000
4.782424 0.277009 30.000000 0.000000
4.802435 0.281112 30.000000 0.000000
4.822445 0.279649 30.000000 0.000000
4.842455 0.275631 30.000000 0.000000
4.862465 0.282877 30.000000 0.000000
4.882475 0.277804 30.000000 0.000000
4.902485 0.279209 30.000000 0.000000
4.922495 0.280073 30.000000 0.000000
4.942506 0.274903 30.000000 0.000000
4.962516 0.281094 30.000000 0.000000
4.982526 0.276754 30.000000 0.000000
5.002536 0.275074 29.994971 0.000000
5.022546 0.279416 29.999381 0.000000
5.042556 0.274288 30.000000 0.000000
5.062567 0.278501 30.000000 0.000000
5.082577 0.277462 30.000000 0.000000
5.102587 0.274435 30.000000 0.000000
5.122597 0.281223 30.000000 0.000000
5.142607 0.276472 30.000000 0.000000
5.162617 0.278662 30.000000 0.000000
5.182627 0.280048 30.000000 0.000000
5.202638 0.276016 30.000000 0.000000
5.222648 0.282192 30.000000 0.000000
5.242658 0.278510 30.000000 0.000000
5.262668 0.277430 30.000000 0.000000
5.282678 0.282096 30.000000 0.000000
5.302688 0.276548 30.000000 0.000000
5.322698 0.281406 30.000000 0.000000
5.342709 0.279850 30.000000 0.000000
5.362719 0.277314 30.000000 0.000000
5.382729 0.284044 30.000000 0.000000
5.402739 0.278073 30.000000 0.000000
5.422749 0.280966 30.000000 0.000000
5.442759 0.281880 30.000000 0.000000
5.462769 0.277202 30.000000 0.000000
5.482780 0.282423 30.000000 0.000000
5.502790 0.277190 30.000000 0.000000
5.522800 0.277848 30.000000 0.000000
5.542810 0.281332 30.000000 0.000000
5.562820 0.275528 30.000000 0.000000
5.582830 0.280850 30.000000 0.000000
5.602840 0.277752 30.000000 0.000000
5.622851 0.276035 30.000000 0.000000
5.642861 0.281223 30.000000 0.000000
5.662871 0.274944 30.000000 0.000000
5.682881 0.278798 30.000000 0.000000
5.702891 0.278983 30.000000 0.000000
5.722901 0.275322 30.000000 0.000000
5.742911 0.280696 30.000000 0.000000
5.762922 0.275294 30.000000 0.000000
5.782932 0.276835 30.000000 0.000000
5.802942 0.280001 30.000000 0.000000
5.822952 0.274076 30.000000 0.000000
5.842962 0.280219 30.000000 0.000000
5.862972 0.277409 30.000000 0.000000
5.882982 0.277591 30.000000 0.000000
5.902993 0.283108 30.000000 0.000000
5.923003 0.276855 30.000000 0.000000
5.943013 0.282406 30.000000 0.000000
5.963023 0.282265 30.000000 0.000000
5.983033 0.279510 30.000000 0.000000
6.003043 0.285636 30.000000 0.000000
6.023053 0.280351 30.000000 0.000000
6.043064 0.284365 30.000000 0.000000
6.063074 0.285631 30.000000 0.000000
6.083084 0.278970 30.000000 0.000000
6.103094 0.285271 30.000000 0.000000
6.123104 0.280753 30.000000 0.000000
6.143114 0.282372 30.000000 0.000000
6.163124 0.285798 30.000000 0.000000
6.183135 0.279017 30.000000 0.000000
6.203145 0.285542 30.000000 0.000000
6.223155 0.283923 30.000000 0.000000
6.243165 0.281844 30.000000 0.000000
6.263175 0.286587 30.000000 0.000000
