serial number: JANUSZ_3_RI80_21414856
torque: 16.0
start_temp: 30 (35)
finish_temp: 30 (34)
note: zdjety
0.000000 nan
0.021014 0.283712
0.042028 0.288683
0.063042 0.283511
0.084056 0.287252
0.105070 0.284503
0.126084 0.283960
0.147098 0.288441
0.168112 0.282898
0.189126 0.288914
0.210140 0.285927
0.231154 0.284440
0.252168 0.287987
0.273182 0.284292
0.294196 0.290041
0.315210 0.286672
0.336224 0.285483
0.357238 0.287080
0.378252 0.281640
0.399266 0.287699
0.420280 0.283482
0.441294 0.284986
0.462308 0.286924
0.483322 0.281907
0.504336 0.288156
0.525350 0.283578
0.546364 0.286170
0.567378 0.286241
0.588392 0.281643
0.609406 0.286916
0.630420 0.283358
0.651434 0.285809
0.672448 0.286398
0.693462 0.282951
0.714476 0.287500
0.735490 0.281310
0.756504 0.285054
0.777518 0.284318
0.798532 0.282646
0.819546 0.287953
0.840560 0.281919
0.861574 0.286530
0.882588 0.284535
0.903602 0.284480
0.924616 0.288875
0.945630 0.283480
0.966644 0.288799
0.987658 0.286489
1.008672 0.287546
1.029686 0.290527
1.050700 0.285390
1.071714 0.291290
1.092728 0.288154
1.113742 0.288854
1.134756 0.290144
1.155770 0.286198
1.176784 0.291816
1.197798 0.287124
1.218812 0.289495
1.239826 0.290499
1.260840 0.286050
1.281854 0.291579
1.302868 0.286065
1.323882 0.290040
1.344896 0.289567
1.365910 0.285390
1.386924 0.289817
1.407938 0.284088
1.428952 0.289426
1.449966 0.289243
1.470980 0.287095
1.491994 0.290188
1.513008 0.283413
1.534022 0.289238
1.555036 0.287000
1.576050 0.278632
1.597064 0.278513
1.618078 0.272176
1.639092 0.276632
1.660106 0.273133
1.681120 0.275455
1.702134 0.277925
1.723148 0.271328
1.744162 0.278362
1.765176 0.274148
1.786190 0.277263
1.807204 0.278724
1.828218 0.272747
1.849232 0.279264
1.870246 0.274792
1.891260 0.277561
1.912274 0.278177
1.933288 0.272789
1.954302 0.278865
1.975316 0.273859
1.996330 0.278049
2.017344 0.278095
2.038358 0.272958
2.059372 0.277973
2.080386 0.272401
2.101400 0.278182
2.122414 0.277595
2.143428 0.273250
2.164442 0.276633
2.185456 0.270055
2.206470 0.276323
2.227484 0.276848
2.248498 0.273242
2.269512 0.275299
2.290526 0.269718
2.311540 0.276769
2.332554 0.273986
2.353568 0.272929
2.374582 0.275145
2.395596 0.269946
2.416610 0.276451
2.437624 0.274945
2.458638 0.274678
2.479652 0.276635
2.500666 0.270057
2.521680 0.277549
2.542694 0.274313
2.563708 0.277848
2.584722 0.278290
2.605736 0.272229
2.626750 0.279067
2.647764 0.275611
2.668778 0.278879
2.689792 0.279114
2.710806 0.271560
2.731820 0.277844
2.752834 0.274101
2.773848 0.277533
2.794862 0.277488
2.815876 0.273342
2.836890 0.279073
2.857904 0.272793
2.878918 0.278796
2.899932 0.277934
2.920946 0.275005
2.941960 0.278724
2.962974 0.274610
2.983988 0.281082
3.005002 0.280526
3.026016 0.277911
3.047030 0.281140
3.068044 0.275632
3.089058 0.281937
3.110072 0.278356
3.131086 0.278379
3.152100 0.281761
3.173114 0.276537
3.194128 0.283139
3.215142 0.279694
3.236156 0.280838
3.257170 0.282970
3.278184 0.277585
3.299198 0.284179
3.320212 0.280370
3.341226 0.282985
3.362240 0.283921
3.383254 0.279378
3.404268 0.285680
3.425282 0.281613
3.446296 0.283449
3.467310 0.284333
3.488324 0.278909
3.509338 0.285643
3.530352 0.281348
3.551366 0.283589
3.572380 0.284285
3.593394 0.280734
3.614408 0.287140
3.635422 0.281306
3.656436 0.285015
3.677450 0.284515
3.698464 0.280168
3.719478 0.287403
3.740492 0.280173
3.761506 0.285021
3.782520 0.283693
3.803534 0.281030
3.824548 0.284915
3.845562 0.278840
3.866576 0.284564
3.887590 0.283328
3.908604 0.282356
3.929618 0.286427
3.950632 0.280657
3.971646 0.286176
3.992660 0.283365
4.013674 0.283423
4.034688 0.287083
4.055702 0.281374
4.076716 0.286267
4.097730 0.283912
4.118744 0.284361
4.139758 0.289059
4.160772 0.283283
4.181786 0.287923
4.202800 0.284968
4.223814 0.285706
4.244828 0.287810
4.265842 0.277457
4.286856 0.288538
4.307870 0.284990
4.328884 0.286608
4.349898 0.288434
4.370912 0.283228
4.391926 0.288136
4.412940 0.284412
4.433954 0.285244
4.454968 0.286410
4.475982 0.282212
4.496996 0.288410
4.518010 0.283897
4.539023 0.287723
4.560037 0.288177
4.581051 0.283620
4.602065 0.288276
4.623079 0.283413
4.644093 0.287047
4.665107 0.288557
4.686121 0.283745
4.707135 0.288869
4.728149 0.283946
4.749163 0.288262
4.770177 0.288922
4.791191 0.284638
4.812205 0.290317
4.833219 0.284750
4.854233 0.289154
4.875247 0.289015
4.896261 0.284696
4.917275 0.289514
4.938289 0.283407
4.959303 0.288134
4.980317 0.287581
5.001331 0.285050
5.022345 0.289354
5.043359 0.284500
5.064373 0.288946
5.085387 0.288931
5.106401 0.286549
5.127415 0.289528
5.148429 0.284234
5.169443 0.289862
5.190457 0.289636
5.211471 0.286059
5.232485 0.288723
5.253499 0.283618
5.274513 0.289705
5.295527 0.288437
5.316541 0.286763
5.337555 0.289407
5.358569 0.283885
5.379583 0.289616
5.400597 0.287457
5.421611 0.286529
5.442625 0.288576
5.463639 0.283147
5.484653 0.289181
5.505667 0.286476
5.526681 0.286458
5.547695 0.288221
5.568709 0.281765
5.589723 0.289713
5.610737 0.287305
5.631751 0.285452
5.652765 0.289214
5.673779 0.284212
5.694793 0.292280
5.715807 0.288730
5.736821 0.289135
5.757835 0.289412
5.778849 0.284949
5.799863 0.292271
5.820877 0.288965
5.841891 0.289381
5.862905 0.286335
5.883919 0.282203
5.904933 0.290328
5.925947 0.286369
5.946961 0.289434
5.967975 0.289660
5.988989 0.283056
6.010003 0.290221
6.031017 0.285009
6.052031 0.288987
6.073045 0.288336
6.094059 0.283415
6.115073 0.289501
6.136087 0.285273
6.157101 0.287843
6.178115 0.286160
6.199129 0.282970
6.220143 0.288152
6.241157 0.283429
6.262171 0.287602
6.283185 0.285850
