serial number: JANUSZ_3_RI80_21414856
torque: 16.0
start_temp: 31 (32)
finish_temp: 31 (33)
note: joint J3 dodatkowy, pcb 3_3
0.000000 nan
0.021014 0.367018
0.042028 0.362355
0.063042 0.364530
0.084056 0.366537
0.105070 0.362400
0.126084 0.368440
0.147098 0.363849
0.168112 0.366756
0.189126 0.367852
0.210140 0.363170
0.231154 0.369208
0.252168 0.364288
0.273182 0.367782
0.294196 0.368305
0.315210 0.363878
0.336224 0.368885
0.357238 0.362525
0.378252 0.366074
0.399266 0.365971
0.420280 0.362376
0.441294 0.367871
0.462308 0.362327
0.483322 0.366746
0.504336 0.366197
0.525350 0.362872
0.546364 0.367125
0.567378 0.360683
0.588392 0.365145
0.609406 0.363634
0.630420 0.361179
0.651434 0.366421
0.672448 0.360415
0.693462 0.365806
0.714476 0.364795
0.735490 0.362736
0.756504 0.366811
0.777518 0.360935
0.798532 0.366671
0.819546 0.365152
0.840560 0.363834
0.861574 0.367895
0.882588 0.362651
0.903602 0.369355
0.924616 0.367413
0.945630 0.366353
0.966644 0.369459
0.987658 0.363568
1.008672 0.369773
1.029686 0.367135
1.050700 0.366945
1.071714 0.370094
1.092728 0.364634
1.113742 0.371745
1.134756 0.368528
1.155770 0.368628
1.176784 0.370193
1.197798 0.365071
1.218812 0.372169
1.239826 0.368716
1.260840 0.370051
1.281854 0.371934
1.302868 0.366940
1.323882 0.373809
1.344896 0.369342
1.365910 0.370296
1.386924 0.370979
1.407938 0.366222
1.428952 0.372840
1.449966 0.368392
1.470980 0.370122
1.491994 0.370189
1.513008 0.365610
1.534022 0.372361
1.555036 0.368095
1.576050 0.370739
1.597064 0.370264
1.618078 0.365919
1.639092 0.372031
1.660106 0.367459
1.681120 0.371022
1.702134 0.370493
1.723148 0.366439
1.744162 0.372735
1.765176 0.368086
1.786190 0.371885
1.807204 0.370398
1.828218 0.367447
1.849232 0.373167
1.870246 0.368079
1.891260 0.372376
1.912274 0.370395
1.933288 0.367843
1.954302 0.372701
1.975316 0.367509
1.996330 0.371981
2.017344 0.369050
2.038358 0.366614
2.059372 0.370368
2.080386 0.364724
2.101400 0.369234
2.122414 0.365861
2.143428 0.364139
2.164442 0.367771
2.185456 0.362204
2.206470 0.367077
2.227484 0.362834
2.248498 0.361620
2.269512 0.364273
2.290526 0.358881
2.311540 0.364508
2.332554 0.360297
2.353568 0.360620
2.374582 0.362722
2.395596 0.357790
2.416610 0.363529
2.437624 0.358889
2.458638 0.360358
2.479652 0.362329
2.500666 0.358098
2.521680 0.363787
2.542694 0.359400
2.563708 0.362208
2.584722 0.363118
2.605736 0.359440
2.626750 0.364940
2.647764 0.359070
2.668778 0.361798
2.689792 0.361533
2.710806 0.358803
2.731820 0.364394
2.752834 0.358626
2.773848 0.362701
2.794862 0.361296
2.815876 0.358754
2.836890 0.363122
2.857904 0.356545
2.878918 0.360771
2.899932 0.358431
2.920946 0.356950
2.941960 0.360833
2.962974 0.354491
2.983988 0.359492
3.005002 0.356043
3.026016 0.355833
3.047030 0.359859
3.068044 0.354448
3.089058 0.360339
3.110072 0.356351
3.131086 0.357276
3.152100 0.359931
3.173114 0.354572
3.194128 0.361512
3.215142 0.357254
3.236156 0.360193
3.257170 0.362133
3.278184 0.357513
3.299198 0.362607
3.320212 0.357719
3.341226 0.361305
3.362240 0.361593
3.383254 0.358831
3.404268 0.364967
3.425282 0.359769
3.446296 0.364103
3.467310 0.363513
3.488324 0.361439
3.509338 0.365433
3.530352 0.359031
3.551366 0.363995
3.572380 0.361939
3.593394 0.361028
3.614408 0.364667
3.635422 0.358301
3.656436 0.364354
3.677450 0.361359
3.698464 0.361704
3.719478 0.363730
3.740492 0.357195
3.761506 0.363589
3.782520 0.359603
3.803534 0.360893
3.824548 0.362400
3.845562 0.356622
3.866576 0.362675
3.887590 0.357490
3.908604 0.359492
3.929618 0.360244
3.950632 0.355310
3.971646 0.361941
3.992660 0.357317
4.013674 0.361202
4.034688 0.361577
4.055702 0.356994
4.076716 0.362361
4.097730 0.356557
4.118744 0.360697
4.139758 0.359644
4.160772 0.356340
4.181786 0.361346
4.202800 0.355469
4.223814 0.361248
4.244828 0.359899
4.265842 0.357897
4.286856 0.362092
4.307870 0.355938
4.328884 0.361633
4.349898 0.358946
4.370912 0.357966
4.391926 0.360360
4.412940 0.354612
4.433954 0.361059
4.454968 0.358197
4.475982 0.358621
4.496996 0.360119
4.518010 0.354511
4.539023 0.360915
4.560037 0.356920
4.581051 0.358312
4.602065 0.358800
4.623079 0.353974
4.644093 0.360557
4.665107 0.356085
4.686121 0.358792
4.707135 0.358526
4.728149 0.354446
4.749163 0.360681
4.770177 0.356691
4.791191 0.360704
4.812205 0.360053
4.833219 0.357361
4.854233 0.363437
4.875247 0.358732
4.896261 0.363417
4.917275 0.361386
4.938289 0.358785
4.959303 0.362940
4.980317 0.357630
5.001331 0.363127
5.022345 0.360632
5.043359 0.359138
5.064373 0.363051
5.085387 0.358429
5.106401 0.365234
5.127415 0.362352
5.148429 0.362146
5.169443 0.365004
5.190457 0.360026
5.211471 0.366257
5.232485 0.362191
5.253499 0.362601
5.274513 0.364857
5.295527 0.360388
5.316541 0.366792
5.337555 0.362763
5.358569 0.363848
5.379583 0.364628
5.400597 0.360640
5.421611 0.367053
5.442625 0.362699
5.463639 0.365254
5.484653 0.366069
5.505667 0.362826
5.526681 0.369393
5.547695 0.364792
5.568709 0.367707
5.589723 0.367340
5.610737 0.364794
5.631751 0.371002
5.652765 0.366231
5.673779 0.370038
5.694793 0.368988
5.715807 0.366697
5.736821 0.371991
5.757835 0.366517
5.778849 0.370808
5.799863 0.368486
5.820877 0.366991
5.841891 0.372230
5.862905 0.366600
5.883919 0.371660
5.904933 0.368927
5.925947 0.367995
5.946961 0.371390
5.967975 0.365112
5.988989 0.369869
6.010003 0.366629
6.031017 0.366046
6.052031 0.368600
6.073045 0.362570
6.094059 0.367753
6.115073 0.363977
6.136087 0.365182
6.157101 0.368110
6.178115 0.362352
6.199129 0.367830
6.220143 0.363605
6.241157 0.364648
6.262171 0.366819
6.283185 0.361222
