serial number: RI70_21217414
torque: 12
start_temp: 21 (21)
finish_temp: 21 (21)
note: asdfasdf
0.000000 0.159082 21.000000 7714.388298
0.020010 0.142378 21.000000 7806.804651
0.040020 0.155504 21.000000 7902.427083
0.060030 0.152367 21.000000 7977.964646
0.080041 0.139752 21.000000 8078.274419
0.100051 0.159642 21.000000 8169.205405
0.120061 0.146844 21.000000 8255.473430
0.140071 0.153439 21.000000 8358.585492
0.160081 0.160489 21.000000 8441.625668
0.180091 0.141366 21.000000 8537.605634
0.200101 0.161919 21.000000 8641.292553
0.220112 0.152351 21.000000 8720.383838
0.240122 0.147159 21.000000 8821.049505
0.260132 0.153455 21.000000 8912.333333
0.280142 0.140521 21.000000 8997.719626
0.300152 0.156308 21.000000 9100.677083
0.320162 0.154871 21.000000 9176.984615
0.340172 0.141583 21.000000 9268.033493
0.360183 0.158155 21.000000 9364.411458
0.380193 0.146206 21.000000 9436.186275
0.400203 0.152025 21.000000 9530.515000
0.420213 0.154902 21.000000 9607.279793
0.440223 0.139209 21.000000 9682.887850
0.460233 0.147819 21.000000 9774.892157
0.480243 0.143520 21.000000 9833.628571
0.500254 0.143453 21.000000 9913.779904
0.520264 0.151320 21.000000 9988.495000
0.540274 0.138935 21.000000 10047.616822
0.560284 0.152604 21.000000 10128.258883
0.580294 0.152338 21.000000 10182.147959
0.600304 0.140108 21.000000 10246.906977
0.620314 0.153591 21.000000 10320.577320
0.640325 0.142215 20.995238 10365.857143
0.660335 0.149850 21.000000 10435.059406
0.680345 0.153796 21.000000 10489.353846
0.700355 0.137174 21.000000 10540.963470
0.720365 0.154405 21.000000 10609.196891
0.740375 0.145858 21.000000 10648.082126
0.760385 0.145180 21.000000 10705.671569
0.780396 0.156770 21.000000 10759.958333
0.800406 0.138469 21.000000 10801.009174
0.820416 0.151073 21.000000 10861.507538
0.840426 0.149155 21.000000 10897.378109
0.860436 0.137747 21.000000 10943.986175
0.880446 0.150347 21.000000 10997.391089
0.900456 0.138372 21.000000 11029.046512
0.920467 0.147483 20.994627 11080.208955
0.940477 0.154540 20.995306 11118.704082
0.960487 0.136250 21.000000 11155.954545
0.980497 0.149461 21.000000 11206.955446
1.000507 0.139843 21.000000 11234.708333
1.020517 0.142760 21.000000 11279.310680
1.040528 0.155552 21.000000 11318.512953
1.060538 0.135858 21.000000 11348.475113
1.080548 0.148480 21.000000 11394.238806
1.100558 0.146450 21.000000 11419.980769
1.120568 0.134756 21.000000 11457.509091
1.140578 0.148835 21.000000 11495.660099
1.160588 0.135057 21.000000 11522.540541
1.180599 0.147631 20.996667 11562.446078
1.200609 0.151597 20.998384 11591.106061
1.220619 0.133410 21.000000 11621.210762
1.240629 0.148739 21.000000 11659.916667
1.260639 0.139541 21.000000 11682.324074
1.280649 0.142502 21.000000 11719.536232
1.300659 0.149685 21.000000 11747.864322
1.320670 0.132273 21.000000 11776.185022
1.340680 0.146543 21.000000 11814.105769
1.360690 0.142513 21.000000 11838.657143
1.380700 0.133500 21.000000 11875.171171
1.400710 0.146201 21.000000 11909.443350
1.420720 0.132351 21.000000 11940.493450
1.440730 0.144029 21.000000 11984.278846
1.460741 0.146860 21.000000 12015.125604
1.480751 0.128572 21.000000 12056.038961
1.500761 0.148938 21.000000 12096.155779
1.520771 0.138278 21.000000 12130.294118
1.540781 0.139666 21.000000 12175.140187
1.560791 0.144957 21.000000 12207.378641
1.580801 0.125222 21.000000 12247.210970
1.600812 0.139802 21.000000 12287.297674
1.620822 0.137212 21.000000 12317.654545
1.640832 0.125717 21.000000 12357.020725
1.660842 0.146631 21.000000 12389.985185
1.680852 0.127157 21.000000 12424.911392
1.700862 0.144247 21.000000 12461.782609
1.720872 0.149492 21.000000 12490.014706
1.740883 0.125232 21.000000 12528.872611
1.760893 0.132242 21.000000 12562.000000
1.780903 0.126451 21.000000 12594.265823
1.800913 0.138118 21.000000 12635.937063
1.820923 0.147312 21.000000 12662.753623
1.840933 0.122774 20.993865 12705.834356
1.860943 0.142297 21.000000 12741.914286
1.880954 0.135149 21.000000 12774.202703
1.900964 0.130902 21.000000 12818.894040
1.920974 0.148539 21.000000 12845.139706
1.940984 0.126673 21.000000 12888.120253
1.960994 0.136991 21.000000 12922.455172
1.981004 0.135966 21.000000 12949.664430
2.001014 0.120452 21.000000 12990.803681
2.021025 0.131656 21.000000 13016.934641
2.041035 0.124600 21.000000 13050.552147
2.061045 0.135928 21.000000 13085.910345
2.081055 0.147253 21.000000 13104.786765
2.101065 0.123257 21.000000 13146.263804
2.121075 0.140180 21.000000 13169.253521
2.141085 0.132480 21.000000 13200.684211
2.161096 0.125705 21.000000 13237.878981
2.181106 0.138554 21.000000 13258.819444
2.201116 0.121828 21.000000 13299.461078
2.221126 0.138892 21.000000 13331.055944
2.241136 0.139908 21.000000 13355.818182
2.261146 0.121022 21.000000 13400.327273
2.281156 0.134168 21.000000 13423.986577
2.301167 0.124240 21.000000 13465.631902
2.321177 0.134081 21.000000 13504.221477
2.341187 0.139181 21.000000 13528.209790
2.361197 0.116793 20.988235 13577.923529
2.381207 0.134006 21.000000 13609.066667
2.401217 0.126566 21.000000 13647.037267
2.421227 0.127698 21.000000 13694.551948
2.441238 0.142126 21.000000 13718.818841
2.461248 0.120035 21.000000 13773.207101
2.481258 0.140800 21.013986 13811.797203
2.501268 0.139183 21.000000 13846.489655
2.521278 0.119260 21.000000 13901.656627
2.541288 0.134087 21.000000 13930.858108
2.561298 0.122652 21.000000 13984.454545
2.581309 0.133756 21.000000 14032.060000
2.601319 0.136645 21.000000 14064.445946
2.621329 0.116542 21.000000 14126.125000
2.641339 0.144918 21.000000 14162.123188
2.661349 0.133635 21.000000 14213.315789
2.681359 0.130213 21.000000 14271.894737
2.701369 0.136666 21.000000 14305.904762
2.721380 0.119570 21.000000 14373.473054
2.741390 0.137880 21.000000 14420.881119
2.761400 0.138060 21.000000 14467.625850
2.781410 0.121313 21.000000 14538.545455
2.801420 0.136212 21.000000 14580.095890
2.821430 0.122948 21.000000 14650.284848
2.841440 0.135304 20.986207 14711.572414
2.861451 0.141540 21.000000 14758.643357
2.881461 0.120553 21.000000 14837.345455
2.901471 0.138218 21.000000 14890.789116
2.921481 0.128846 21.000000 14958.153846
2.941491 0.131333 21.000000 15033.180000
2.961501 0.144723 21.000000 15083.705036
2.981511 0.122530 21.000000 15167.341463
3.001522 0.141140 21.000000 15233.482270
3.021532 0.138776 21.000000 15296.462069
3.041542 0.123858 21.000000 15382.172840
3.061552 0.137856 21.000000 15443.137931
3.081562 0.123710 21.000000 15525.932515
3.101572 0.136199 21.000000 15605.118056
3.121583 0.141087 21.000000 15667.993007
3.141593 0.122832 21.000000 15759.303030
3.161603 0.141200 21.000000 15834.285714
3.181613 0.127201 21.000000 15909.962264
3.201623 0.129118 21.000000 16002.512987
3.221633 0.142495 21.000000 16072.899281
3.241643 0.122162 21.000000 16164.710843
3.261654 0.139281 21.000000 16255.098592
3.281664 0.134902 21.000000 16329.967105
3.301674 0.124293 21.000000 1732.825806
3.321684 0.144877 21.000000 127.666667
3.341694 0.125385 21.000000 215.600000
3.361704 0.140788 21.000000 312.880282
3.381714 0.142140 21.000000 390.242857
3.401725 0.120794 21.000000 482.703030
3.421735 0.138042 21.000000 578.806897
3.441745 0.129073 21.000000 655.732484
3.461755 0.133651 21.000000 751.677852
3.481765 0.137181 21.000000 832.692308
3.501775 0.121760 21.000000 913.796407
3.521785 0.136915 21.000000 1010.833333
3.541796 0.134112 21.000000 1079.157895
3.561806 0.127479 21.000513 1164.012821
3.581816 0.146177 21.006765 1251.088235
3.601826 0.125606 21.000000 1316.850000
3.621836 0.140359 21.000000 1405.746479
3.641846 0.142481 21.000000 1473.531915
3.661856 0.122520 21.000000 1544.062112
3.681867 0.139210 21.000000 1631.590278
3.701877 0.131283 21.000000 1687.090909
3.721887 0.139226 21.000000 1765.178571
3.741897 0.148216 21.000000 1834.601449
3.761907 0.124343 21.000000 1893.012500
3.781917 0.142572 21.000000 1974.900000
3.801927 0.137536 21.000000 2025.489796
3.821938 0.131815 21.000000 2090.187919
3.841948 0.140064 21.000000 2161.703448
3.861958 0.126461 21.000000 2208.394904
3.881968 0.142173 21.000000 2280.392857
3.901978 0.144442 21.000000 2330.656934
3.921988 0.127075 21.000000 2382.512658
3.941998 0.146525 21.000000 2453.181159
3.962009 0.132633 21.000000 2492.833333
3.982019 0.139024 21.000000 2554.652482
4.002029 0.147457 21.000000 2609.485507
4.022039 0.127110 21.000000 2655.518750
4.042049 0.147026 21.000000 2722.149254
4.062059 0.137828 21.000000 2759.965753
4.082069 0.131705 21.000000 2813.602649
4.102080 0.146190 21.000000 2872.645349
4.122090 0.129264 21.000000 2908.952790
4.142100 0.144931 21.000000 2967.838235
4.162110 0.143450 21.004808 3006.826923
4.182120 0.127795 20.998462 3051.034188
4.202130 0.144983 20.987488 3106.545024
4.222140 0.134871 21.000000 3138.923077
4.242151 0.141718 21.000000 3189.471429
4.262161 0.146154 21.000000 3229.098039
4.282171 0.128867 21.000000 3266.277778
4.302181 0.150581 21.000000 3316.020101
4.322191 0.141969 21.000000 3345.276995
4.342201 0.134514 21.000000 3386.770642
4.362211 0.147963 21.000000 3426.809756
4.382222 0.130357 21.000000 3455.831897
4.402232 0.146713 21.000000 3498.158416
4.422242 0.144608 21.000000 3524.431280
4.442252 0.130846 21.000000 3558.541850
4.462262 0.154281 21.000000 3594.963918
4.482272 0.137304 21.000000 3619.493213
4.502282 0.136889 21.000000 3657.342466
4.522293 0.142047 21.000000 3684.729858
4.542303 0.130321 21.000000 3716.317391
4.562313 0.150202 21.000000 3754.308081
4.582323 0.142552 21.000000 3781.917874
4.602333 0.139082 21.000000 3822.652778
4.622343 0.144886 21.000000 3859.600000
4.642353 0.132192 21.000000 3895.665217
4.662364 0.151421 21.000000 3942.025510
4.682374 0.148954 21.000000 3977.349515
4.702384 0.136875 21.000000 4025.788018
4.722394 0.157209 21.000000 4069.328042
4.742404 0.141256 21.000000 4111.906103
4.762414 0.149461 21.000000 4162.970000
4.782424 0.154712 21.000000 4200.611399
4.802435 0.136531 21.000000 4251.140271
4.822445 0.151729 21.000000 4294.695431
4.842455 0.141061 21.000000 4333.169014
4.862465 0.143249 21.000000 4382.971698
4.882475 0.156553 21.000000 4415.692708
4.902485 0.137688 21.000000 4460.321101
4.922495 0.156265 21.000000 4498.462766
4.942506 0.153358 21.000000 4528.532663
4.962516 0.140316 21.000000 4572.900474
4.982526 0.152783 21.000000 4599.055276
5.002536 0.138812 21.000000 4636.851163
5.022546 0.150369 21.000000 4671.045226
5.042556 0.154452 21.000000 4694.698980
5.062567 0.139256 21.000000 4732.769585
5.082577 0.151799 21.000000 4756.142132
5.102587 0.142585 21.000000 4784.437500
5.122597 0.146229 21.000000 4818.507317
5.142607 0.157924 21.000000 4836.203125
5.162617 0.139457 21.000000 4871.313084
5.182627 0.155708 21.000000 4897.112821
5.202638 0.151480 21.000000 4919.632653
5.222648 0.143126 21.000000 4958.177033
5.242658 0.161413 21.000000 4976.150538
5.262668 0.145608 21.000000 5013.369668
5.282678 0.155471 21.000000 5045.291005
5.302688 0.156800 21.000000 5068.141361
5.322698 0.143540 21.000000 5112.009479
5.342709 0.159393 21.000000 5137.192513
5.362719 0.148492 21.000000 5172.788177
5.382729 0.152131 21.000000 5214.292308
5.402739 0.162337 21.000000 5235.005464
5.422749 0.143433 21.000000 5282.333333
5.442759 0.160120 21.000000 5312.930108
5.462769 0.157538 21.000000 5345.114583
5.482780 0.148268 21.000000 5393.447236
5.502790 0.165321 21.000000 5415.387978
5.522800 0.147274 21.000000 5463.975369
5.542810 0.158332 21.000000 5502.921053
5.562820 0.157313 21.000000 5532.871134
5.582830 0.141491 21.000000 5587.344498
5.602840 0.156816 21.000000 5615.759162
5.622851 0.148637 21.000000 5664.705882
5.642861 0.153883 21.000000 5716.117949
5.662871 0.164551 21.000000 5745.420765
5.682881 0.142951 21.000000 5805.641148
5.702891 0.162549 21.000000 5844.945355
5.722901 0.156654 21.000000 5889.309278
5.742911 0.148468 21.000000 5949.338384
5.762922 0.158074 21.000000 5982.895833
5.782932 0.142412 21.000000 6044.823810
5.802942 0.157469 21.000000 6095.395833
5.822952 0.158269 21.000000 6136.984211
5.842962 0.144003 21.000000 6205.802885
5.862972 0.163817 21.000000 6246.733333
5.882982 0.150488 21.000000 6307.571429
5.902993 0.154754 21.000000 6370.796875
5.923003 0.160962 21.000000 6412.962567
5.943013 0.141872 21.000000 6487.056604
5.963023 0.164528 21.000000 6539.666667
5.983033 0.155722 21.000000 6596.903061
6.003043 0.149364 21.000000 6671.989950
6.023053 0.160730 21.000000 6720.392473
6.043064 0.144986 21.000000 6797.224880
6.063074 0.160922 21.000000 6864.815217
6.083084 0.162452 21.000000 6922.712766
6.103094 0.144662 21.000000 7007.800000
6.123104 0.164364 21.000000 7070.176796
6.143114 0.149378 21.000000 7148.771845
6.163124 0.153196 21.000000 7233.175258
6.183135 0.159323 20.989418 7297.248677
6.203145 0.140923 21.000000 7388.723810
6.223155 0.161565 21.000000 7468.433155
6.243165 0.152211 21.000000 7544.172589
6.263175 0.145353 21.000000 7639.000000
