serial number: JANUSZ_6_RI80_B001905120
torque: 16.0
start_temp: 29 (34)
finish_temp: 30 (34)
note: Joint 1, Janusz 6
0.000000 0.131077
0.021014 0.134614
0.042028 0.129466
0.063042 0.134347
0.084056 0.131828
0.105070 0.129829
0.126084 0.133701
0.147098 0.130377
0.168112 0.133868
0.189126 0.132182
0.210140 0.130349
0.231154 0.134489
0.252168 0.130104
0.273182 0.134127
0.294196 0.129725
0.315210 0.128998
0.336224 0.133803
0.357238 0.128604
0.378252 0.135108
0.399266 0.132023
0.420280 0.130650
0.441294 0.135895
0.462308 0.130820
0.483322 0.136445
0.504336 0.132549
0.525350 0.132033
0.546364 0.134317
0.567378 0.129720
0.588392 0.134242
0.609406 0.131119
0.630420 0.133576
0.651434 0.135488
0.672448 0.131990
0.693462 0.136946
0.714476 0.132391
0.735490 0.133840
0.756504 0.136772
0.777518 0.132056
0.798532 0.138216
0.819546 0.132391
0.840560 0.105170
0.861574 0.119690
0.882588 0.123914
0.903602 0.131634
0.924616 0.127057
0.945630 0.130301
0.966644 0.130533
0.987658 0.128664
1.008672 0.134500
1.029686 0.130054
1.050700 0.133099
1.071714 0.132970
1.092728 0.133496
1.113742 0.138297
1.134756 0.132491
1.155770 0.136836
1.176784 0.134811
1.197798 0.134997
1.218812 0.138818
1.239826 0.134398
1.260840 0.137237
1.281854 0.134695
1.302868 0.136611
1.323882 0.139874
1.344896 0.135144
1.365910 0.138872
1.386924 0.134878
1.407938 0.137097
1.428952 0.139742
1.449966 0.136305
1.470980 0.141479
1.491994 0.135143
1.513008 0.138036
1.534022 0.139572
1.555036 0.137812
1.576050 0.142112
1.597064 0.136378
1.618078 0.138962
1.639092 0.138411
1.660106 0.136927
1.681120 0.140858
1.702134 0.136077
1.723148 0.138738
1.744162 0.139507
1.765176 0.139506
1.786190 0.143521
1.807204 0.137356
1.828218 0.141691
1.849232 0.141870
1.870246 0.140188
1.891260 0.143815
1.912274 0.139279
1.933288 0.142513
1.954302 0.141581
1.975316 0.140831
1.996330 0.144513
2.017344 0.140255
2.038358 0.144078
2.059372 0.141634
2.080386 0.141546
2.101400 0.145142
2.122414 0.140229
2.143428 0.140107
2.164442 0.138067
2.185456 0.140434
2.206470 0.142483
2.227484 0.139383
2.248498 0.142902
2.269512 0.138893
2.290526 0.141600
2.311540 0.141255
2.332554 0.139600
2.353568 0.141813
2.374582 0.137097
2.395596 0.141169
2.416610 0.142078
2.437624 0.141162
2.458638 0.144635
2.479652 0.140473
2.500666 0.143671
2.521680 0.142544
2.542694 0.141191
2.563708 0.144407
2.584722 0.140055
2.605736 0.145815
2.626750 0.143034
2.647764 0.142012
2.668778 0.143939
2.689792 0.140166
2.710806 0.145876
2.731820 0.141942
2.752834 0.141880
2.773848 0.143247
2.794862 0.141616
2.815876 0.144782
2.836890 0.141836
2.857904 0.142381
2.878918 0.143756
2.899932 0.141038
2.920946 0.144059
2.941960 0.140914
2.962974 0.142739
2.983988 0.142141
3.005002 0.138328
3.026016 0.142508
3.047030 0.141672
3.068044 0.145099
3.089058 0.145044
3.110072 0.141543
3.131086 0.144417
3.152100 0.139740
3.173114 0.143808
3.194128 0.143956
3.215142 0.141957
3.236156 0.144586
3.257170 0.140763
3.278184 0.145791
3.299198 0.143998
3.320212 0.141825
3.341226 0.144490
3.362240 0.140153
3.383254 0.144827
3.404268 0.142580
3.425282 0.141659
3.446296 0.144675
3.467310 0.140185
3.488324 0.142935
3.509338 0.140087
3.530352 0.139564
3.551366 0.141712
3.572380 0.139485
3.593394 0.143731
3.614408 0.140914
3.635422 0.142024
3.656436 0.144516
3.677450 0.141885
3.698464 0.144037
3.719478 0.139960
3.740492 0.142580
3.761506 0.143781
3.782520 0.142114
3.803534 0.144784
3.824548 0.141172
3.845562 0.142715
3.866576 0.143391
3.887590 0.140813
3.908604 0.145325
3.929618 0.140619
3.950632 0.141872
3.971646 0.143092
3.992660 0.142226
4.013674 0.145801
4.034688 0.139387
4.055702 0.141239
4.076716 0.141618
4.097730 0.140163
4.118744 0.145182
4.139758 0.139894
4.160772 0.140927
4.181786 0.141065
4.202800 0.138975
4.223814 0.142892
4.244828 0.138441
4.265842 0.139845
4.286856 0.138081
4.307870 0.140292
4.328884 0.141619
4.349898 0.136891
4.370912 0.140324
4.391926 0.137905
4.412940 0.139238
4.433954 0.139644
4.454968 0.133904
4.475982 0.139562
4.496996 0.137119
4.518010 0.137698
4.539023 0.140636
4.560037 0.134023
4.581051 0.138438
4.602065 0.136089
4.623079 0.136280
4.644093 0.138925
4.665107 0.134217
4.686121 0.140036
4.707135 0.136842
4.728149 0.137184
4.749163 0.140115
4.770177 0.134744
4.791191 0.138123
4.812205 0.135144
4.833219 0.138547
4.854233 0.140616
4.875247 0.133946
4.896261 0.136303
4.917275 0.134371
4.938289 0.137777
4.959303 0.138834
4.980317 0.132035
5.001331 0.136104
5.022345 0.133617
5.043359 0.136280
5.064373 0.137203
5.085387 0.129012
5.106401 0.132608
5.127415 0.128254
5.148429 0.132614
5.169443 0.136484
5.190457 0.131221
5.211471 0.136520
5.232485 0.129394
5.253499 0.132635
5.274513 0.134307
5.295527 0.131320
5.316541 0.135290
5.337555 0.129119
5.358569 0.133485
5.379583 0.134228
5.400597 0.131647
5.421611 0.136609
5.442625 0.130007
5.463639 0.132053
5.484653 0.134030
5.505667 0.130379
5.526681 0.134637
5.547695 0.126484
5.568709 0.131271
5.589723 0.131963
5.610737 0.128496
5.631751 0.134726
5.652765 0.126684
5.673779 0.132691
5.694793 0.131117
5.715807 0.128089
5.736821 0.134055
5.757835 0.129980
5.778849 0.134659
5.799863 0.131837
5.820877 0.130531
5.841891 0.131785
5.862905 0.129417
5.883919 0.133332
5.904933 0.128677
5.925947 0.130277
5.946961 0.132911
5.967975 0.130302
5.988989 0.136098
6.010003 0.133365
6.031017 0.132369
6.052031 0.133854
6.073045 0.128646
6.094059 0.133922
6.115073 0.130103
6.136087 0.130828
6.157101 0.131183
6.178115 0.126983
6.199129 0.134144
6.220143 0.129552
6.241157 0.132891
6.262171 0.133050
6.283185 0.129199
