serial number: RI80_21414844
torque: 16
start_temp: 24 (25)
finish_temp: 24 (25)
note: po poprawkach i montazu Tomka
0.000000 0.093938 24.000000 10147.905660
0.020010 0.086843 24.000000 10197.669565
0.040020 0.093987 24.000000 10260.990654
0.060030 0.089180 24.000000 10334.141593
0.080041 0.090274 24.000000 10382.927273
0.100051 0.094569 24.000000 10462.301887
0.120061 0.086198 24.000000 10523.052174
0.140071 0.093509 24.000000 10584.111111
0.160081 0.091333 24.000000 10665.431193
0.180091 0.088607 24.000000 10718.309735
0.200101 0.093874 24.000000 10795.308411
0.220112 0.088027 24.000000 10866.106195
0.240122 0.091881 24.000000 10923.172727
0.260132 0.093297 24.000000 11005.644860
0.280142 0.086957 24.000000 11062.938053
0.300152 0.093742 24.000000 11132.120370
0.320162 0.088687 24.000000 11206.437500
0.340172 0.089729 24.000000 11258.901786
0.360183 0.094925 24.000000 11335.076190
0.380193 0.085669 24.000000 11394.324786
0.400203 0.093878 24.000000 11454.141509
0.420213 0.090758 24.000000 11524.609091
0.440223 0.088219 24.000000 11575.517544
0.460233 0.094531 24.000000 11642.076190
0.480243 0.088105 24.000000 11701.114035
0.500254 0.091986 24.000000 11753.770642
0.520264 0.092982 24.000000 11817.953271
0.540274 0.087490 24.000000 11867.939130
0.560284 0.093761 24.000000 11927.028302
0.580294 0.088369 24.000000 11986.867021
0.600304 0.090090 24.000000 12033.647321
0.620314 0.094593 24.000000 12093.599057
0.640325 0.085124 24.000000 12142.021368
0.660335 0.093579 24.000000 12196.032710
0.680345 0.092349 24.000000 12247.806452
0.700355 0.087804 24.000000 12295.276316
0.720365 0.094606 24.000000 12349.094787
0.740375 0.087364 24.000000 12395.530435
0.760385 0.091706 24.000000 12446.962963
0.780396 0.093485 24.000000 12496.453271
0.800406 0.086562 24.000000 12544.258621
0.820416 0.094169 24.000000 12599.412322
0.840426 0.089531 24.000000 12646.133929
0.860436 0.089389 24.000000 12700.807175
0.880446 0.094466 24.000000 12755.103774
0.900456 0.085294 24.000000 12806.025424
0.920467 0.094783 24.000000 12869.047619
0.940477 0.091361 24.000000 12918.490909
0.960487 0.087697 24.000000 12979.148472
0.980497 0.094474 24.000000 13040.514286
1.000507 0.086738 24.000000 13091.432900
1.020517 0.092181 24.000000 13158.144186
1.040528 0.093537 24.000000 13209.963134
1.060538 0.086703 24.000000 13269.256522
1.080548 0.094082 24.000000 13334.551887
1.100558 0.088561 24.000000 13381.176991
1.120568 0.089427 24.000000 13448.045045
1.140578 0.095010 24.000000 13500.849765
1.160588 0.085059 24.000000 13554.144681
1.180599 0.094520 24.000000 13621.004762
1.200609 0.090874 24.000000 13662.190045
1.220619 0.087771 24.000000 13725.877729
1.240629 0.095618 24.000000 13781.923445
1.260639 0.086248 24.000000 13827.554113
1.280649 0.092422 24.000000 13894.865741
1.300659 0.092767 24.000000 13936.243119
1.320670 0.086007 24.000000 13994.745690
1.340680 0.095333 24.000000 14057.137441
1.360690 0.087971 24.000000 14096.561947
1.380700 0.090093 24.000000 14163.000000
1.400710 0.094858 24.000000 14209.103286
1.420720 0.085814 24.000000 14259.935065
1.440730 0.093897 24.000000 14326.437209
1.460741 0.089757 24.000000 14362.304933
1.480751 0.088309 24.000000 14425.294643
1.500761 0.095707 24.000000 14477.876190
1.520771 0.085947 24.000000 14521.324786
1.540781 0.093698 24.000000 14588.098592
1.560791 0.092335 24.000000 14625.210046
1.580801 0.086281 24.000000 14681.767544
1.600812 0.094779 24.000000 14740.466981
1.620822 0.088100 24.000000 14778.070175
1.640832 0.090840 24.000000 14842.004566
1.660842 0.094924 24.000000 14885.407583
1.680852 0.084929 24.000000 14932.487288
1.700862 0.095186 24.000000 14995.709524
1.720872 0.090360 24.000000 15029.366516
1.740883 0.088712 24.000000 15089.075556
1.760893 0.096744 24.000000 15138.600962
1.780903 0.085020 24.000000 15179.512712
1.800913 0.093380 24.000000 15241.434579
1.820923 0.092081 24.000000 15278.184332
1.840933 0.086835 24.000000 15331.237069
1.860943 0.095775 24.000000 15385.655340
1.880954 0.086700 24.000000 15422.121739
1.900964 0.091348 24.000000 15480.600000
1.920974 0.094324 24.000000 15524.103286
1.940984 0.085940 24.000000 15568.614719
1.960994 0.095239 24.000000 15626.976415
1.981004 0.089275 24.000000 15663.089686
2.001014 0.089307 24.000000 15717.334821
2.021025 0.095940 24.000000 15764.679426
2.041035 0.084753 24.000000 15805.735043
2.061045 0.093368 24.000000 15862.604651
2.081055 0.092126 24.000000 15904.504587
2.101065 0.087730 24.000000 15953.728070
2.121075 0.095457 24.000000 16007.480769
2.141085 0.086772 24.000000 16048.219828
2.161096 0.091522 24.000000 16102.050691
2.181106 0.094718 24.000000 16149.753555
2.201116 0.085506 24.000000 16193.914163
2.221126 0.095460 24.000000 16250.195238
2.241136 0.088872 24.000000 16294.163717
2.261146 0.088870 24.000000 16343.450893
2.281156 0.096637 24.000000 3792.336538
2.301167 0.084739 24.000000 55.131356
2.321177 0.094450 24.000000 108.896226
2.341187 0.092377 24.000000 156.703704
2.361197 0.086923 24.000000 200.281385
2.381207 0.094593 24.000000 255.559242
2.401217 0.086154 24.000000 300.181034
2.421227 0.092373 24.000000 347.265116
2.441238 0.094912 24.000000 398.127962
2.461248 0.085116 24.000000 438.889831
2.481258 0.095188 24.000000 491.690476
2.501268 0.088940 24.000000 541.066372
2.521278 0.089444 24.000000 582.098214
2.541288 0.096443 24.000000 634.806763
2.561298 0.083987 24.000000 677.167364
2.581309 0.093721 24.000000 726.731132
2.601319 0.092621 24.000000 779.217593
2.621329 0.086130 24.000000 816.663793
2.641339 0.095034 24.000000 872.247619
2.661349 0.086525 24.000000 919.806034
2.681359 0.092335 24.000000 963.134259
2.701369 0.095737 24.000000 1019.913876
2.721380 0.084307 24.000000 1058.974684
2.741390 0.095157 24.000000 1113.419048
2.761400 0.088093 24.000000 1168.390351
2.781410 0.088940 24.000000 1205.522321
2.801420 0.097494 24.000000 1265.539216
2.821430 0.083725 24.000000 1309.909091
2.841440 0.094537 24.000000 1360.719048
2.861451 0.092348 24.000000 1419.555046
2.881461 0.086643 24.000000 1455.262009
2.901471 0.095871 24.000000 1516.250000
2.921481 0.085983 24.000000 1567.376068
2.941491 0.092656 24.000000 1610.111628
2.961501 0.095008 24.000000 1673.528302
2.981511 0.084099 24.000000 1712.415254
3.001522 0.095929 24.000000 1771.322115
3.021532 0.088514 24.000000 1830.091703
3.041542 0.089672 24.000000 1867.601810
3.061552 0.097273 24.000000 1934.339806
3.081562 0.083020 24.000000 1981.075000
3.101572 0.094490 24.000000 2036.682464
3.121583 0.092669 24.000000 2100.392694
3.141593 0.086509 24.000000 2139.554585
3.161603 0.097204 24.000000 2206.901961
3.181613 0.085091 24.000000 2263.828452
3.201623 0.092797 24.000000 2312.051643
3.221633 0.096105 24.000000 2380.192308
3.241643 0.083752 24.000000 2424.162500
3.261654 0.096893 24.000000 2488.965854
3.281664 0.087937 24.000000 2551.052174
3.301674 0.089495 24.000000 2593.384615
3.321684 0.096370 24.000000 2663.312796
3.341694 0.082496 24.000000 2711.954545
3.361704 0.096285 24.000000 2769.805825
3.381714 0.092044 24.000000 2833.247706
3.401725 0.086653 24.000000 2874.418103
3.421735 0.096535 24.000000 2939.883495
3.441745 0.084406 24.000000 2992.831933
3.461755 0.093793 24.000000 3041.363208
3.481765 0.095212 24.000000 3103.805687
3.501775 0.083875 24.000000 3145.329114
3.521785 0.097042 24.000000 3204.271845
3.541796 0.087798 24.000000 3258.369565
3.561806 0.089848 24.000000 3300.622727
3.581816 0.096079 24.000000 3360.985714
3.601826 0.084143 24.000000 3405.802521
3.621836 0.095907 24.000000 3460.134615
3.641846 0.090399 24.000000 3516.486486
3.661856 0.086432 24.000000 3559.769565
3.681867 0.097789 24.000000 3621.409756
3.701877 0.084479 24.000000 3673.331915
3.721887 0.093596 24.000000 3727.869767
3.741897 0.094383 24.000000 3789.004695
3.761907 0.084353 24.000000 3839.119149
3.781917 0.096452 24.000000 3903.256039
3.801927 0.086936 24.000000 3961.275862
3.821938 0.091027 24.000000 4019.422018
3.841948 0.096394 24.000000 4083.149038
3.861958 0.084157 24.000000 4138.434599
3.881968 0.095747 24.000000 4204.601896
3.901978 0.089580 24.000000 4262.641256
3.921988 0.087491 24.000000 4320.611354
3.941998 0.098067 24.000000 4383.004950
3.962009 0.085190 24.000000 4437.136752
3.982019 0.094332 24.000000 4501.518519
4.002029 0.093153 24.000000 4554.995283
4.022039 0.084739 24.000000 4609.653846
4.042049 0.096090 24.000000 4668.485714
4.062059 0.088228 24.000000 4717.106195
4.082069 0.090775 24.000000 4774.936364
4.102080 0.096075 24.000000 4820.619048
4.122090 0.084730 24.000000 4867.572034
4.142100 0.095629 24.000000 4922.200000
4.162110 0.090023 24.000000 4960.608108
4.182120 0.088008 24.000000 5012.641593
4.202130 0.097625 24.000000 5054.252427
4.222140 0.084477 24.000000 5095.094017
4.242151 0.093951 24.000000 5149.607477
4.262161 0.093430 24.000000 5185.122642
4.282171 0.085612 24.000000 5234.593220
4.302181 0.097040 24.000000 5282.461165
4.322191 0.087659 24.000000 5322.469298
4.342201 0.091413 24.000000 5381.105505
4.362211 0.094651 24.000000 5421.981308
4.382222 0.085407 24.000000 5470.784483
4.402232 0.096008 24.000000 5529.371429
4.422242 0.090016 23.990909 5569.640909
4.442252 0.088966 24.000000 5632.540541
4.462262 0.096610 24.000000 5679.480769
4.482272 0.085325 24.000000 5728.478814
4.502282 0.093808 24.000000 5794.278302
4.522293 0.093056 24.000000 5835.976852
4.542303 0.086309 24.000000 5895.939130
4.562313 0.095656 24.000000 5951.774038
4.582323 0.087647 24.000000 5996.969697
4.602333 0.091110 24.000000 6064.794521
4.622343 0.095575 24.000000 6107.543269
4.642353 0.085214 24.000000 6161.123932
4.662364 0.095605 24.000000 6222.871429
4.682374 0.089676 24.000000 6263.013393
4.702384 0.088759 24.000000 6326.360360
4.722394 0.096261 24.000000 6370.535885
4.742404 0.085311 24.000000 6416.468254
4.762414 0.094369 24.000000 6479.769231
4.782424 0.093170 24.000000 6517.351852
4.802435 0.086350 24.000000 6571.948276
4.822445 0.095279 24.000000 6622.586538
4.842455 0.087330 24.000000 6663.862069
4.862465 0.092118 24.000000 6725.601852
4.882475 0.095087 24.000000 6763.634615
4.902485 0.085802 24.000000 6811.307692
4.922495 0.094928 24.000000 6867.057143
4.942506 0.089242 24.000000 6904.044248
4.962516 0.088732 24.000000 6960.098214
4.982526 0.096616 24.000000 7001.592233
5.002536 0.085289 24.000000 7043.403361
5.022546 0.093847 24.000000 7099.754717
5.042556 0.092279 24.000000 7135.577982
5.062567 0.086814 24.000000 7184.120690
5.082577 0.095362 24.000000 7230.778846
5.102587 0.087012 24.000000 7268.594828
5.122597 0.092171 24.000000 7321.915094
5.142607 0.094763 24.000000 7359.009259
5.162617 0.085036 24.000000 7401.179487
5.182627 0.095533 24.000000 7451.605769
5.202638 0.088934 24.000000 7487.973451
5.222648 0.089364 24.000000 7535.127273
5.242658 0.096805 24.000000 7576.865385
5.262668 0.085201 24.000000 7615.194915
5.282678 0.093894 24.000000 7664.971698
5.302688 0.091663 24.000000 7703.609091
5.322698 0.087673 24.000000 7745.544643
5.342709 0.096006 24.000000 7793.098039
5.362719 0.086374 24.000000 7832.025641
5.382729 0.093141 24.000000 7878.833333
5.402739 0.093817 24.000000 7919.794393
5.422749 0.085762 24.000000 7958.614035
5.442759 0.094334 24.000000 8008.785047
5.462769 0.088750 24.000000 8048.415929
5.482780 0.090192 24.000000 8090.263636
5.502790 0.095918 24.000000 8138.171429
5.522800 0.084863 24.000000 8176.663793
5.542810 0.094498 24.000000 8224.575472
5.562820 0.091480 24.000000 8269.252252
5.582830 0.088015 24.000000 8310.107143
5.602840 0.096242 24.000000 8360.798077
5.622851 0.085643 24.000000 8404.435897
5.642861 0.093025 24.000000 8451.287037
5.662871 0.093288 24.000000 8501.803738
5.682881 0.085903 24.000000 8542.232759
5.702891 0.095729 24.000000 8596.038095
5.722901 0.088070 24.000000 8643.535088
5.742911 0.091189 24.000000 8687.418182
5.762922 0.094448 24.000000 8744.707547
5.782932 0.085699 24.000000 8787.215517
5.802942 0.095429 24.000000 8839.076190
5.822952 0.090199 24.000000 8892.491071
5.842962 0.088905 24.000000 8935.357143
5.862972 0.094759 24.000000 8995.533333
5.882982 0.085329 24.000000 9041.982906
5.902993 0.093231 24.000000 9090.588785
5.923003 0.092236 24.000000 9150.908257
5.943013 0.088119 24.000000 9193.672566
5.963023 0.094505 24.000000 9253.641509
5.983033 0.087141 24.000000 9306.267241
6.003043 0.091839 24.000000 9350.768519
6.023053 0.094241 24.000000 9416.301887
6.043064 0.086013 24.000000 9460.913043
6.063074 0.094428 24.000000 9516.803738
6.083084 0.089891 24.000000 9578.081081
6.103094 0.089628 24.000000 9618.463636
6.123104 0.095375 24.000000 9685.764151
6.143114 0.085280 24.000000 9736.008475
6.163124 0.093703 24.000000 9787.209524
6.183135 0.092793 24.000000 9854.927273
6.203145 0.088364 24.000000 9898.116071
6.223155 0.093866 24.000000 9963.509434
6.243165 0.087233 24.000000 10024.191304
6.263175 0.092387 24.000000 10072.990826
