serial number: RI80_21414844
torque: 16
start_temp: 24 (24)
finish_temp: 24 (25)
note: po poprawkach i montazu Tomka
0.000000 0.281965 24.000000 10986.198864
0.020010 0.278173 24.000000 11053.082418
0.040020 0.277715 24.000000 11112.100000
0.060030 0.283035 24.000000 11191.965909
0.080041 0.275881 24.000000 11246.392265
0.100051 0.280329 24.000000 11315.747191
0.120061 0.280684 24.000000 11383.601124
0.140071 0.276977 24.000000 11436.222222
0.160081 0.282117 24.000000 11509.569832
0.180091 0.276720 24.000000 11565.100559
0.200101 0.279871 24.000000 11623.717514
0.220112 0.282180 24.000000 11689.574586
0.240122 0.276416 24.000000 11739.303371
0.260132 0.282226 24.000000 11803.307263
0.280142 0.278184 24.000000 11857.977901
0.300152 0.278896 24.000000 11911.505618
0.320162 0.283144 24.000000 11971.886364
0.340172 0.275580 24.000000 12021.453039
0.360183 0.280696 24.000000 12078.949438
0.380193 0.280357 24.000000 12131.244444
0.400203 0.277603 24.000000 12181.966851
0.420213 0.282694 24.000000 12236.937143
0.440223 0.276707 24.000000 12284.016484
0.460233 0.279935 24.000000 12336.882022
0.480243 0.282042 24.000000 12384.409091
0.500254 0.276021 24.000000 12433.150838
0.520264 0.282060 24.000000 12486.178771
0.540274 0.277645 24.000000 12532.155556
0.560284 0.278253 24.000000 12586.934066
0.580294 0.282869 24.000000 12634.640000
0.600304 0.275358 24.000000 12686.762431
0.620314 0.280488 24.000000 12744.245810
0.640325 0.279888 24.000000 12792.338889
0.660335 0.276497 24.000000 12854.303867
0.680345 0.281605 24.000000 12907.175141
0.700355 0.275414 24.000000 12962.841530
0.720365 0.278525 24.000000 13029.128492
0.740375 0.281170 24.000000 13076.423729
0.760385 0.275203 24.000000 13142.300546
0.780396 0.280997 24.000000 13199.609195
0.800406 0.276017 24.000000 13251.908602
0.820416 0.277334 23.997303 13321.803371
0.840426 0.281559 23.997127 13367.458564
0.860436 0.274674 24.000000 13430.797753
0.880446 0.279763 24.000000 13492.961538
0.900456 0.278589 24.000000 13537.027933
0.920467 0.275671 24.000000 13607.011050
0.940477 0.281493 24.000000 13652.288136
0.960487 0.275237 24.000000 13708.153846
0.980497 0.277333 24.000000 13773.883333
1.000507 0.279870 24.000000 13811.527778
1.020517 0.274007 24.000000 13879.098901
1.040528 0.279324 24.000000 13929.491620
1.060538 0.274675 24.000000 13977.005495
1.080548 0.275875 24.000000 14047.327869
1.100558 0.280557 24.000000 14082.942857
1.120568 0.273822 24.000000 14145.945652
1.140578 0.277915 24.000000 14203.722222
1.160588 0.276542 24.000000 14242.452514
1.180599 0.273430 24.000000 14313.400000
1.200609 0.279908 24.000000 14353.387640
1.220619 0.273232 24.000000 14407.044444
1.240629 0.275963 24.000000 14471.409836
1.260639 0.278382 24.000000 14504.379888
1.280649 0.272435 24.000000 14572.349462
1.300659 0.279170 24.000000 14619.769663
1.320670 0.273490 24.000000 14663.924731
1.340680 0.274584 24.000000 14731.904494
1.360690 0.278927 24.000000 14763.988889
1.380700 0.271806 24.000000 14825.297297
1.400710 0.276219 24.000000 14879.418994
1.420720 0.274775 24.000000 14916.309783
1.440730 0.271848 24.000000 14982.010989
1.460741 0.278238 24.000000 15021.016667
1.480751 0.271767 24.000000 15071.217391
1.500761 0.274816 24.000000 15131.973118
1.520771 0.276534 24.000000 15164.662983
1.540781 0.270477 24.000000 15227.403315
1.560791 0.278431 24.000000 15271.573034
1.580801 0.271829 24.000000 15314.437838
1.600812 0.272829 24.000000 15376.333333
1.620822 0.277964 24.000000 15409.580110
1.640832 0.270161 24.000000 15465.505435
1.660842 0.275221 24.000000 15516.888268
1.680852 0.274260 24.000000 15553.786096
1.700862 0.270913 24.000000 15614.375000
1.720872 0.278472 24.000000 15653.636872
1.740883 0.269995 24.000000 15701.173913
1.760893 0.273908 24.000000 15757.060109
1.780903 0.275644 24.000000 15792.288889
1.800913 0.270158 24.000000 15848.462366
1.820923 0.278469 24.000000 15896.010989
1.840933 0.271157 24.000000 15939.686486
1.860943 0.273640 24.000000 15996.779006
1.880954 0.278021 24.000000 16036.585635
1.900964 0.269424 24.000000 16087.172973
1.920974 0.275800 24.000000 16140.110497
1.940984 0.273684 24.000000 16181.873626
1.960994 0.271151 24.000000 16237.168478
1.981004 0.278429 24.000000 16283.611111
2.001014 0.269132 24.000000 16328.983871
2.021025 0.274501 24.000000 7832.428571
2.041035 0.276342 24.000000 43.951087
2.061045 0.270402 24.000000 94.683060
2.081055 0.278074 24.000000 145.604396
2.101065 0.269507 24.000000 188.930108
2.121075 0.272725 24.000000 242.961326
2.141085 0.277422 24.000000 290.502762
2.161096 0.268174 24.000000 334.132979
2.181106 0.276182 24.000000 386.505556
2.201116 0.271694 24.000000 429.258242
2.221126 0.269884 24.000000 477.903226
2.241136 0.278019 24.000000 529.535912
2.261146 0.267450 24.000000 570.494624
2.281156 0.274284 24.000000 622.645161
2.301167 0.273932 24.000000 669.690608
2.321177 0.268432 24.000000 712.700535
2.341187 0.276593 24.000000 766.712707
2.361197 0.267552 24.000000 807.500000
2.381207 0.271965 23.997802 858.868132
2.401217 0.275895 23.996739 911.309783
2.421227 0.266724 23.994595 949.232432
2.441238 0.275364 24.000000 1006.130435
2.461248 0.269798 24.000000 1051.940217
2.481258 0.269230 24.000000 1098.700535
2.501268 0.277156 24.000000 1156.122222
2.521278 0.266431 24.000000 1194.172043
2.541288 0.272557 24.000000 1250.710383
2.561298 0.272626 24.000000 1303.978261
2.581309 0.266703 24.000000 1343.335106
2.601319 0.275000 24.000000 1405.126374
2.621329 0.266586 24.000000 1446.867021
2.641339 0.270938 24.000000 1500.196721
2.661349 0.275242 24.000000 1558.163934
2.681359 0.266124 24.000000 1594.568421
2.701369 0.274735 24.000000 1658.777778
2.721380 0.268891 24.000000 1706.221622
2.741390 0.268427 24.000000 1753.561497
2.761400 0.276374 24.000000 1817.104972
2.781410 0.265165 24.000000 1855.322751
2.801420 0.271477 24.000000 1917.885870
2.821430 0.271411 24.000000 1975.616216
2.841440 0.265613 24.000000 2016.389189
2.861451 0.273606 24.000000 2085.295699
2.881461 0.265235 24.000000 2129.634409
2.901471 0.268972 24.000000 2189.712766
2.921481 0.272646 24.000000 2253.755435
2.941491 0.264079 24.000000 2294.185185
2.961501 0.272703 24.000000 2364.333333
2.981511 0.266999 24.000000 2416.737968
3.001522 0.267271 24.000000 2469.792553
3.021532 0.274489 24.000000 2536.650000
3.041542 0.263651 24.000000 2579.298429
3.061552 0.269895 24.000000 2645.908602
3.081562 0.270336 24.000000 2704.940541
3.101572 0.264407 24.000000 2750.869792
3.121583 0.272992 24.000000 2818.845304
3.141593 0.264462 24.000000 2863.698413
3.161603 0.267803 24.000000 2922.913978
3.181613 0.272394 24.000000 2983.140541
3.201623 0.263786 24.000000 3024.182796
3.221633 0.272418 24.000000 3088.107527
3.241643 0.266447 24.000000 3137.191489
3.261654 0.265834 24.000000 3187.835106
3.281664 0.272699 24.000000 3246.560440
3.301674 0.262784 24.000000 3287.777202
3.321684 0.269199 24.000000 3346.879781
3.341694 0.269447 24.000000 3397.627660
3.361704 0.263159 24.000000 3444.031414
3.381714 0.272022 24.000000 3503.027624
3.401725 0.263263 24.000000 3548.108808
3.421735 0.267127 24.000000 3607.204301
3.441745 0.271228 24.000000 3662.362162
3.461755 0.262764 24.000000 3712.131579
3.481765 0.271540 24.000000 3774.344262
3.501775 0.265395 24.000000 3827.229167
3.521785 0.265623 24.000000 3888.968085
3.541796 0.272285 24.000000 3947.765363
3.561806 0.262280 24.000000 4003.333333
3.581816 0.268697 24.000000 4068.344262
3.601826 0.268815 24.000000 4125.069519
3.621836 0.262860 24.000000 4188.343915
3.641846 0.272181 24.000000 4247.793478
3.661856 0.263273 24.000000 4304.418848
3.681867 0.267361 24.000000 4369.564516
3.701877 0.271113 24.000000 4423.547872
3.721887 0.261758 24.000000 4486.333333
3.741897 0.271711 24.000000 4542.708108
3.761907 0.265055 24.000000 4594.744681
3.781917 0.266142 24.000000 4658.755319
3.801927 0.273368 24.000000 4704.408840
3.821938 0.263159 24.000000 4760.473958
3.841948 0.269742 24.000000 4811.338798
3.861958 0.269133 24.000000 4854.378947
3.881968 0.263952 24.000000 4912.727273
3.901978 0.273721 24.000000 4950.782609
3.921988 0.263612 24.000000 4997.735450
3.941998 0.268381 24.000000 5048.165775
3.962009 0.271190 24.000000 5083.076087
3.982019 0.263045 24.000000 5139.115183
4.002029 0.272360 24.000000 5177.174863
4.022039 0.266243 24.000000 5219.962766
4.042049 0.267433 24.000000 5276.489247
4.062059 0.274117 24.000000 5310.527473
4.082069 0.264991 24.000000 5367.721053
4.102080 0.271899 24.000000 5414.016484
4.122090 0.270592 24.000000 5454.348571
4.142100 0.266360 24.000000 5520.543624
4.162110 0.275851 24.000000 5558.834483
4.182120 0.265778 24.000000 5613.630872
4.202130 0.270451 24.000000 5672.331081
4.222140 0.273298 24.000000 5713.335570
4.242151 0.266120 24.000000 5782.355705
4.262161 0.275120 24.000000 5826.000000
4.282171 0.268586 24.000000 5878.456376
4.302181 0.270038 24.000000 5945.013793
4.322191 0.275790 24.000000 5983.445205
4.342201 0.267036 24.000000 6049.375839
4.362211 0.274155 24.000000 6099.321918
4.382222 0.271613 24.000000 6144.738255
4.402232 0.268934 24.000000 6214.000000
4.422242 0.260752 24.000000 6261.556962
4.442252 0.230097 24.000000 6329.259259
4.462262 0.272903 23.998889 6365.041667
4.482272 0.264433 23.994717 6404.534591
4.502282 0.246071 24.000000 6468.310345
4.522293 0.266092 24.000000 6507.719577
4.542303 0.263525 24.000000 6556.238095
4.562313 0.268527 24.000000 6617.539683
4.582323 0.273379 24.000000 6652.475138
4.602333 0.265888 24.000000 6711.543011
4.622343 0.273375 24.000000 6756.425414
4.642353 0.270972 24.000000 6797.363636
4.662364 0.269369 24.000000 6859.489247
4.682374 0.276641 24.000000 6894.569061
4.702384 0.267925 24.000000 6944.612903
4.722394 0.273423 24.000000 6996.416216
4.742404 0.273898 24.000000 7031.961111
4.762414 0.269633 24.000000 7089.595745
4.782424 0.276126 24.000000 7127.424581
4.802435 0.269807 24.000000 7170.267380
4.822445 0.272573 24.000000 7225.262295
4.842455 0.276818 24.000000 7259.300000
4.862465 0.269660 24.000000 7308.641304
4.882475 0.276581 24.000000 7352.138889
4.902485 0.272628 24.000000 7390.102703
4.922495 0.271451 24.000000 7443.972973
4.942506 0.278522 23.998876 7479.730337
4.962516 0.270259 23.995628 7522.426230
4.982526 0.275144 24.000000 7571.205405
5.002536 0.276114 24.000000 7606.402235
5.022546 0.272154 24.000000 7654.861702
5.042556 0.278119 24.000000 7695.536723
5.062567 0.271903 24.000000 7735.351648
5.082577 0.274307 24.000000 7786.454054
5.102587 0.278055 24.000000 7823.928571
5.122597 0.271687 24.000000 7867.181319
5.142607 0.277763 24.000000 7912.543956
5.162617 0.273585 24.000000 7950.159341
5.182627 0.273001 24.000000 7998.320442
5.202638 0.279306 24.000000 8040.165746
5.222648 0.272242 24.000000 8080.111111
5.242658 0.276218 24.000000 8129.259459
5.262668 0.276346 24.000000 8169.752747
5.282678 0.272724 24.000000 8213.472527
5.302688 0.278686 24.000000 8260.701149
5.322698 0.273376 24.000000 8300.631579
5.342709 0.275033 24.000000 8351.774725
5.362719 0.278376 24.000000 8396.808989
5.382729 0.272839 24.000000 8439.416216
5.402739 0.278720 24.000000 8492.805714
5.422749 0.274392 24.000000 8534.218085
5.442759 0.274550 24.000000 8582.899441
5.462769 0.280154 24.000000 8634.201117
5.482780 0.272827 24.000000 8676.377049
5.502790 0.276981 24.000000 8733.327778
5.522800 0.277046 24.000000 8779.626374
5.542810 0.273630 24.000000 8824.355556
5.562820 0.279204 24.000000 8882.583333
5.582830 0.273056 24.000000 8925.147541
5.602840 0.275695 24.000000 8980.823204
5.622851 0.278392 24.000000 9033.716667
5.642861 0.273410 24.000000 9077.858696
5.662871 0.278685 24.000000 9139.778409
5.682881 0.274245 24.000000 9185.327957
5.702891 0.275540 24.000000 9236.977654
5.722901 0.280228 24.000000 9297.168539
5.742911 0.273132 24.000000 9339.534759
5.762922 0.278201 24.000000 9403.011299
5.782932 0.278049 24.000000 9452.651685
5.802942 0.274596 24.000000 9499.973118
5.822952 0.279507 24.000000 9566.794286
5.842962 0.272779 23.995269 9609.322581
5.862972 0.276353 23.999341 9668.890110
5.882982 0.279059 24.000000 9727.870787
5.902993 0.274802 24.000000 9771.111111
5.923003 0.280176 24.000000 9841.088889
5.943013 0.274944 24.000000 9890.043956
5.963023 0.277437 24.000000 9945.193370
5.983033 0.281192 24.000000 10014.966102
6.003043 0.274533 24.000000 10059.120879
6.023053 0.279723 24.000000 10130.201117
6.043064 0.277754 24.000000 10189.213483
6.063074 0.276263 24.000000 10242.131148
6.083084 0.281745 24.000000 10320.194286
6.103094 0.274590 24.000000 10370.748634
6.123104 0.278888 24.000000 10440.655367
6.143114 0.279907 24.000000 10513.005556
6.163124 0.276532 24.000000 10565.401099
6.183135 0.281433 24.000000 10648.361582
6.203145 0.275983 24.000000 10707.839779
6.223155 0.279496 24.000000 10773.078212
6.243165 0.282570 24.000000 10853.303371
6.263175 0.276599 24.000000 10907.060773
