serial number: JANUSZ_3_RI80_21414855
torque: 16
start_temp: 30 (33)
finish_temp: 30 (33)
note: znalezny po przeszczepie plytki
0.000000 0.678137 30.000000 0.000000
0.020010 0.684070 30.000000 0.000000
0.040020 0.673935 30.000000 0.000000
0.060030 0.683379 30.000000 0.000000
0.080041 0.680965 30.000000 0.000000
0.100051 0.674819 30.000000 0.000000
0.120061 0.684772 30.000000 0.000000
0.140071 0.675131 30.000000 0.000000
0.160081 0.680536 30.000000 0.000000
0.180091 0.682720 30.000000 0.000000
0.200101 0.674170 30.000000 0.000000
0.220112 0.684585 30.000000 0.000000
0.240122 0.677876 30.000000 0.000000
0.260132 0.677628 30.000000 0.000000
0.280142 0.684174 30.000000 0.000000
0.300152 0.673767 30.000000 0.000000
0.320162 0.683786 30.000000 0.000000
0.340172 0.680242 30.000000 0.000000
0.360183 0.675787 30.000000 0.000000
0.380193 0.685554 30.000000 0.000000
0.400203 0.675674 30.000000 0.000000
0.420213 0.681774 30.000000 0.000000
0.440223 0.683714 30.000000 0.000000
0.460233 0.674437 30.000000 0.000000
0.480243 0.685945 30.000000 0.000000
0.500254 0.678463 30.000000 0.000000
0.520264 0.678901 30.000000 0.000000
0.540274 0.685244 30.000000 0.000000
0.560284 0.675516 30.000000 0.000000
0.580294 0.684430 30.000000 0.000000
0.600304 0.682142 30.000000 0.000000
0.620314 0.676686 30.000000 0.000000
0.640325 0.686539 30.000000 0.000000
0.660335 0.678004 30.000000 0.000000
0.680345 0.682202 30.000000 0.000000
0.700355 0.685076 30.000000 0.000000
0.720365 0.675805 30.000000 0.000000
0.740375 0.687690 30.000000 0.000000
0.760385 0.680201 30.000000 0.000000
0.780396 0.679891 30.000000 0.000000
0.800406 0.687017 30.000000 0.000000
0.820416 0.676974 30.000000 0.000000
0.840426 0.686129 30.000000 0.000000
0.860436 0.682989 30.000000 0.000000
0.880446 0.678038 30.000000 0.000000
0.900456 0.688428 30.000000 0.000000
0.920467 0.678604 30.000000 0.000000
0.940477 0.683496 30.000000 0.000000
0.960487 0.686324 30.000000 0.000000
0.980497 0.677507 30.000000 0.000000
1.000507 0.688614 30.000000 0.000000
1.020517 0.681438 30.000000 0.000000
1.040528 0.681273 30.000000 0.000000
1.060538 0.688711 30.000000 0.000000
1.080548 0.678248 30.000000 0.000000
1.100558 0.686747 30.000000 0.000000
1.120568 0.683959 30.000000 0.000000
1.140578 0.679047 30.000000 0.000000
1.160588 0.689586 30.000000 0.000000
1.180599 0.679005 30.000000 0.000000
1.200609 0.684924 30.000000 0.000000
1.220619 0.685869 30.000000 0.000000
1.240629 0.678151 30.000000 0.000000
1.260639 0.689086 30.000000 0.000000
1.280649 0.680850 30.000000 0.000000
1.300659 0.681439 30.000000 0.000000
1.320670 0.688475 30.000000 0.000000
1.340680 0.677680 30.000000 0.000000
1.360690 0.687071 30.000000 0.000000
1.380700 0.683165 30.000000 0.000000
1.400710 0.679600 30.000000 0.000000
1.420720 0.688823 30.000000 0.000000
1.440730 0.678332 30.000000 0.000000
1.460741 0.683441 30.000000 0.000000
1.480751 0.685365 30.000000 0.000000
1.500761 0.677284 30.000000 0.000000
1.520771 0.687970 30.000000 0.000000
1.540781 0.678564 30.000000 0.000000
1.560791 0.681240 30.000000 0.000000
1.580801 0.686562 30.000000 0.000000
1.600812 0.675902 30.000000 0.000000
1.620822 0.684921 30.000000 0.000000
1.640832 0.680156 30.000000 0.000000
1.660842 0.677790 30.000000 0.000000
1.680852 0.687329 30.000000 0.000000
1.700862 0.675126 30.000000 0.000000
1.720872 0.681050 30.000000 0.000000
1.740883 0.681826 30.000000 0.000000
1.760893 0.674476 30.000000 0.000000
1.780903 0.684920 30.000000 0.000000
1.800913 0.674796 30.000000 0.000000
1.820923 0.677635 30.000000 0.000000
1.840933 0.682396 30.000000 0.000000
1.860943 0.672089 30.000000 0.000000
1.880954 0.680912 30.000000 0.000000
1.900964 0.674696 30.000000 0.000000
1.920974 0.673427 30.000000 0.000000
1.940984 0.681243 30.000000 0.000000
1.960994 0.669087 30.000000 0.000000
1.981004 0.676133 30.000000 0.000000
2.001014 0.675227 30.000000 0.000000
2.021025 0.669324 30.000000 0.000000
2.041035 0.678529 30.000000 0.000000
2.061045 0.667779 30.000000 0.000000
2.081055 0.672463 30.000000 0.000000
2.101065 0.676051 30.000000 0.000000
2.121075 0.666005 30.000000 0.000000
2.141085 0.675456 30.000000 0.000000
2.161096 0.669082 30.000000 0.000000
2.181106 0.668759 30.000000 0.000000
2.201116 0.676324 30.000000 0.000000
2.221126 0.663702 30.000000 0.000000
2.241136 0.672432 30.000000 0.000000
2.261146 0.669528 30.000000 0.000000
2.281156 0.665752 30.000000 0.000000
2.301167 0.674425 30.000000 0.000000
2.321177 0.663922 30.000000 0.000000
2.341187 0.669631 30.000000 0.000000
2.361197 0.671914 30.000000 0.000000
2.381207 0.663058 30.000000 0.000000
2.401217 0.673121 30.000000 0.000000
2.421227 0.665130 30.000000 0.000000
2.441238 0.667356 30.000000 0.000000
2.461248 0.673295 30.000000 0.000000
2.481258 0.661937 30.000000 0.000000
2.501268 0.671797 30.000000 0.000000
2.521278 0.668292 30.000000 0.000000
2.541288 0.666140 30.000000 0.000000
2.561298 0.674310 30.000000 0.000000
2.581309 0.663372 30.000000 0.000000
2.601319 0.672028 30.000000 0.000000
2.621329 0.672417 30.000000 0.000000
2.641339 0.664740 30.000000 0.000000
2.661349 0.675578 30.000000 0.000000
2.681359 0.666070 30.000000 0.000000
2.701369 0.670953 30.000000 0.000000
2.721380 0.675208 30.000000 0.000000
2.741390 0.664807 30.000000 0.000000
2.761400 0.675575 30.000000 0.000000
2.781410 0.670977 30.000000 0.000000
2.801420 0.670348 30.000000 0.000000
2.821430 0.677860 30.000000 0.000000
2.841440 0.667562 30.000000 0.000000
2.861451 0.676184 30.000000 0.000000
2.881461 0.676794 30.000000 0.000000
2.901471 0.670267 30.000000 0.000000
2.921481 0.680510 30.000000 0.000000
2.941491 0.671807 30.000000 0.000000
2.961501 0.676806 30.000000 0.000000
2.981511 0.681210 30.000000 0.000000
3.001522 0.670474 30.000000 0.000000
3.021532 0.681749 30.000000 0.000000
3.041542 0.676439 30.000000 0.000000
3.061552 0.676070 30.000000 0.000000
3.081562 0.683176 30.000000 0.000000
3.101572 0.672536 30.000000 0.000000
3.121583 0.682395 30.000000 0.000000
3.141593 0.679914 30.000000 0.000000
3.161603 0.675730 30.000000 0.000000
3.181613 0.685174 30.000000 0.000000
3.201623 0.675544 30.000000 0.000000
3.221633 0.681884 30.000000 0.000000
3.241643 0.683905 30.000000 0.000000
3.261654 0.675265 30.000000 0.000000
3.281664 0.686121 30.000000 0.000000
3.301674 0.679751 30.000000 0.000000
3.321684 0.680503 30.000000 0.000000
3.341694 0.686821 30.000000 0.000000
3.361704 0.676125 30.000000 0.000000
3.381714 0.686229 30.000000 0.000000
3.401725 0.683495 30.000000 0.000000
3.421735 0.679014 30.000000 0.000000
3.441745 0.688065 30.000000 0.000000
3.461755 0.678191 30.000000 0.000000
3.481765 0.685525 30.000000 0.000000
3.501775 0.686638 30.000000 0.000000
3.521785 0.678159 30.000000 0.000000
3.541796 0.688852 30.000000 0.000000
3.561806 0.681246 30.000000 0.000000
3.581816 0.682735 30.000000 0.000000
3.601826 0.688641 30.000000 0.000000
3.621836 0.677784 30.000000 0.000000
3.641846 0.688486 30.000000 0.000000
3.661856 0.684116 30.000000 0.000000
3.681867 0.680660 30.000000 0.000000
3.701877 0.689561 30.000000 0.000000
3.721887 0.679634 30.000000 0.000000
3.741897 0.687054 30.000000 0.000000
3.761907 0.686612 30.000000 0.000000
3.781917 0.679468 30.000000 0.000000
3.801927 0.689663 30.000000 0.000000
3.821938 0.681663 30.000000 0.000000
3.841948 0.683723 30.000000 0.000000
3.861958 0.689113 30.000000 0.000000
3.881968 0.678869 30.000000 0.000000
3.901978 0.689647 30.000000 0.000000
3.921988 0.683819 30.000000 0.000000
3.941998 0.681628 30.000000 0.000000
3.962009 0.690298 30.000000 0.000000
3.982019 0.679650 30.000000 0.000000
4.002029 0.687532 30.000000 0.000000
4.022039 0.686422 30.000000 0.000000
4.042049 0.680014 30.000000 0.000000
4.062059 0.690925 30.000000 0.000000
4.082069 0.681108 30.000000 0.000000
4.102080 0.684575 30.000000 0.000000
4.122090 0.688669 30.000000 0.000000
4.142100 0.679638 30.000000 0.000000
4.162110 0.689338 30.000000 0.000000
4.182120 0.683263 30.000000 0.000000
4.202130 0.681932 30.000000 0.000000
4.222140 0.690344 30.000000 0.000000
4.242151 0.679274 30.000000 0.000000
4.262161 0.687522 30.000000 0.000000
4.282171 0.685852 30.000000 0.000000
4.302181 0.679891 30.000000 0.000000
4.322191 0.690965 30.000000 0.000000
4.342201 0.681093 30.000000 0.000000
4.362211 0.685175 30.000000 0.000000
4.382222 0.688240 30.000000 0.000000
4.402232 0.679709 30.000000 0.000000
4.422242 0.690615 30.000000 0.000000
4.442252 0.683194 30.000000 0.000000
4.462262 0.683615 30.000000 0.000000
4.482272 0.690721 30.000000 0.000000
4.502282 0.680346 30.000000 0.000000
4.522293 0.688855 30.000000 0.000000
4.542303 0.686340 30.000000 0.000000
4.562313 0.681916 30.000000 0.000000
4.582323 0.691734 30.000000 0.000000
4.602333 0.681844 30.000000 0.000000
4.622343 0.686095 30.000000 0.000000
4.642353 0.689633 30.000000 0.000000
4.662364 0.680485 30.000000 0.000000
4.682374 0.691090 30.000000 0.000000
4.702384 0.684257 30.000000 0.000000
4.722394 0.684248 30.000000 0.000000
4.742404 0.692046 30.000000 0.000000
4.762414 0.681331 30.000000 0.000000
4.782424 0.689699 30.000000 0.000000
4.802435 0.688097 30.000000 0.000000
4.822445 0.683093 30.000000 0.000000
4.842455 0.693848 30.000000 0.000000
4.862465 0.683167 30.000000 0.000000
4.882475 0.687769 30.000000 0.000000
4.902485 0.690891 30.000000 0.000000
4.922495 0.682919 30.000000 0.000000
4.942506 0.692615 30.000000 0.000000
4.962516 0.684888 30.000000 0.000000
4.982526 0.685990 30.000000 0.000000
5.002536 0.694024 30.000000 0.000000
5.022546 0.682112 30.000000 0.000000
5.042556 0.690251 30.000000 0.000000
5.062567 0.688787 30.000000 0.000000
5.082577 0.684466 30.000000 0.000000
5.102587 0.694197 30.000000 0.000000
5.122597 0.683466 30.000000 0.000000
5.142607 0.688851 30.000000 0.000000
5.162617 0.691910 30.000000 0.000000
5.182627 0.683167 30.000000 0.000000
5.202638 0.692958 30.000000 0.000000
5.222648 0.685416 30.000000 0.000000
5.242658 0.686308 30.000000 0.000000
5.262668 0.693634 30.000000 0.000000
5.282678 0.681709 30.000000 0.000000
5.302688 0.690998 30.000000 0.000000
5.322698 0.687745 30.000000 0.000000
5.342709 0.683409 30.000000 0.000000
5.362719 0.692405 30.000000 0.000000
5.382729 0.681761 30.000000 0.000000
5.402739 0.687259 30.000000 0.000000
5.422749 0.690468 30.000000 0.000000
5.442759 0.681706 30.000000 0.000000
5.462769 0.691448 30.000000 0.000000
5.482780 0.684375 30.000000 0.000000
5.502790 0.685343 30.000000 0.000000
5.522800 0.692190 30.000000 0.000000
5.542810 0.680544 30.000000 0.000000
5.562820 0.689188 30.000000 0.000000
5.582830 0.687024 30.000000 0.000000
5.602840 0.682228 30.000000 0.000000
5.622851 0.691211 30.000000 0.000000
5.642861 0.680874 30.000000 0.000000
5.662871 0.687000 30.000000 0.000000
5.682881 0.689345 30.000000 0.000000
5.702891 0.679794 30.000000 0.000000
5.722901 0.689831 30.000000 0.000000
5.742911 0.682899 30.000000 0.000000
5.762922 0.683643 30.000000 0.000000
5.782932 0.690385 30.000000 0.000000
5.802942 0.679246 30.000000 0.000000
5.822952 0.685396 30.000000 0.000000
5.842962 0.682489 30.000000 0.000000
5.862972 0.677205 30.000000 0.000000
5.882982 0.685714 30.000000 0.000000
5.902993 0.676314 30.000000 0.000000
5.923003 0.681313 30.000000 0.000000
5.943013 0.685376 30.000000 0.000000
5.963023 0.674371 30.000000 0.000000
5.983033 0.684818 30.000000 0.000000
6.003043 0.678693 30.000000 0.000000
6.023053 0.679131 30.000000 0.000000
6.043064 0.684883 30.000000 0.000000
6.063074 0.674656 30.000000 0.000000
6.083084 0.683203 30.000000 0.000000
6.103094 0.681266 30.000000 0.000000
6.123104 0.675610 30.000000 0.000000
6.143114 0.684754 30.000000 0.000000
6.163124 0.675114 30.000000 0.000000
6.183135 0.681065 30.000000 0.000000
6.203145 0.683446 30.000000 0.000000
6.223155 0.674159 30.000000 0.000000
6.243165 0.684657 30.000000 0.000000
6.263175 0.678182 30.000000 0.000000
