-0.494658 -16.108777 27.000000
-0.449457 -15.004984 27.000000
-0.395547 -14.378258 27.000000
-0.349871 -13.810588 27.000000
-0.298570 -12.703024 27.000000
-0.246430 -11.548381 27.000000
-0.198788 -10.788574 27.000000
-0.147841 -9.899956 27.000000
-0.101205 -8.842358 27.000000
-0.049026 -7.592097 27.000000
0.000000 0.000000 27.000000
0.048443 7.858238 27.000000
0.100306 9.137948 27.000000
0.146809 10.229636 27.000000
0.199322 11.152996 27.000000
0.245887 11.787415 27.000000
0.297060 12.952958 27.000000
0.349205 14.327326 27.000000
0.397735 14.624364 27.000000
0.447797 15.267354 27.000000
0.494708 16.633985 27.000000
0.547889 16.605301 27.000000
