-0.495062 -15.610531 27.000000
-0.449297 -14.630090 27.000000
-0.395818 -13.961467 27.000000
-0.349917 -13.416416 27.000000
-0.298730 -12.364010 27.000000
-0.246591 -11.250923 27.000000
-0.199373 -10.423654 27.000000
-0.147304 -9.571764 27.000000
-0.100966 -8.557423 27.000000
-0.049770 -7.338387 27.000000
0.000000 0.000000 27.000000
0.048252 7.654406 27.000000
0.099941 8.854307 27.000000
0.146860 9.921492 27.000000
0.199261 10.781401 27.000000
0.245762 11.446047 27.000000
0.297125 12.598827 27.000000
0.349228 13.962878 27.000000
0.397854 14.251595 27.000000
0.447464 14.976647 27.000000
0.494780 16.275267 27.000000
0.547806 16.293779 27.000000
