-0.494663 -16.825148 25.000000
-0.450022 -15.622888 25.000000
-0.396132 -14.861053 25.000000
-0.350365 -14.404971 25.000000
-0.299238 -13.251081 25.000000
-0.247122 -11.968461 25.000000
-0.199707 -11.105773 25.160000
-0.147730 -10.148142 25.200000
-0.101337 -9.067934 25.520000
-0.049365 -7.657006 25.400000
0.000000 0.000000 25.880000
0.048624 7.965769 25.920000
0.101002 9.361234 25.800000
0.147138 10.508673 25.920000
0.199878 11.466763 26.000000
0.246245 12.244827 25.960000
0.297508 13.486612 26.000000
0.349814 14.951877 25.920000
0.398168 15.279731 26.000000
0.448159 16.026746 26.000000
0.495410 17.398900 26.000000
0.548459 17.407524 26.000000
