0.494404 16.453069 27.000000
0.450431 15.402598 27.000000
0.396700 14.335505 27.000000
0.349323 14.079813 27.000000
0.299063 13.155399 27.000000
0.247362 11.702296 27.000000
0.199891 10.672998 27.000000
0.147887 9.644864 27.000000
0.101096 8.750141 27.000000
0.049354 7.524000 27.000000
0.000000 0.000000 27.000000
-0.049116 -7.331263 27.000000
-0.100821 -8.531488 27.000000
-0.147879 -9.509722 27.000000
-0.199759 -10.458315 27.000000
-0.245540 -11.421651 27.000000
-0.297536 -12.715255 27.000000
-0.350374 -13.719337 27.000000
-0.397652 -14.155288 27.000000
-0.447783 -15.147210 27.000000
-0.496243 -16.003893 27.000000
-0.547500 -16.272112 27.000000
