0.494048 16.277180 27.000000
0.449920 15.363137 27.000000
0.396517 14.184948 27.000000
0.348941 13.924441 27.000000
0.298580 13.142000 27.000000
0.246891 11.791490 27.000000
0.199356 10.667834 27.000000
0.147576 9.655208 27.000000
0.100842 8.683215 27.000000
0.049615 7.460337 27.000000
0.000000 0.000000 27.000000
-0.047351 -7.360232 27.000000
-0.100266 -8.570973 27.000000
-0.147096 -9.552142 27.000000
-0.199288 -10.487083 27.000000
-0.245182 -11.438699 27.000000
-0.297325 -12.670353 27.000000
-0.349820 -13.632078 27.000000
-0.397263 -14.031248 27.000000
-0.447387 -15.111965 27.000000
-0.495632 -15.806207 27.000000
-0.546742 -16.237077 27.000000
