-0.995207 -27.550289 29.880000
-0.949001 -25.990906 29.960000
-0.895791 -25.393626 29.960000
-0.847912 -24.609621 30.000000
-0.797278 -23.734815 30.000000
-0.744504 -23.355572 30.000000
-0.698018 -22.384258 30.000000
-0.646740 -21.715458 30.000000
-0.599427 -20.952388 30.000000
-0.547990 -20.191994 30.000000
-0.495897 -19.226821 30.000000
-0.448705 -18.495710 30.000000
-0.397266 -17.465826 30.000000
-0.350331 -16.488561 30.000000
-0.298311 -15.491543 30.000000
-0.247173 -14.352275 30.000000
-0.199776 -13.302138 30.000000
-0.148509 -11.917821 30.000000
-0.101316 -10.451665 30.000000
-0.049945 -8.761133 30.000000
0.000000 0.000000 30.000000
0.048438 8.692983 30.000000
0.101133 10.443139 30.000000
0.147123 11.779828 30.000000
0.199180 13.290191 30.000000
0.245552 14.582012 30.000000
0.298548 15.695816 30.000000
0.350652 16.629874 30.000000
0.396864 17.601998 30.000000
0.448770 18.625371 30.000000
0.495827 19.309334 30.000000
0.547111 20.225935 30.000000
0.600240 20.920867 30.000000
0.645698 21.711119 30.000000
0.698878 22.393660 30.000000
0.744963 23.106629 30.000000
0.797126 23.579815 30.000000
0.849255 24.250514 30.000000
0.895230 24.783385 30.000000
0.947833 25.077139 30.000000
0.995522 25.250449 30.000000
