0.994971 25.041325 30.000000
0.946720 24.646413 30.000000
0.895349 23.893689 30.000000
0.849353 23.292448 30.000000
0.796711 22.755760 30.000000
0.744591 22.014548 30.000000
0.698889 21.556266 30.000000
0.645935 20.744816 30.000000
0.599975 20.110613 30.000000
0.547437 19.198805 30.000000
0.495600 18.676936 30.000000
0.449059 17.738514 30.000000
0.396867 16.937866 30.000000
0.350803 16.211714 30.000000
0.298527 15.060733 30.000000
0.246443 13.912903 30.000000
0.200104 12.859679 30.000000
0.147800 11.607643 30.000000
0.102027 10.503580 30.000000
0.050457 8.804757 30.000000
0.000000 0.000000 30.000000
-0.047350 -8.842025 30.000000
-0.100671 -10.590910 30.000000
-0.147776 -11.800711 30.000000
-0.199420 -13.117235 30.000000
-0.246416 -14.187918 30.000000
-0.297901 -15.288510 30.000000
-0.349604 -16.431580 30.000000
-0.397196 -17.253171 30.000000
-0.448951 -18.204805 30.000000
-0.495292 -19.090966 30.000000
-0.547822 -19.815004 30.000000
-0.599251 -20.662407 30.000000
-0.646888 -21.280730 30.000000
-0.697621 -22.072451 30.000000
-0.745594 -22.531306 30.000000
-0.796664 -23.291192 30.080000
-0.848931 -23.597871 30.040000
-0.896450 -24.063740 30.720000
-0.946548 -24.976077 31.000000
-0.994312 -25.199242 31.000000
