-0.994716 -24.946380 30.960000
-0.948025 -24.289148 31.000000
-0.895391 -23.832726 31.000000
-0.848183 -23.272737 31.000000
-0.796969 -22.592969 31.000000
-0.744837 -21.983188 31.000000
-0.698026 -21.243863 31.000000
-0.646600 -20.540510 31.000000
-0.599457 -19.899124 31.000000
-0.547991 -19.131047 31.000000
-0.495522 -18.311990 31.000000
-0.449023 -17.612161 31.000000
-0.397155 -16.651824 31.000000
-0.350187 -15.904947 31.000000
-0.298492 -14.914288 31.000000
-0.246992 -13.873198 31.000000
-0.199822 -12.846825 31.000000
-0.148525 -11.545319 31.000000
-0.101081 -10.287846 31.000000
-0.049575 -8.656059 31.000000
0.000000 0.000000 31.000000
0.048731 8.650960 31.000000
0.100608 10.183376 31.000000
0.147089 11.561232 31.000000
0.199325 12.955761 31.000000
0.245734 14.106069 31.000000
0.298927 15.223999 31.000000
0.350244 16.115476 31.000000
0.396947 16.982663 31.000000
0.448701 18.055721 31.000000
0.495910 18.629055 31.000000
0.547035 19.581580 31.000000
0.600264 20.238702 31.000000
0.645689 20.946168 31.000000
0.698723 21.623697 31.000000
0.744737 22.334455 31.000000
0.797209 22.703633 31.000000
0.849258 23.353246 31.000000
0.895473 23.801044 31.000000
0.947546 24.073751 31.000000
0.994783 24.511508 31.000000
