0.994756 24.456192 31.000000
0.947492 23.851967 31.000000
0.895275 23.074172 31.000000
0.849362 22.468785 31.000000
0.796618 22.093066 31.000000
0.744897 21.195474 31.000000
0.698993 20.666839 31.000000
0.645738 19.870445 31.000000
0.600080 19.252285 31.000000
0.547471 18.463423 31.000000
0.495849 17.951180 31.000000
0.449006 16.998175 31.000000
0.396720 16.243427 31.000000
0.351072 15.532405 31.000000
0.298608 14.475108 31.080000
0.246371 13.409450 31.000000
0.200010 12.454669 31.280000
0.147556 11.327813 31.600000
0.101058 10.281366 31.880000
0.049180 8.830700 31.920000
0.000000 0.000000 31.920000
-0.048591 -8.671532 31.960000
-0.100819 -10.137293 31.920000
-0.147868 -11.308606 31.920000
-0.199279 -12.580388 32.000000
-0.246303 -13.667193 32.000000
-0.298165 -14.763502 32.000000
-0.349675 -15.827562 32.000000
-0.397200 -16.680561 31.960000
-0.449350 -17.459891 32.000000
-0.495042 -18.422766 31.960000
-0.547806 -19.101899 32.000000
-0.599058 -19.921207 32.000000
-0.646812 -20.593339 32.000000
-0.697539 -21.312356 32.000000
-0.745653 -21.702235 32.000000
-0.796435 -22.470806 32.000000
-0.849200 -22.852822 31.880000
-0.896877 -23.255256 32.000000
-0.947410 -23.608142 32.000000
-0.994079 -23.872445 32.000000
