-0.994103 -23.647401 32.000000
-0.947858 -23.323726 32.000000
-0.895396 -22.877273 32.000000
-0.848416 -22.193162 32.000000
-0.797072 -21.590806 32.000000
-0.744976 -21.107227 32.000000
-0.698073 -20.336934 32.000000
-0.646502 -19.711369 32.000000
-0.599457 -19.126651 32.000000
-0.547634 -18.407277 32.000000
-0.495487 -17.684288 32.000000
-0.448963 -17.011051 32.000000
-0.397022 -16.116412 32.000000
-0.350173 -15.445271 32.000000
-0.298290 -14.489716 32.000000
-0.246777 -13.510555 32.000000
-0.199944 -12.422228 32.000000
-0.148013 -11.169519 32.000000
-0.101427 -9.964608 32.000000
-0.049408 -8.455410 32.000000
0.000000 0.000000 32.000000
0.048648 8.427884 32.000000
0.100915 9.900064 32.000000
0.147304 11.172023 32.000000
0.199406 12.514883 32.000000
0.245680 13.636346 32.000000
0.298594 14.717016 32.000000
0.350178 15.552747 32.000000
0.396823 16.396593 32.000000
0.448842 17.376683 32.000000
0.495739 17.955779 32.000000
0.547127 18.815039 32.000000
0.600203 19.467339 32.000000
0.645609 20.132223 32.000000
0.698491 20.755399 32.000000
0.744797 21.525194 32.000000
0.797238 21.901601 32.000000
0.849287 22.548513 32.000000
0.895289 22.992667 32.000000
0.947679 23.341484 32.000000
0.995006 23.675521 32.000000
