0.994530 23.634557 32.000000
0.947203 23.134844 32.000000
0.895052 22.383215 32.000000
0.849203 21.764028 32.000000
0.796692 21.253973 32.240000
0.744862 20.470438 32.800000
0.698796 19.942771 32.960000
0.645645 19.230918 33.000000
0.599973 18.653640 33.000000
0.547274 17.891975 33.000000
0.495844 17.411658 33.000000
0.449143 16.482041 33.000000
0.396802 15.819590 33.000000
0.351038 15.146318 33.000000
0.298459 14.084715 33.000000
0.246566 13.095347 33.000000
0.200044 12.138287 33.000000
0.147414 11.029921 33.000000
0.101374 9.996250 33.000000
0.049582 8.481232 33.000000
0.000000 0.000000 33.000000
-0.048050 -8.439188 33.000000
-0.100691 -9.964506 33.000000
-0.147746 -11.060122 33.000000
-0.199098 -12.194360 33.000000
-0.246577 -13.276803 33.000000
-0.298196 -14.298944 33.000000
-0.349634 -15.351709 33.000000
-0.397147 -16.124333 33.000000
-0.448873 -16.935235 33.000000
-0.495339 -17.787061 33.000000
-0.547809 -18.402548 33.000000
-0.599081 -19.223512 33.000000
-0.646632 -19.824017 33.000000
-0.697949 -20.618197 33.000000
-0.745200 -21.017675 33.000000
-0.797042 -21.599388 33.000000
-0.848603 -22.016070 33.000000
-0.896124 -22.479386 33.000000
-0.947620 -22.930604 33.000000
-0.993176 -23.629289 33.000000
