serial number: JANUSZ_3_RI80_21414841
torque: 16
start_temp: 30 (33)
finish_temp: 30 (32)
note: zdjęty z robota 4,J1, stoper tarł o flansze, dokrecono enkoder
0.000000 0.289234 30.000000 0.000000
0.020010 0.292375 30.000000 0.000000
0.040020 0.287862 30.000000 0.000000
0.060030 0.288958 30.000000 0.000000
0.080041 0.290697 30.000000 0.000000
0.100051 0.287853 30.000000 0.000000
0.120061 0.292263 30.000000 0.000000
0.140071 0.288244 30.000000 0.000000
0.160081 0.287722 30.000000 0.000000
0.180091 0.290524 30.000000 0.000000
0.200101 0.286156 30.000000 0.000000
0.220112 0.290212 30.000000 0.000000
0.240122 0.289044 30.000000 0.000000
0.260132 0.288913 30.000000 0.000000
0.280142 0.292093 30.000000 0.000000
0.300152 0.287379 30.000000 0.000000
0.320162 0.290479 30.000000 0.000000
0.340172 0.291193 30.000000 0.000000
0.360183 0.288281 30.000000 0.000000
0.380193 0.293183 30.000000 0.000000
0.400203 0.288586 30.000000 0.000000
0.420213 0.290952 30.000000 0.000000
0.440223 0.292555 30.000000 0.000000
0.460233 0.287613 30.000000 0.000000
0.480243 0.292464 30.000000 0.000000
0.500254 0.289574 30.000000 0.000000
0.520264 0.288958 30.000000 0.000000
0.540274 0.292265 30.000000 0.000000
0.560284 0.289524 30.000000 0.000000
0.580294 0.292729 30.000000 0.000000
0.600304 0.293487 30.000000 0.000000
0.620314 0.290290 30.000000 0.000000
0.640325 0.294733 30.000000 0.000000
0.660335 0.290711 30.000000 0.000000
0.680345 0.292216 30.000000 0.000000
0.700355 0.294538 30.000000 0.000000
0.720365 0.291834 30.000000 0.000000
0.740375 0.296402 30.000000 0.000000
0.760385 0.295066 30.000000 0.000000
0.780396 0.295724 30.000000 0.000000
0.800406 0.297614 30.000000 0.000000
0.820416 0.293351 30.000000 0.000000
0.840426 0.296018 30.000000 0.000000
0.860436 0.295533 30.000000 0.000000
0.880446 0.293111 30.000000 0.000000
0.900456 0.297047 30.000000 0.000000
0.920467 0.293099 30.000000 0.000000
0.940477 0.295260 30.000000 0.000000
0.960487 0.296042 30.000000 0.000000
0.980497 0.293938 30.000000 0.000000
1.000507 0.297330 30.000000 0.000000
1.020517 0.294216 30.000000 0.000000
1.040528 0.295138 30.000000 0.000000
1.060538 0.296407 30.000000 0.000000
1.080548 0.293091 30.000000 0.000000
1.100558 0.296809 30.000000 0.000000
1.120568 0.294904 30.000000 0.000000
1.140578 0.294146 30.000000 0.000000
1.160588 0.296933 30.000000 0.000000
1.180599 0.293219 30.000000 0.000000
1.200609 0.296135 30.000000 0.000000
1.220619 0.295435 30.000000 0.000000
1.240629 0.292552 30.000000 0.000000
1.260639 0.295626 30.000000 0.000000
1.280649 0.291192 30.000000 0.000000
1.300659 0.291393 30.000000 0.000000
1.320670 0.292624 30.000000 0.000000
1.340680 0.287673 30.000000 0.000000
1.360690 0.290818 30.000000 0.000000
1.380700 0.288648 30.000000 0.000000
1.400710 0.288084 30.000000 0.000000
1.420720 0.291028 30.000000 0.000000
1.440730 0.287253 30.000000 0.000000
1.460741 0.290823 30.000000 0.000000
1.480751 0.290430 30.000000 0.000000
1.500761 0.288530 30.000000 0.000000
1.520771 0.291488 30.000000 0.000000
1.540781 0.288687 30.000000 0.000000
1.560791 0.289692 30.000000 0.000000
1.580801 0.290958 30.000000 0.000000
1.600812 0.288002 30.000000 0.000000
1.620822 0.291368 30.000000 0.000000
1.640832 0.287948 30.000000 0.000000
1.660842 0.286537 30.000000 0.000000
1.680852 0.289172 30.000000 0.000000
1.700862 0.284327 30.000000 0.000000
1.720872 0.286281 30.000000 0.000000
1.740883 0.285655 30.000000 0.000000
1.760893 0.283082 30.000000 0.000000
1.780903 0.286757 30.000000 0.000000
1.800913 0.281647 30.000000 0.000000
1.820923 0.282911 30.000000 0.000000
1.840933 0.284700 30.000000 0.000000
1.860943 0.280101 30.000000 0.000000
1.880954 0.284880 30.000000 0.000000
1.900964 0.281154 30.000000 0.000000
1.920974 0.282319 30.000000 0.000000
1.940984 0.285465 30.000000 0.000000
1.960994 0.279635 30.000000 0.000000
1.981004 0.283235 30.000000 0.000000
2.001014 0.282824 30.000000 0.000000
2.021025 0.280276 30.000000 0.000000
2.041035 0.284559 30.000000 0.000000
2.061045 0.277850 30.000000 0.000000
2.081055 0.279459 30.000000 0.000000
2.101065 0.281763 30.000000 0.000000
2.121075 0.275930 30.000000 0.000000
2.141085 0.281258 30.000000 0.000000
2.161096 0.277647 30.000000 0.000000
2.181106 0.277393 30.000000 0.000000
2.201116 0.281295 30.000000 0.000000
2.221126 0.276239 30.000000 0.000000
2.241136 0.279116 30.000000 0.000000
2.261146 0.280959 30.000000 0.000000
2.281156 0.280446 30.000000 0.000000
2.301167 0.285308 30.000000 0.000000
2.321177 0.280309 30.000000 0.000000
2.341187 0.282118 30.000000 0.000000
2.361197 0.284476 30.000000 0.000000
2.381207 0.281785 30.000000 0.000000
2.401217 0.286954 30.000000 0.000000
2.421227 0.283781 30.000000 0.000000
2.441238 0.282448 30.000000 0.000000
2.461248 0.286176 30.000000 0.000000
2.481258 0.281803 30.000000 0.000000
2.501268 0.285323 30.000000 0.000000
2.521278 0.285967 30.000000 0.000000
2.541288 0.283149 30.000000 0.000000
2.561298 0.287218 30.000000 0.000000
2.581309 0.282827 30.000000 0.000000
2.601319 0.284905 30.000000 0.000000
2.621329 0.286635 30.000000 0.000000
2.641339 0.282157 30.000000 0.000000
2.661349 0.286796 30.000000 0.000000
2.681359 0.284663 30.000000 0.000000
2.701369 0.285341 30.000000 0.000000
2.721380 0.288963 30.000000 0.000000
2.741390 0.283735 30.000000 0.000000
2.761400 0.287015 30.000000 0.000000
2.781410 0.287590 30.000000 0.000000
2.801420 0.285516 30.000000 0.000000
2.821430 0.289888 30.000000 0.000000
2.841440 0.285546 30.000000 0.000000
2.861451 0.286510 30.000000 0.000000
2.881461 0.288908 30.000000 0.000000
2.901471 0.283773 30.000000 0.000000
2.921481 0.287580 30.000000 0.000000
2.941491 0.285696 30.000000 0.000000
2.961501 0.284452 30.000000 0.000000
2.981511 0.289117 30.000000 0.000000
3.001522 0.284438 30.000000 0.000000
3.021532 0.287064 30.000000 0.000000
3.041542 0.288385 30.000000 0.000000
3.061552 0.287896 30.000000 0.000000
3.081562 0.292442 30.000000 0.000000
3.101572 0.290215 30.000000 0.000000
3.121583 0.291805 30.000000 0.000000
3.141593 0.293536 30.000000 0.000000
3.161603 0.289968 30.000000 0.000000
3.181613 0.293049 30.000000 0.000000
3.201623 0.291433 30.000000 0.000000
3.221633 0.290276 30.000000 0.000000
3.241643 0.293174 30.000000 0.000000
3.261654 0.290381 30.000000 0.000000
3.281664 0.292694 30.000000 0.000000
3.301674 0.292957 30.000000 0.000000
3.321684 0.289834 30.000000 0.000000
3.341694 0.292892 30.000000 0.000000
3.361704 0.289861 30.000000 0.000000
3.381714 0.290556 30.000000 0.000000
3.401725 0.292493 30.000000 0.000000
3.421735 0.288347 30.000000 0.000000
3.441745 0.291551 30.000000 0.000000
3.461755 0.289226 30.000000 0.000000
3.481765 0.288728 30.000000 0.000000
3.501775 0.291818 30.000000 0.000000
3.521785 0.286813 30.000000 0.000000
3.541796 0.290204 30.000000 0.000000
3.561806 0.290641 30.000000 0.000000
3.581816 0.286798 30.000000 0.000000
3.601826 0.290963 30.000000 0.000000
3.621836 0.286207 30.000000 0.000000
3.641846 0.288105 30.000000 0.000000
3.661856 0.290081 30.000000 0.000000
3.681867 0.285069 30.000000 0.000000
3.701877 0.287474 30.000000 0.000000
3.721887 0.286745 30.000000 0.000000
3.741897 0.285281 30.000000 0.000000
3.761907 0.289028 30.000000 0.000000
3.781917 0.283368 30.000000 0.000000
3.801927 0.284399 30.000000 0.000000
3.821938 0.286070 30.000000 0.000000
3.841948 0.284310 30.000000 0.000000
3.861958 0.288830 30.000000 0.000000
3.881968 0.285614 30.000000 0.000000
3.901978 0.286594 30.000000 0.000000
3.921988 0.289460 30.000000 0.000000
3.941998 0.286654 30.000000 0.000000
3.962009 0.290425 30.000000 0.000000
3.982019 0.288093 30.000000 0.000000
4.002029 0.285400 30.000000 0.000000
4.022039 0.290083 30.000000 0.000000
4.042049 0.284823 30.000000 0.000000
4.062059 0.288032 30.000000 0.000000
4.082069 0.288696 30.000000 0.000000
4.102080 0.284689 30.000000 0.000000
4.122090 0.289480 30.000000 0.000000
4.142100 0.286683 30.000000 0.000000
4.162110 0.287544 30.000000 0.000000
4.182120 0.289723 30.000000 0.000000
4.202130 0.285172 30.000000 0.000000
4.222140 0.289345 30.000000 0.000000
4.242151 0.287913 30.000000 0.000000
4.262161 0.286978 30.000000 0.000000
4.282171 0.290414 30.000000 0.000000
4.302181 0.284113 30.000000 0.000000
4.322191 0.287620 30.000000 0.000000
4.342201 0.289338 30.000000 0.000000
4.362211 0.287101 30.000000 0.000000
4.382222 0.291577 30.000000 0.000000
4.402232 0.287169 30.000000 0.000000
4.422242 0.286342 30.000000 0.000000
4.442252 0.290380 30.000000 0.000000
4.462262 0.284579 30.000000 0.000000
4.482272 0.288982 30.000000 0.000000
4.502282 0.288813 30.000000 0.000000
4.522293 0.286060 30.000000 0.000000
4.542303 0.290905 30.000000 0.000000
4.562313 0.286637 30.000000 0.000000
4.582323 0.289300 30.000000 0.000000
4.602333 0.291355 30.000000 0.000000
4.622343 0.287861 30.000000 0.000000
4.642353 0.292416 30.000000 0.000000
4.662364 0.290056 30.000000 0.000000
4.682374 0.290834 30.000000 0.000000
4.702384 0.293823 30.000000 0.000000
4.722394 0.290412 30.000000 0.000000
4.742404 0.294234 30.000000 0.000000
4.762414 0.293894 30.000000 0.000000
4.782424 0.293281 30.000000 0.000000
4.802435 0.296600 30.000000 0.000000
4.822445 0.293328 30.000000 0.000000
4.842455 0.293190 30.000000 0.000000
4.862465 0.294236 30.000000 0.000000
4.882475 0.290733 30.000000 0.000000
4.902485 0.294396 30.000000 0.000000
4.922495 0.292476 30.000000 0.000000
4.942506 0.292757 30.000000 0.000000
4.962516 0.294166 30.000000 0.000000
4.982526 0.289803 30.000000 0.000000
5.002536 0.293138 30.000000 0.000000
5.022546 0.292097 30.000000 0.000000
5.042556 0.290870 30.000000 0.000000
5.062567 0.294790 30.000000 0.000000
5.082577 0.290759 30.000000 0.000000
5.102587 0.293018 30.000000 0.000000
5.122597 0.294554 30.000000 0.000000
5.142607 0.292648 30.000000 0.000000
5.162617 0.296628 30.000000 0.000000
5.182627 0.293066 30.000000 0.000000
5.202638 0.295146 30.000000 0.000000
5.222648 0.296048 30.000000 0.000000
5.242658 0.292598 30.000000 0.000000
5.262668 0.294746 30.000000 0.000000
5.282678 0.293198 30.000000 0.000000
5.302688 0.291750 30.000000 0.000000
5.322698 0.294330 30.000000 0.000000
5.342709 0.290955 30.000000 0.000000
5.362719 0.292085 30.000000 0.000000
5.382729 0.292926 30.000000 0.000000
5.402739 0.291013 30.000000 0.000000
5.422749 0.293716 30.000000 0.000000
5.442759 0.291332 30.000000 0.000000
5.462769 0.292702 30.000000 0.000000
5.482780 0.294352 30.000000 0.000000
5.502790 0.292790 30.000000 0.000000
5.522800 0.295005 30.000000 0.000000
5.542810 0.293588 30.000000 0.000000
5.562820 0.292897 30.000000 0.000000
5.582830 0.295407 30.000000 0.000000
5.602840 0.291337 30.000000 0.000000
5.622851 0.293567 30.000000 0.000000
5.642861 0.292949 30.000000 0.000000
5.662871 0.291237 30.000000 0.000000
5.682881 0.294338 30.000000 0.000000
5.702891 0.289459 30.000000 0.000000
5.722901 0.291692 30.000000 0.000000
5.742911 0.291932 30.000000 0.000000
5.762922 0.291392 30.000000 0.000000
5.782932 0.294336 30.000000 0.000000
5.802942 0.291038 30.000000 0.000000
5.822952 0.292895 30.000000 0.000000
5.842962 0.293720 30.000000 0.000000
5.862972 0.288790 30.000000 0.000000
5.882982 0.291619 30.000000 0.000000
5.902993 0.289977 30.000000 0.000000
5.923003 0.290332 30.000000 0.000000
5.943013 0.293035 30.000000 0.000000
5.963023 0.287466 30.000000 0.000000
5.983033 0.290518 30.000000 0.000000
6.003043 0.290445 30.000000 0.000000
6.023053 0.287342 30.000000 0.000000
6.043064 0.291216 30.000000 0.000000
6.063074 0.286495 30.000000 0.000000
6.083084 0.286874 30.000000 0.000000
6.103094 0.289602 30.000000 0.000000
6.123104 0.285707 30.000000 0.000000
6.143114 0.290284 30.000000 0.000000
6.163124 0.286936 30.000000 0.000000
6.183135 0.286251 30.000000 0.000000
6.203145 0.289819 30.000000 0.000000
6.223155 0.286920 30.000000 0.000000
6.243165 0.290268 30.000000 0.000000
6.263175 0.289870 30.000000 0.000000
