serial number: JANUSZ_3_RI80_21414841
torque: 16
start_temp: 30 (35)
finish_temp: 30 (34)
note: zdjęty z robota 4,J1, stoper tarł o flansze
0.000000 0.330668 30.000000 0.000000
0.020010 0.329749 30.000000 0.000000
0.040020 0.332042 30.000000 0.000000
0.060030 0.328196 30.000000 0.000000
0.080041 0.327360 30.000000 0.000000
0.100051 0.329142 30.000000 0.000000
0.120061 0.324792 30.000000 0.000000
0.140071 0.325145 30.000000 0.000000
0.160081 0.323327 30.000000 0.000000
0.180091 0.323301 30.000000 0.000000
0.200101 0.325619 30.000000 0.000000
0.220112 0.322192 30.000000 0.000000
0.240122 0.324035 30.000000 0.000000
0.260132 0.324747 30.000000 0.000000
0.280142 0.323428 30.000000 0.000000
0.300152 0.326104 30.000000 0.000000
0.320162 0.322670 30.000000 0.000000
0.340172 0.324083 30.000000 0.000000
0.360183 0.325482 30.000000 0.000000
0.380193 0.321319 30.000000 0.000000
0.400203 0.324325 30.000000 0.000000
0.420213 0.322162 30.000000 0.000000
0.440223 0.321928 30.000000 0.000000
0.460233 0.324657 30.000000 0.000000
0.480243 0.318450 30.000000 0.000000
0.500254 0.319479 30.000000 0.000000
0.520264 0.319949 30.000000 0.000000
0.540274 0.318345 30.000000 0.000000
0.560284 0.322511 30.000000 0.000000
0.580294 0.319295 30.000000 0.000000
0.600304 0.320419 30.000000 0.000000
0.620314 0.323920 30.000000 0.000000
0.640325 0.323324 30.000000 0.000000
0.660335 0.325767 30.000000 0.000000
0.680345 0.325068 30.000000 0.000000
0.700355 0.326673 30.000000 0.000000
0.720365 0.329092 30.000000 0.000000
0.740375 0.326536 30.000000 0.000000
0.760385 0.327273 30.000000 0.000000
0.780396 0.327343 30.000000 0.000000
0.800406 0.326619 30.000000 0.000000
0.820416 0.329033 30.000000 0.000000
0.840426 0.324183 30.000000 0.000000
0.860436 0.325376 30.000000 0.000000
0.880446 0.327294 30.000000 0.000000
0.900456 0.323903 30.000000 0.000000
0.920467 0.325643 30.000000 0.000000
0.940477 0.322442 30.000000 0.000000
0.960487 0.323493 30.000000 0.000000
0.980497 0.326600 30.000000 0.000000
1.000507 0.324206 30.000000 0.000000
1.020517 0.326631 30.000000 0.000000
1.040528 0.325963 30.000000 0.000000
1.060538 0.326238 30.000000 0.000000
1.080548 0.329366 30.000000 0.000000
1.100558 0.326721 30.000000 0.000000
1.120568 0.328740 30.000000 0.000000
1.140578 0.330079 30.000000 0.000000
1.160588 0.328087 30.000000 0.000000
1.180599 0.330536 30.000000 0.000000
1.200609 0.327568 30.000000 0.000000
1.220619 0.327216 30.000000 0.000000
1.240629 0.328864 30.000000 0.000000
1.260639 0.324133 30.000000 0.000000
1.280649 0.326873 30.000000 0.000000
1.300659 0.324960 30.000000 0.000000
1.320670 0.322233 30.000000 0.000000
1.340680 0.326246 30.000000 0.000000
1.360690 0.324122 30.000000 0.000000
1.380700 0.326511 30.000000 0.000000
1.400710 0.327537 30.000000 0.000000
1.420720 0.326514 30.000000 0.000000
1.440730 0.328732 30.000000 0.000000
1.460741 0.328316 30.000000 0.000000
1.480751 0.329723 30.000000 0.000000
1.500761 0.331485 30.000000 0.000000
1.520771 0.327547 30.000000 0.000000
1.540781 0.329821 30.000000 0.000000
1.560791 0.330354 30.000000 0.000000
1.580801 0.330523 30.000000 0.000000
1.600812 0.332154 30.000000 0.000000
1.620822 0.327800 30.000000 0.000000
1.640832 0.329382 30.000000 0.000000
1.660842 0.329629 30.000000 0.000000
1.680852 0.327487 30.000000 0.000000
1.700862 0.328862 30.000000 0.000000
1.720872 0.326501 30.000000 0.000000
1.740883 0.327284 30.000000 0.000000
1.760893 0.328917 30.000000 0.000000
1.780903 0.326118 30.000000 0.000000
1.800913 0.328490 30.000000 0.000000
1.820923 0.327075 30.000000 0.000000
1.840933 0.327818 30.000000 0.000000
1.860943 0.329574 30.000000 0.000000
1.880954 0.327984 30.000000 0.000000
1.900964 0.330233 30.000000 0.000000
1.920974 0.329255 30.000000 0.000000
1.940984 0.327382 30.000000 0.000000
1.960994 0.329428 30.000000 0.000000
1.981004 0.328230 30.000000 0.000000
2.001014 0.329351 30.000000 0.000000
2.021025 0.329616 30.000000 0.000000
2.041035 0.324062 30.000000 0.000000
2.061045 0.326808 30.000000 0.000000
2.081055 0.323883 30.000000 0.000000
2.101065 0.323250 30.000000 0.000000
2.121075 0.326698 30.000000 0.000000
2.141085 0.325854 30.000000 0.000000
2.161096 0.327264 30.000000 0.000000
2.181106 0.327847 30.000000 0.000000
2.201116 0.326636 30.000000 0.000000
2.221126 0.329107 30.000000 0.000000
2.241136 0.329176 30.000000 0.000000
2.261146 0.330594 30.000000 0.000000
2.281156 0.333614 30.000000 0.000000
2.301167 0.332539 30.000000 0.000000
2.321177 0.334262 30.000000 0.000000
2.341187 0.333259 30.000000 0.000000
2.361197 0.332905 30.000000 0.000000
2.381207 0.333747 30.000000 0.000000
2.401217 0.331271 30.000000 0.000000
2.421227 0.332325 30.000000 0.000000
2.441238 0.332479 30.000000 0.000000
2.461248 0.330952 30.000000 0.000000
2.481258 0.332508 30.000000 0.000000
2.501268 0.329787 30.000000 0.000000
2.521278 0.329581 30.000000 0.000000
2.541288 0.330160 30.000000 0.000000
2.561298 0.328724 30.000000 0.000000
2.581309 0.330588 30.000000 0.000000
2.601319 0.328945 30.000000 0.000000
2.621329 0.329501 30.000000 0.000000
2.641339 0.332331 30.000000 0.000000
2.661349 0.331303 30.000000 0.000000
2.681359 0.333334 30.000000 0.000000
2.701369 0.333373 30.000000 0.000000
2.721380 0.332217 30.000000 0.000000
2.741390 0.334475 30.000000 0.000000
2.761400 0.332343 30.000000 0.000000
2.781410 0.333733 30.000000 0.000000
2.801420 0.333926 30.000000 0.000000
2.821430 0.329288 30.000000 0.000000
2.841440 0.331484 30.000000 0.000000
2.861451 0.329371 30.000000 0.000000
2.881461 0.328278 30.000000 0.000000
2.901471 0.332384 30.000000 0.000000
2.921481 0.331639 30.000000 0.000000
2.941491 0.332839 30.000000 0.000000
2.961501 0.334007 30.000000 0.000000
2.981511 0.333631 30.000000 0.000000
3.001522 0.335099 30.000000 0.000000
3.021532 0.335458 30.000000 0.000000
3.041542 0.334925 30.000000 0.000000
3.061552 0.337387 30.000000 0.000000
3.081562 0.337530 30.000000 0.000000
3.101572 0.338310 30.000000 0.000000
3.121583 0.338330 30.000000 0.000000
3.141593 0.337577 30.000000 0.000000
3.161603 0.339661 30.000000 0.000000
3.181613 0.337243 30.000000 0.000000
3.201623 0.337339 30.000000 0.000000
3.221633 0.338500 30.000000 0.000000
3.241643 0.337342 30.000000 0.000000
3.261654 0.338135 30.000000 0.000000
3.281664 0.335156 30.000000 0.000000
3.301674 0.333532 30.000000 0.000000
3.321684 0.335164 30.000000 0.000000
3.341694 0.333797 30.000000 0.000000
3.361704 0.335776 30.000000 0.000000
3.381714 0.333536 30.000000 0.000000
3.401725 0.333465 30.000000 0.000000
3.421735 0.335737 30.000000 0.000000
3.441745 0.336052 30.000000 0.000000
3.461755 0.336886 30.000000 0.000000
3.481765 0.337589 30.000000 0.000000
3.501775 0.336671 30.000000 0.000000
3.521785 0.337713 30.000000 0.000000
3.541796 0.335808 30.000000 0.000000
3.561806 0.336177 30.000000 0.000000
3.581816 0.337543 30.000000 0.000000
3.601826 0.333125 30.000000 0.000000
3.621836 0.333255 30.000000 0.000000
3.641846 0.331809 30.000000 0.000000
3.661856 0.330542 30.000000 0.000000
3.681867 0.333263 30.000000 0.000000
3.701877 0.331262 30.000000 0.000000
3.721887 0.330331 30.000000 0.000000
3.741897 0.332354 30.000000 0.000000
3.761907 0.332479 30.000000 0.000000
3.781917 0.334302 30.000000 0.000000
3.801927 0.333234 30.000000 0.000000
3.821938 0.333151 30.000000 0.000000
3.841948 0.334361 30.000000 0.000000
3.861958 0.334386 30.000000 0.000000
3.881968 0.335022 30.000000 0.000000
3.901978 0.334181 30.000000 0.000000
3.921988 0.333685 30.000000 0.000000
3.941998 0.334608 30.000000 0.000000
3.962009 0.332112 30.000000 0.000000
3.982019 0.331935 30.000000 0.000000
4.002029 0.332602 30.000000 0.000000
4.022039 0.331753 30.000000 0.000000
4.042049 0.331915 30.000000 0.000000
4.062059 0.329132 30.000000 0.000000
4.082069 0.328983 30.000000 0.000000
4.102080 0.329352 30.000000 0.000000
4.122090 0.327440 30.000000 0.000000
4.142100 0.329067 30.000000 0.000000
4.162110 0.327398 30.000000 0.000000
4.182120 0.326336 30.000000 0.000000
4.202130 0.328019 30.000000 0.000000
4.222140 0.326529 30.000000 0.000000
4.242151 0.328719 30.000000 0.000000
4.262161 0.328064 30.000000 0.000000
4.282171 0.326076 30.000000 0.000000
4.302181 0.326605 30.000000 0.000000
4.322191 0.323648 30.000000 0.000000
4.342201 0.325640 30.000000 0.000000
4.362211 0.326552 30.000000 0.000000
4.382222 0.321499 30.000000 0.000000
4.402232 0.323217 30.000000 0.000000
4.422242 0.321119 30.000000 0.000000
4.442252 0.319552 30.000000 0.000000
4.462262 0.321780 30.000000 0.000000
4.482272 0.318817 30.000000 0.000000
4.502282 0.319732 30.000000 0.000000
4.522293 0.320490 30.000000 0.000000
4.542303 0.320136 30.000000 0.000000
4.562313 0.322618 30.000000 0.000000
4.582323 0.320667 30.000000 0.000000
4.602333 0.321768 30.000000 0.000000
4.622343 0.323276 30.000000 0.000000
4.642353 0.320793 30.000000 0.000000
4.662364 0.323427 30.000000 0.000000
4.682374 0.321471 30.000000 0.000000
4.702384 0.320793 30.000000 0.000000
4.722394 0.323515 30.000000 0.000000
4.742404 0.320789 30.000000 0.000000
4.762414 0.322255 30.000000 0.000000
4.782424 0.322534 30.000000 0.000000
4.802435 0.318839 30.000000 0.000000
4.822445 0.321369 30.000000 0.000000
4.842455 0.318311 30.000000 0.000000
4.862465 0.318771 30.000000 0.000000
4.882475 0.320518 30.000000 0.000000
4.902485 0.317692 30.000000 0.000000
4.922495 0.321164 30.000000 0.000000
4.942506 0.319388 30.000000 0.000000
4.962516 0.319032 30.000000 0.000000
4.982526 0.320867 30.000000 0.000000
5.002536 0.318540 30.000000 0.000000
5.022546 0.321352 30.000000 0.000000
5.042556 0.322683 30.000000 0.000000
5.062567 0.321414 30.000000 0.000000
5.082577 0.324414 30.000000 0.000000
5.102587 0.321824 30.000000 0.000000
5.122597 0.323267 30.000000 0.000000
5.142607 0.324576 30.000000 0.000000
5.162617 0.319920 30.000000 0.000000
5.182627 0.323512 30.000000 0.000000
5.202638 0.320746 30.000000 0.000000
5.222648 0.318739 30.000000 0.000000
5.242658 0.321993 30.000000 0.000000
5.262668 0.317819 30.000000 0.000000
5.282678 0.319218 30.000000 0.000000
5.302688 0.321119 30.000000 0.000000
5.322698 0.321132 30.000000 0.000000
5.342709 0.325360 30.000000 0.000000
5.362719 0.323763 30.000000 0.000000
5.382729 0.325908 30.000000 0.000000
5.402739 0.327228 30.000000 0.000000
5.422749 0.325411 30.000000 0.000000
5.442759 0.327878 30.000000 0.000000
5.462769 0.326616 30.000000 0.000000
5.482780 0.326052 30.000000 0.000000
5.502790 0.327684 30.000000 0.000000
5.522800 0.325560 30.000000 0.000000
5.542810 0.327346 30.000000 0.000000
5.562820 0.327108 30.000000 0.000000
5.582830 0.324113 30.000000 0.000000
5.602840 0.326820 30.000000 0.000000
5.622851 0.323431 30.000000 0.000000
5.642861 0.324379 30.000000 0.000000
5.662871 0.325645 30.000000 0.000000
5.682881 0.323807 30.000000 0.000000
5.702891 0.326449 30.000000 0.000000
5.722901 0.325398 30.000000 0.000000
5.742911 0.326455 30.000000 0.000000
5.762922 0.327862 30.000000 0.000000
5.782932 0.325167 30.000000 0.000000
5.802942 0.327894 30.000000 0.000000
5.822952 0.327084 30.000000 0.000000
5.842962 0.326850 30.000000 0.000000
5.862972 0.328882 30.000000 0.000000
5.882982 0.326336 30.000000 0.000000
5.902993 0.328483 30.000000 0.000000
5.923003 0.328084 30.000000 0.000000
5.943013 0.326001 30.000000 0.000000
5.963023 0.328799 30.000000 0.000000
5.983033 0.323726 30.000000 0.000000
6.003043 0.323908 30.000000 0.000000
6.023053 0.325986 30.000000 0.000000
6.043064 0.322509 30.000000 0.000000
6.063074 0.325097 30.000000 0.000000
6.083084 0.324794 30.000000 0.000000
6.103094 0.325809 30.000000 0.000000
6.123104 0.329220 30.000000 0.000000
6.143114 0.327422 30.000000 0.000000
6.163124 0.328887 30.000000 0.000000
6.183135 0.328891 30.000000 0.000000
6.203145 0.329396 30.000000 0.000000
6.223155 0.331891 30.000000 0.000000
6.243165 0.329318 30.000000 0.000000
6.263175 0.329305 30.000000 0.000000
