serial number: JANUSZ_3_RI80_21414841
torque: 16
start_temp: 24 (24)
finish_temp: 24 (24)
note: asdf
0.000000 0.054119 24.000000 0.000000
0.020010 0.056175 24.000000 0.000000
0.040020 0.036759 24.000000 0.000000
0.060030 0.063757 24.000000 0.000000
0.080041 0.048957 24.000000 0.000000
0.100051 0.049100 24.000000 0.000000
0.120061 0.070299 24.000000 0.000000
0.140071 0.046564 24.000000 0.000000
0.160081 0.064143 24.000000 0.000000
0.180091 0.064112 24.000000 0.000000
0.200101 0.054017 24.000000 0.000000
0.220112 0.071760 24.000000 0.000000
0.240122 0.050446 24.000000 0.000000
0.260132 0.063342 24.000000 0.000000
0.280142 0.066212 24.000000 0.000000
0.300152 0.050468 24.000000 0.000000
0.320162 0.070925 24.000000 0.000000
0.340172 0.053854 24.000000 0.000000
0.360183 0.055418 24.000000 0.000000
0.380193 0.070856 24.000000 0.000000
0.400203 0.038287 24.000000 0.000000
0.420213 0.064195 24.000000 0.000000
0.440223 0.056739 24.000000 0.000000
0.460233 0.053062 24.000000 0.000000
0.480243 0.076509 24.000000 0.000000
0.500254 0.049789 24.000000 0.000000
0.520264 0.056234 24.000000 0.000000
0.540274 0.064540 24.000000 0.000000
0.560284 0.051478 24.000000 0.000000
0.580294 0.074277 24.000000 0.000000
0.600304 0.054481 24.000000 0.000000
0.620314 0.060096 24.000000 0.000000
0.640325 0.076575 24.000000 0.000000
0.660335 0.050861 24.000000 0.000000
0.680345 0.074103 24.000000 0.000000
0.700355 0.064630 24.000000 0.000000
0.720365 0.044361 24.000000 0.000000
0.740375 0.073016 24.000000 0.000000
0.760385 0.050597 24.000000 0.000000
0.780396 0.059692 24.000000 0.000000
0.800406 0.068309 24.000000 0.000000
0.820416 0.040164 24.000000 0.000000
0.840426 0.066945 24.000000 0.000000
0.860436 0.051662 24.000000 0.000000
0.880446 0.052893 24.000000 0.000000
0.900456 0.073702 24.000000 0.000000
0.920467 0.050428 24.000000 0.000000
0.940477 0.064379 24.000000 0.000000
0.960487 0.062166 24.000000 0.000000
0.980497 0.049459 24.000000 0.000000
1.000507 0.075030 24.000000 0.000000
1.020517 0.054895 24.000000 0.000000
1.040528 0.069209 24.000000 0.000000
1.060538 0.068234 24.000000 0.000000
1.080548 0.053044 24.000000 0.000000
1.100558 0.069532 24.000000 0.000000
1.120568 0.057686 24.000000 0.000000
1.140578 0.054390 24.000000 0.000000
1.160588 0.071964 24.000000 0.000000
1.180599 0.043223 24.000000 0.000000
1.200609 0.061417 24.000000 0.000000
1.220619 0.062553 24.000000 0.000000
1.240629 0.049684 24.000000 0.000000
1.260639 0.074820 24.000000 0.000000
1.280649 0.044257 24.000000 0.000000
1.300659 0.053166 24.000000 0.000000
1.320670 0.063736 24.000000 0.000000
1.340680 0.050522 24.000000 0.000000
1.360690 0.072375 24.000000 0.000000
1.380700 0.055223 24.000000 0.000000
1.400710 0.054617 24.000000 0.000000
1.420720 0.073868 24.000000 0.000000
1.440730 0.045759 24.000000 0.000000
1.460741 0.063815 24.000000 0.000000
1.480751 0.053447 24.000000 0.000000
1.500761 0.045272 24.000000 0.000000
1.520771 0.070458 24.000000 0.000000
1.540781 0.044869 24.000000 0.000000
1.560791 0.060544 24.000000 0.000000
1.580801 0.062996 24.000000 0.000000
1.600812 0.042976 24.000000 0.000000
1.620822 0.064966 24.000000 0.000000
1.640832 0.046081 24.000000 0.000000
1.660842 0.047031 24.000000 0.000000
1.680852 0.066107 24.000000 0.000000
1.700862 0.037343 24.000000 0.000000
1.720872 0.055411 24.000000 0.000000
1.740883 0.053879 24.000000 0.000000
1.760893 0.046756 24.000000 0.000000
1.780903 0.071632 24.000000 0.000000
1.800913 0.051353 24.000000 0.000000
1.820923 0.063222 24.000000 0.000000
1.840933 0.066949 24.000000 0.000000
1.860943 0.051603 24.000000 0.000000
1.880954 0.071930 24.000000 0.000000
1.900964 0.054506 24.000000 0.000000
1.920974 0.058805 24.000000 0.000000
1.940984 0.073394 24.000000 0.000000
1.960994 0.049888 24.000000 0.000000
1.981004 0.071684 24.000000 0.000000
2.001014 0.058882 24.000000 0.000000
2.021025 0.057739 24.000000 0.000000
2.041035 0.075708 24.000000 0.000000
2.061045 0.046415 24.000000 0.000000
2.081055 0.063938 24.000000 0.000000
2.101065 0.063296 24.000000 0.000000
2.121075 0.056177 24.000000 0.000000
2.141085 0.079419 24.000000 0.000000
2.161096 0.056313 24.000000 0.000000
2.181106 0.060743 24.000000 0.000000
2.201116 0.073340 24.000000 0.000000
2.221126 0.055803 24.000000 0.000000
2.241136 0.078472 24.000000 0.000000
2.261146 0.061796 24.000000 0.000000
2.281156 0.063701 24.000000 0.000000
2.301167 0.080811 24.000000 0.000000
2.321177 0.056017 24.000000 0.000000
2.341187 0.075960 24.000000 0.000000
2.361197 0.064890 24.000000 0.000000
2.381207 0.055866 24.000000 0.000000
2.401217 0.079632 24.000000 0.000000
2.421227 0.049400 24.000000 0.000000
2.441238 0.066968 24.000000 0.000000
2.461248 0.068468 24.000000 0.000000
2.481258 0.052233 24.000000 0.000000
2.501268 0.074444 24.000000 0.000000
2.521278 0.054780 24.000000 0.000000
2.541288 0.061434 24.000000 0.000000
2.561298 0.074780 24.000000 0.000000
2.581309 0.054475 24.000000 0.000000
2.601319 0.075711 24.000000 0.000000
2.621329 0.064615 24.000000 0.000000
2.641339 0.058292 24.000000 0.000000
2.661349 0.078123 24.000000 0.000000
2.681359 0.055405 24.000000 0.000000
2.701369 0.071504 24.000000 0.000000
2.721380 0.068929 24.000000 0.000000
2.741390 0.055217 24.000000 0.000000
2.761400 0.077925 24.000000 0.000000
2.781410 0.057219 24.000000 0.000000
2.801420 0.064392 24.000000 0.000000
2.821430 0.068930 24.000000 0.000000
2.841440 0.048041 24.000000 0.000000
2.861451 0.075160 24.000000 0.000000
2.881461 0.058425 24.000000 0.000000
2.901471 0.063662 24.000000 0.000000
2.921481 0.079902 24.000000 0.000000
2.941491 0.045404 24.000000 0.000000
2.961501 0.068516 24.000000 0.000000
2.981511 0.062817 24.000000 0.000000
3.001522 0.056227 24.000000 0.000000
3.021532 0.082076 24.000000 0.000000
3.041542 0.054735 24.000000 0.000000
3.061552 0.073620 24.000000 0.000000
3.081562 0.069833 24.000000 0.000000
3.101572 0.050191 24.000000 0.000000
3.121583 0.071935 24.000000 0.000000
3.141593 0.052945 24.000000 0.000000
3.161603 0.051240 24.000000 0.000000
3.181613 0.066793 24.000000 0.000000
3.201623 0.044416 24.000000 0.000000
3.221633 0.066161 24.000000 0.000000
3.241643 0.051428 24.000000 0.000000
3.261654 0.041483 24.000000 0.000000
3.281664 0.072282 24.000000 0.000000
3.301674 0.041868 24.000000 0.000000
3.321684 0.059217 24.000000 0.000000
3.341694 0.058659 24.000000 0.000000
3.361704 0.044752 24.000000 0.000000
3.381714 0.067587 24.000000 0.000000
3.401725 0.047672 24.000000 0.000000
3.421735 0.054299 24.000000 0.000000
3.441745 0.067792 24.000000 0.000000
3.461755 0.049273 24.000000 0.000000
3.481765 0.073036 24.000000 0.000000
3.501775 0.058515 24.000000 0.000000
3.521785 0.053921 24.000000 0.000000
3.541796 0.072455 24.000000 0.000000
3.561806 0.046767 24.000000 0.000000
3.581816 0.064365 24.000000 0.000000
3.601826 0.057688 24.000000 0.000000
3.621836 0.047337 24.000000 0.000000
3.641846 0.074165 24.000000 0.000000
3.661856 0.051417 24.000000 0.000000
3.681867 0.056609 24.000000 0.000000
3.701877 0.063433 24.000000 0.000000
3.721887 0.041740 24.000000 0.000000
3.741897 0.068704 24.000000 0.000000
3.761907 0.054292 24.000000 0.000000
3.781917 0.053719 24.000000 0.000000
3.801927 0.072832 24.000000 0.000000
3.821938 0.046545 24.000000 0.000000
3.841948 0.067048 24.000000 0.000000
3.861958 0.059163 24.000000 0.000000
3.881968 0.054954 24.000000 0.000000
3.901978 0.076348 24.000000 0.000000
3.921988 0.048473 24.000000 0.000000
3.941998 0.058550 24.000000 0.000000
3.962009 0.062002 24.000000 0.000000
3.982019 0.047666 24.000000 0.000000
4.002029 0.073193 24.000000 0.000000
4.022039 0.048306 24.000000 0.000000
4.042049 0.054998 24.000000 0.000000
4.062059 0.061038 24.000000 0.000000
4.082069 0.043508 24.000000 0.000000
4.102080 0.063381 24.000000 0.000000
4.122090 0.052604 24.000000 0.000000
4.142100 0.047959 24.000000 0.000000
4.162110 0.066414 24.000000 0.000000
4.182120 0.037875 24.000000 0.000000
4.202130 0.047510 24.000000 0.000000
4.222140 0.055375 24.000000 0.000000
4.242151 0.043033 24.000000 0.000000
4.262161 0.064718 24.000000 0.000000
4.282171 0.045978 24.000000 0.000000
4.302181 0.045853 24.000000 0.000000
4.322191 0.059082 24.000000 0.000000
4.342201 0.038487 24.000000 0.000000
4.362211 0.058688 24.000000 0.000000
4.382222 0.047981 24.000000 0.000000
4.402232 0.045881 24.000000 0.000000
4.422242 0.067612 24.000000 0.000000
4.442252 0.039811 24.000000 0.000000
4.462262 0.048017 24.000000 0.000000
4.482272 0.044531 24.000000 0.000000
4.502282 0.007719 24.000000 0.000000
4.522293 nan nan nan
4.542303 nan nan nan
4.562313 nan nan nan
4.582323 nan nan nan
4.602333 nan nan nan
4.622343 nan nan nan
4.642353 nan nan nan
4.662364 nan nan nan
4.682374 nan nan nan
4.702384 nan nan nan
4.722394 0.049745 24.000000 0.000000
4.742404 0.052689 24.000000 0.000000
4.762414 0.043475 24.000000 0.000000
4.782424 0.063868 24.000000 0.000000
4.802435 0.043778 24.000000 0.000000
4.822445 0.051675 24.000000 0.000000
4.842455 0.061729 24.000000 0.000000
4.862465 0.043441 24.000000 0.000000
4.882475 0.062254 24.000000 0.000000
4.902485 0.055135 24.000000 0.000000
4.922495 0.053325 24.000000 0.000000
4.942506 0.071466 24.000000 0.000000
4.962516 0.045717 24.000000 0.000000
4.982526 0.057026 24.000000 0.000000
5.002536 0.050409 24.000000 0.000000
5.022546 0.036144 24.000000 0.000000
5.042556 0.069269 24.000000 0.000000
5.062567 0.048954 24.000000 0.000000
5.082577 0.059260 24.000000 0.000000
5.102587 0.064131 24.000000 0.000000
5.122597 0.033512 24.000000 0.000000
5.142607 0.058894 24.000000 0.000000
5.162617 0.051839 24.000000 0.000000
5.182627 0.056027 24.000000 0.000000
5.202638 0.076743 24.000000 0.000000
5.222648 0.047620 24.000000 0.000000
5.242658 0.071821 24.000000 0.000000
5.262668 0.063703 24.000000 0.000000
5.282678 0.050786 24.000000 0.000000
5.302688 0.077583 24.000000 0.000000
5.322698 0.048267 24.000000 0.000000
5.342709 0.053710 24.000000 0.000000
5.362719 0.066904 24.000000 0.000000
5.382729 0.045374 24.000000 0.000000
5.402739 0.067638 24.000000 0.000000
5.422749 0.044346 24.000000 0.000000
5.442759 0.037644 24.000000 0.000000
5.462769 0.068829 24.000000 0.000000
5.482780 0.045442 24.000000 0.000000
5.502790 0.059953 24.000000 0.000000
5.522800 0.061290 24.000000 0.000000
5.542810 0.044806 24.000000 0.000000
5.562820 0.071157 24.000000 0.000000
5.582830 0.050011 24.000000 0.000000
5.602840 0.051867 24.000000 0.000000
5.622851 0.070217 24.000000 0.000000
5.642861 0.045296 24.000000 0.000000
5.662871 0.072002 24.000000 0.000000
5.682881 0.061094 24.000000 0.000000
5.702891 0.055535 24.000000 0.000000
5.722901 0.075766 24.000000 0.000000
5.742911 0.048881 24.000000 0.000000
5.762922 0.062985 24.000000 0.000000
5.782932 0.063580 24.000000 0.000000
5.802942 0.041765 24.000000 0.000000
5.822952 0.074404 24.000000 0.000000
5.842962 0.050349 24.000000 0.000000
5.862972 0.056102 24.000000 0.000000
5.882982 0.067739 24.000000 0.000000
5.902993 0.041614 24.000000 0.000000
5.923003 0.063693 24.000000 0.000000
5.943013 0.056069 24.000000 0.000000
5.963023 0.052569 24.000000 0.000000
5.983033 0.074165 24.000000 0.000000
6.003043 0.045247 24.000000 0.000000
6.023053 0.061509 24.000000 0.000000
6.043064 0.063283 24.000000 0.000000
6.063074 0.045701 24.000000 0.000000
6.083084 0.070661 24.000000 0.000000
6.103094 0.046914 24.000000 0.000000
6.123104 0.051798 24.000000 0.000000
6.143114 0.072069 24.000000 0.000000
6.163124 0.046837 24.000000 0.000000
6.183135 0.068842 24.000000 0.000000
6.203145 0.053829 24.000000 0.000000
6.223155 0.040913 24.000000 0.000000
6.243165 0.069224 24.000000 0.000000
6.263175 0.041457 24.000000 0.000000
