serial number: JANUSZ_3_RI80_21414841
torque: 16
start_temp: 138 (138)
finish_temp: 138 (138)
note: ma interpolacje
0.000000 0.089994 138.743568 0.000000
0.020010 0.099081 138.381277 0.000000
0.040020 0.096895 138.060990 0.000000
0.060030 0.107298 138.554455 0.000000
0.080041 0.102610 138.300335 0.000000
0.100051 0.091746 138.770317 0.000000
0.120061 0.099749 138.565490 0.000000
0.140071 0.085897 138.623927 0.000000
0.160081 0.095838 138.943930 0.000000
0.180091 0.093958 138.473402 0.000000
0.200101 0.088308 138.426195 0.000000
0.220112 0.102262 139.792850 0.000000
0.240122 0.088393 138.611401 0.000000
0.260132 0.094669 138.014672 0.000000
0.280142 0.102597 138.289231 0.000000
0.300152 0.092210 139.766154 0.000000
0.320162 0.097783 138.672000 0.000000
0.340172 0.087943 138.952271 0.000000
0.360183 0.096399 139.277746 0.000000
0.380193 0.106108 138.580311 0.000000
0.400203 0.082396 139.085156 0.000000
0.420213 0.095162 138.493974 0.000000
0.440223 0.094072 138.568615 0.000000
0.460233 0.091624 139.521116 0.000000
0.480243 0.098445 138.931636 0.000000
0.500254 0.083206 138.390698 0.000000
0.520264 0.093643 139.018182 0.000000
0.540274 0.103653 139.137968 0.000000
0.560284 0.093531 138.952836 0.000000
0.580294 0.092895 138.489412 0.000000
0.600304 0.074934 138.494667 0.000000
0.620314 0.091214 138.467911 0.000000
0.640325 0.106520 138.293194 0.000000
0.660335 0.089576 138.604878 0.000000
0.680345 0.099150 138.441973 0.000000
0.700355 0.103484 138.075932 0.000000
0.720365 0.101202 138.579898 0.000000
0.740375 0.097435 138.894977 0.000000
0.760385 0.083270 138.373333 0.000000
0.780396 0.092460 138.594386 0.000000
0.800406 0.105257 138.626237 0.000000
0.820416 0.094339 138.713234 0.000000
0.840426 0.099988 138.489369 0.000000
0.860436 0.080945 138.575000 0.000000
0.880446 0.092261 139.233028 0.000000
0.900456 0.105245 139.250761 0.000000
0.920467 0.095366 138.746667 0.000000
0.940477 0.093860 138.938894 0.000000
0.960487 0.098819 138.000000 0.000000
0.980497 0.097809 138.984925 0.000000
1.000507 0.101215 138.802233 0.000000
1.020517 0.081990 138.106909 0.000000
1.040528 0.090758 138.837607 0.000000
1.060538 0.103022 138.136296 0.000000
1.080548 0.088636 138.406792 0.000000
1.100558 0.097791 138.986784 0.000000
1.120568 0.094703 139.458333 0.000000
1.140578 0.095258 138.026415 0.000000
1.160588 0.109171 138.859259 0.000000
1.180599 0.087809 138.666667 0.000000
1.200609 0.089525 138.805854 0.000000
1.220619 0.094294 138.824677 0.000000
1.240629 0.086774 138.562534 0.000000
1.260639 0.103840 138.467573 0.000000
1.280649 0.093126 138.899394 0.000000
1.300659 0.099571 138.525822 0.000000
1.320670 0.105638 138.415484 0.000000
1.340680 0.095144 138.865979 0.000000
1.360690 0.100572 138.506787 0.000000
1.380700 0.107010 138.323699 0.000000
1.400710 0.103076 138.274286 0.000000
1.420720 0.105104 138.362020 0.000000
1.440730 0.096240 138.222827 0.000000
1.460741 0.105521 138.270531 0.000000
1.480751 0.112536 139.349398 0.000000
1.500761 0.105235 138.459016 0.000000
1.520771 0.099118 138.636364 0.000000
1.540781 0.099432 138.765027 0.000000
1.560791 0.099294 138.781395 0.000000
1.580801 0.106965 139.229565 0.000000
1.600812 0.102389 138.996923 0.000000
1.620822 0.100525 138.621091 0.000000
1.640832 0.102765 138.888492 0.000000
1.660842 0.099760 138.666537 0.000000
1.680852 0.107696 138.683789 0.000000
1.700862 0.106258 139.450909 0.000000
1.720872 0.106342 138.988878 0.000000
1.740883 0.111607 139.866667 0.000000
1.760893 0.099669 138.678964 0.000000
1.780903 0.109429 138.791244 0.000000
1.800913 0.099104 139.368889 0.000000
1.820923 0.101316 138.466667 0.000000
1.840933 0.108019 138.478270 0.000000
1.860943 0.096422 138.694974 0.000000
1.880954 0.107847 138.000000 0.000000
1.900964 0.093593 138.287179 0.000000
1.920974 0.100413 138.678788 0.000000
1.940984 0.114015 138.314811 0.000000
1.960994 0.100965 138.501858 0.000000
1.981004 0.105133 139.568000 0.000000
2.001014 0.103153 138.769231 0.000000
2.021025 0.096566 138.769293 0.000000
2.041035 0.109997 138.872362 0.000000
2.061045 0.098272 138.604444 0.000000
2.081055 0.102606 138.654971 0.000000
2.101065 0.111293 138.442791 0.000000
2.121075 0.106924 138.000000 0.000000
2.141085 0.106903 138.312308 0.000000
2.161096 0.100105 138.888696 0.000000
2.181106 0.096575 138.778667 0.000000
2.201116 0.111128 138.746667 0.000000
2.221126 0.104925 138.163596 0.000000
2.241136 0.110655 138.683200 0.000000
2.261146 0.107852 138.833488 0.000000
2.281156 0.094497 138.710769 0.000000
2.301167 0.110252 139.189278 0.000000
2.321177 0.109800 139.765647 0.000000
2.341187 0.103115 138.236923 0.000000
2.361197 0.107526 138.000000 0.000000
2.381207 0.112323 138.368941 0.000000
2.401217 0.109091 138.798416 0.000000
2.421227 0.100999 139.400000 0.000000
2.441238 0.096228 138.366355 0.000000
2.461248 0.100940 138.280000 0.000000
2.481258 0.106823 138.000000 0.000000
2.501268 0.111181 138.280000 0.000000
2.521278 0.115278 138.350000 0.000000
2.541288 0.108086 138.311111 0.000000
2.561298 0.113692 138.294737 0.000000
2.581309 0.102928 139.200000 0.000000
2.601319 0.091804 139.082034 0.000000
2.621329 0.098265 138.704330 0.000000
2.641339 0.089172 139.037037 0.000000
2.661349 0.108505 139.372549 0.000000
2.681359 0.107127 138.429767 0.000000
2.701369 0.106639 138.480000 0.000000
2.721380 0.119874 138.337349 0.000000
2.741390 0.097830 138.865979 0.000000
2.761400 0.110797 138.277228 0.000000
2.781410 0.113256 138.069136 0.000000
2.801420 0.106394 139.107957 0.000000
2.821430 0.118565 138.036923 0.000000
2.841440 0.100963 138.608696 0.000000
2.861451 0.105173 139.950291 0.000000
2.881461 0.112427 138.672000 0.000000
2.901471 0.102405 138.719158 0.000000
2.921481 0.106371 138.702745 0.000000
2.941491 0.096749 139.446667 0.000000
2.961501 0.104567 139.251765 0.000000
2.981511 0.110576 138.591461 0.000000
3.001522 0.104556 138.186667 0.000000
3.021532 0.109531 139.141961 0.000000
3.041542 0.107024 139.235862 0.000000
3.061552 0.109682 139.505376 0.000000
3.081562 0.117432 138.636364 0.000000
3.101572 0.109520 138.651163 0.000000
3.121583 0.113258 139.462857 0.000000
3.141593 0.119395 138.947692 0.000000
3.161603 0.115415 138.989767 0.000000
3.181613 0.104052 139.413592 0.000000
3.201623 0.088478 139.049143 0.000000
3.221633 0.098139 138.070000 0.000000
3.241643 0.111298 138.643678 0.000000
3.261654 0.101168 138.602151 0.000000
3.281664 0.091483 138.897589 0.000000
3.301674 0.093437 138.716800 0.000000
3.321684 0.103070 138.456915 0.000000
3.341694 0.120622 138.402395 0.000000
3.361704 0.102617 138.547826 0.000000
3.381714 0.108570 138.405797 0.000000
3.401725 0.102892 138.471910 0.000000
3.421735 0.102396 138.142857 0.000000
3.441745 0.115328 138.306011 0.000000
3.461755 0.094779 138.426396 0.000000
3.481765 0.110644 139.108800 0.000000
3.501775 0.112153 138.625882 0.000000
3.521785 0.103158 138.821739 0.000000
3.541796 0.106420 138.124444 0.000000
3.561806 0.097560 138.404607 0.000000
3.581816 0.109579 138.976410 0.000000
3.601826 0.122206 139.157500 0.000000
3.621836 0.109619 138.327485 0.000000
3.641846 0.109849 138.650146 0.000000
3.661856 0.108755 138.989006 0.000000
3.681867 0.099526 139.120000 0.000000
3.701877 0.109783 138.616898 0.000000
3.721887 0.102961 138.838470 0.000000
3.741897 0.107551 138.188462 0.000000
3.761907 0.109562 138.909176 0.000000
3.781917 0.108060 138.883556 0.000000
3.801927 0.111565 138.620933 0.000000
3.821938 0.101865 138.781538 0.000000
3.841948 0.102652 138.978028 0.000000
3.861958 0.113936 138.160958 0.000000
3.881968 0.105266 138.929231 0.000000
3.901978 0.118382 138.778610 0.000000
3.921988 0.115224 138.629136 0.000000
3.941998 0.105552 138.916364 0.000000
3.962009 0.111782 138.308315 0.000000
3.982019 0.097525 138.964923 0.000000
4.002029 0.106124 138.800000 0.000000
4.022039 0.097803 138.524632 0.000000
4.042049 0.099217 138.598812 0.000000
4.062059 0.111161 138.433548 0.000000
4.082069 0.095871 138.588000 0.000000
4.102080 0.111034 138.574213 0.000000
4.122090 0.114476 138.819512 0.000000
4.142100 0.099944 139.013333 0.000000
4.162110 0.107548 138.395294 0.000000
4.182120 0.103647 139.176000 0.000000
4.202130 0.103902 138.438261 0.000000
4.222140 0.106420 138.000000 0.000000
4.242151 0.093354 138.693069 0.000000
4.262161 0.108619 138.824039 0.000000
4.282171 0.104560 138.433149 0.000000
4.302181 0.099269 138.200597 0.000000
4.322191 0.105182 138.428571 0.000000
4.342201 0.086829 138.480000 0.000000
4.362211 0.106943 138.445825 0.000000
4.382222 0.109036 138.163743 0.000000
4.402232 0.097060 138.666131 0.000000
4.422242 0.103253 138.992607 0.000000
4.442252 0.081606 138.616740 0.000000
4.462262 0.106406 138.367761 0.000000
4.482272 0.112105 138.317225 0.000000
4.502282 0.099750 138.204167 0.000000
4.522293 0.109318 138.375200 0.000000
4.542303 0.104621 138.049778 0.000000
4.562313 0.104164 138.463918 0.000000
4.582323 0.104016 138.000000 0.000000
4.602333 0.090917 138.225072 0.000000
4.622343 0.101883 138.623927 0.000000
4.642353 0.103731 138.390400 0.000000
4.662364 0.099242 138.282828 0.000000
4.682374 0.105309 138.682927 0.000000
4.702384 0.084340 138.608584 0.000000
4.722394 0.102426 138.100853 0.000000
4.742404 0.107599 138.553636 0.000000
4.762414 0.098504 138.000000 0.000000
4.782424 0.098584 138.718206 0.000000
4.802435 0.096478 139.353333 0.000000
4.822445 0.097162 138.106161 0.000000
4.842455 0.105702 139.475833 0.000000
4.862465 0.085438 138.267156 0.000000
4.882475 0.099443 138.878924 0.000000
4.902485 0.101180 138.422295 0.000000
4.922495 0.097085 138.462488 0.000000
4.942506 0.106506 138.913831 0.000000
4.962516 0.086243 138.300364 0.000000
4.982526 0.105415 138.182069 0.000000
5.002536 0.099935 138.545185 0.000000
5.022546 0.090145 138.796209 0.000000
5.042556 0.098961 139.009009 0.000000
5.062567 0.091138 138.000000 0.000000
5.082577 0.092901 138.000000 0.000000
5.102587 0.104572 138.146597 0.000000
5.122597 0.091152 138.401914 0.000000
5.142607 0.103973 138.729057 0.000000
5.162617 0.100839 138.418462 0.000000
5.182627 0.092920 139.140837 0.000000
5.202638 0.097876 138.528302 0.000000
5.222648 0.089551 138.132701 0.000000
5.242658 0.104173 138.493846 0.000000
5.262668 0.108385 138.284855 0.000000
5.282678 0.097029 138.858477 0.000000
5.302688 0.105192 138.814545 0.000000
5.322698 0.096465 138.851667 0.000000
5.342709 0.095480 138.562557 0.000000
5.362719 0.102782 138.826806 0.000000
5.382729 0.091807 138.260971 0.000000
5.402739 0.103936 138.533832 0.000000
5.422749 0.097678 138.301075 0.000000
5.442759 0.099185 138.420000 0.000000
5.462769 0.103900 138.413793 0.000000
5.482780 0.089784 139.071770 0.000000
5.502790 0.101922 139.719437 0.000000
5.522800 0.106936 139.229425 0.000000
5.542810 0.093686 138.448000 0.000000
5.562820 0.101406 138.301935 0.000000
5.582830 0.101943 138.791556 0.000000
5.602840 0.101751 138.411765 0.000000
5.622851 0.095281 139.071538 0.000000
5.642861 0.074157 138.665827 0.000000
5.662871 0.099091 138.981850 0.000000
5.682881 0.096572 138.452766 0.000000
5.702891 0.095206 138.270531 0.000000
5.722901 0.100265 138.976682 0.000000
5.742911 0.084376 138.334480 0.000000
5.762922 0.101202 138.436432 0.000000
5.782932 0.102974 138.419218 0.000000
5.802942 0.091103 139.439252 0.000000
5.822952 0.099035 138.000000 0.000000
5.842962 0.087334 139.190338 0.000000
5.862972 0.092837 139.035000 0.000000
5.882982 0.101476 138.557157 0.000000
5.902993 0.089663 138.533333 0.000000
5.923003 0.108059 139.125517 0.000000
5.943013 0.100588 138.696889 0.000000
5.963023 0.090280 139.054414 0.000000
5.983033 0.100750 138.398104 0.000000
6.003043 0.087773 138.666667 0.000000
6.023053 0.100584 138.696075 0.000000
6.043064 0.108000 138.579535 0.000000
6.063074 0.093365 138.819904 0.000000
6.083084 0.104126 139.194313 0.000000
6.103094 0.093012 138.571429 0.000000
6.123104 0.091874 138.504505 0.000000
6.143114 0.100057 138.681980 0.000000
6.163124 0.093305 138.011144 0.000000
6.183135 0.095799 138.625455 0.000000
6.203145 0.094126 138.121865 0.000000
6.223155 0.093767 139.172830 0.000000
6.243165 0.097011 138.782466 0.000000
6.263175 0.086182 138.736150 0.000000
