serial number: JANUSZ_3_RI80_21414841
torque: 24
start_temp: 27 (28)
finish_temp: 27 (29)
note: oś 0, zdjety z Robota, tragiczna praca jointa
0.000000 0.428579 27.000000 0.000000
0.020010 0.432853 27.000000 0.000000
0.040020 0.431237 27.000000 0.000000
0.060030 0.425071 27.000000 0.000000
0.080041 0.432724 27.000000 0.000000
0.100051 0.435233 27.000000 0.000000
0.120061 0.433022 27.000000 0.000000
0.140071 0.430159 27.000000 0.000000
0.160081 0.428068 27.000000 0.000000
0.180091 0.434095 27.000000 0.000000
0.200101 0.435253 27.000000 0.000000
0.220112 0.429677 27.000000 0.000000
0.240122 0.436504 27.000000 0.000000
0.260132 0.437157 27.000000 0.000000
0.280142 0.437490 27.000000 0.000000
0.300152 0.435271 27.000000 0.000000
0.320162 0.433494 27.000000 0.000000
0.340172 0.440186 27.000000 0.000000
0.360183 0.440544 27.000000 0.000000
0.380193 0.438121 27.000000 0.000000
0.400203 0.439313 27.000000 0.000000
0.420213 0.441033 27.000000 0.000000
0.440223 0.443002 27.000000 0.000000
0.460233 0.442899 27.000000 0.000000
0.480243 0.439478 27.000000 0.000000
0.500254 0.444853 27.000000 0.000000
0.520264 0.444448 27.000000 0.000000
0.540274 0.445512 27.000000 0.000000
0.560284 0.445307 27.000000 0.000000
0.580294 0.444392 27.000000 0.000000
0.600304 0.447920 27.000000 0.000000
0.620314 0.446722 27.000000 0.000000
0.640325 0.445289 27.000000 0.000000
0.660335 0.448889 27.000000 0.000000
0.680345 0.450660 27.000000 0.000000
0.700355 0.453057 27.000000 0.000000
0.720365 0.453037 27.000000 0.000000
0.740375 0.450820 27.000000 0.000000
0.760385 0.454738 27.000000 0.000000
0.780396 0.455227 27.000000 0.000000
0.800406 0.453578 27.000000 0.000000
0.820416 0.454700 27.000000 0.000000
0.840426 0.453492 27.000000 0.000000
0.860436 0.457666 27.000000 0.000000
0.880446 0.457074 27.000000 0.000000
0.900456 0.454924 27.000000 0.000000
0.920467 0.456460 27.000000 0.000000
0.940477 0.458338 27.000000 0.000000
0.960487 0.459330 27.000000 0.000000
0.980497 0.458340 27.000000 0.000000
1.000507 0.457585 27.000000 0.000000
1.020517 0.461419 27.000000 0.000000
1.040528 0.460499 27.000000 0.000000
1.060538 0.459018 27.000000 0.000000
1.080548 0.459969 27.000000 0.000000
1.100558 0.461244 27.000000 0.000000
1.120568 0.463169 27.000000 0.000000
1.140578 0.461163 27.000000 0.000000
1.160588 0.460399 27.000000 0.000000
1.180599 0.463540 27.000000 0.000000
1.200609 0.462203 27.000000 0.000000
1.220619 0.461530 27.000000 0.000000
1.240629 0.460736 27.000000 0.000000
1.260639 0.461965 27.000000 0.000000
1.280649 0.465435 27.000000 0.000000
1.300659 0.461000 27.000000 0.000000
1.320670 0.461038 27.000000 0.000000
1.340680 0.462732 27.000000 0.000000
1.360690 0.461819 27.000000 0.000000
1.380700 0.463957 27.000000 0.000000
1.400710 0.461017 27.000000 0.000000
1.420720 0.462596 27.000690 0.000000
1.440730 0.465962 27.004641 0.000000
1.460741 0.461489 27.000253 0.000000
1.480751 0.461042 27.000000 0.000000
1.500761 0.461017 27.000000 0.000000
1.520771 0.435122 27.000000 0.000000
1.540781 0.421122 27.006407 0.000000
1.560791 0.441516 27.002842 0.000000
1.580801 0.448450 27.000000 0.000000
1.600812 0.453754 27.000000 0.000000
1.620822 0.453060 27.000000 0.000000
1.640832 0.454656 27.000000 0.000000
1.660842 0.450847 27.000000 0.000000
1.680852 0.452393 27.000000 0.000000
1.700862 0.453721 27.000000 0.000000
1.720872 0.447426 27.000000 0.000000
1.740883 0.449291 27.000000 0.000000
1.760893 0.448349 27.000000 0.000000
1.780903 0.447044 27.000000 0.000000
1.800913 0.447808 27.000000 0.000000
1.820923 0.444256 27.000000 0.000000
1.840933 0.446488 27.000000 0.000000
1.860943 0.447829 27.000000 0.000000
1.880954 0.447595 27.000000 0.000000
1.900964 0.449048 27.000000 0.000000
1.920974 0.443893 27.000000 0.000000
1.940984 0.447261 27.000000 0.000000
1.960994 0.448896 27.000000 0.000000
1.981004 0.444548 27.000000 0.000000
2.001014 0.446002 27.000000 0.000000
2.021025 0.443651 27.000000 0.000000
2.041035 0.446128 27.000000 0.000000
2.061045 0.449333 27.000000 0.000000
2.081055 0.443600 27.000000 0.000000
2.101065 0.446840 27.000000 0.000000
2.121075 0.449855 27.000000 0.000000
2.141085 0.446936 27.000000 0.000000
2.161096 0.447296 27.000000 0.000000
2.181106 0.444010 27.000000 0.000000
2.201116 0.449085 27.000000 0.000000
2.221126 0.451708 27.000000 0.000000
2.241136 0.445920 27.000000 0.000000
2.261146 0.448891 27.000000 0.000000
2.281156 0.449825 27.000000 0.000000
2.301167 0.451342 27.000000 0.000000
2.321177 0.449348 27.000000 0.000000
2.341187 0.444390 27.000000 0.000000
2.361197 0.449364 27.000000 0.000000
2.381207 0.451729 27.000000 0.000000
2.401217 0.447988 27.000000 0.000000
2.421227 0.448579 27.000000 0.000000
2.441238 0.447482 27.000000 0.000000
2.461248 0.451584 27.000000 0.000000
2.481258 0.453235 27.000000 0.000000
2.501268 0.446969 27.000000 0.000000
2.521278 0.451227 27.000000 0.000000
2.541288 0.451049 27.000000 0.000000
2.561298 0.453760 27.000000 0.000000
2.581309 0.452945 27.000000 0.000000
2.601319 0.448832 27.000000 0.000000
2.621329 0.454358 27.000000 0.000000
2.641339 0.456806 27.000000 0.000000
2.661349 0.455078 27.000000 0.000000
2.681359 0.456088 27.000000 0.000000
2.701369 0.454266 27.000000 0.000000
2.721380 0.458047 27.000000 0.000000
2.741390 0.458654 27.000000 0.000000
2.761400 0.452725 27.000000 0.000000
2.781410 0.455330 27.000000 0.000000
2.801420 0.454334 27.000000 0.000000
2.821430 0.458047 27.000000 0.000000
2.841440 0.456972 27.000000 0.000000
2.861451 0.452691 27.000000 0.000000
2.881461 0.458034 27.000000 0.000000
2.901471 0.460457 27.000000 0.000000
2.921481 0.460136 27.000000 0.000000
2.941491 0.458635 27.000000 0.000000
2.961501 0.455971 27.000000 0.000000
2.981511 0.460941 27.000000 0.000000
3.001522 0.461761 27.000000 0.000000
3.021532 0.455900 27.000000 0.000000
3.041542 0.459368 27.000000 0.000000
3.061552 0.459899 27.000000 0.000000
3.081562 0.463238 27.000000 0.000000
3.101572 0.461949 27.000000 0.000000
3.121583 0.456633 27.000000 0.000000
3.141593 0.462124 27.000000 0.000000
3.161603 0.462004 27.000000 0.000000
3.181613 0.461401 27.000000 0.000000
3.201623 0.457445 27.000000 0.000000
3.221633 0.456191 27.000000 0.000000
3.241643 0.459897 27.000000 0.000000
3.261654 0.460042 27.000000 0.000000
3.281664 0.456085 27.000000 0.000000
3.301674 0.459455 27.000000 0.000000
3.321684 0.458150 27.000000 0.000000
3.341694 0.459624 27.000000 0.000000
3.361704 0.457692 27.000000 0.000000
3.381714 0.455014 27.000000 0.000000
3.401725 0.459640 27.000000 0.000000
3.421735 0.456788 27.000000 0.000000
3.441745 0.457414 27.000000 0.000000
3.461755 0.456092 27.000000 0.000000
3.481765 0.453143 27.000000 0.000000
3.501775 0.458656 27.000000 0.000000
3.521785 0.458428 27.000000 0.000000
3.541796 0.454825 27.000000 0.000000
3.561806 0.454234 27.000000 0.000000
3.581816 0.451543 27.000000 0.000000
3.601826 0.457439 27.000000 0.000000
3.621836 0.454168 27.000000 0.000000
3.641846 0.450108 27.000000 0.000000
3.661856 0.453501 27.000000 0.000000
3.681867 0.450480 27.000000 0.000000
3.701877 0.453099 27.000000 0.000000
3.721887 0.450690 27.000000 0.000000
3.741897 0.449821 27.000000 0.000000
3.761907 0.455336 27.000000 0.000000
3.781917 0.450635 27.000000 0.000000
3.801927 0.447690 27.000000 0.000000
3.821938 0.447045 27.000000 0.000000
3.841948 0.445666 27.000000 0.000000
3.861958 0.450537 27.000000 0.000000
3.881968 0.445176 27.000000 0.000000
3.901978 0.443392 27.000000 0.000000
3.921988 0.447367 27.000000 0.000000
3.941998 0.441071 27.000000 0.000000
3.962009 0.442594 27.000000 0.000000
3.982019 0.438873 27.000000 0.000000
4.002029 0.440490 27.000000 0.000000
4.022039 0.445465 27.000000 0.000000
4.042049 0.437736 27.000000 0.000000
4.062059 0.438936 27.000000 0.000000
4.082069 0.440742 27.000000 0.000000
4.102080 0.438845 27.000000 0.000000
4.122090 0.442043 27.000000 0.000000
4.142100 0.435856 27.000000 0.000000
4.162110 0.437195 27.000000 0.000000
4.182120 0.440886 27.000000 0.000000
4.202130 0.436096 27.000000 0.000000
4.222140 0.439379 27.000000 0.000000
4.242151 0.435206 27.000000 0.000000
4.262161 0.436441 27.000000 0.000000
4.282171 0.438891 27.000000 0.000000
4.302181 0.431714 27.000000 0.000000
4.322191 0.434575 27.000000 0.000000
4.342201 0.435179 27.000000 0.000000
4.362211 0.432260 27.000000 0.000000
4.382222 0.436566 27.000000 0.000000
4.402232 0.431331 27.000000 0.000000
4.422242 0.432975 27.000000 0.000000
4.442252 0.433469 27.000000 0.000000
4.462262 0.426762 27.000000 0.000000
4.482272 0.431562 27.000000 0.000000
4.502282 0.429386 27.000000 0.000000
4.522293 0.429010 27.000000 0.000000
4.542303 0.433309 27.000000 0.000000
4.562313 0.426485 27.000000 0.000000
4.582323 0.430509 27.000000 0.000000
4.602333 0.431507 27.000000 0.000000
4.622343 0.429932 27.000000 0.000000
4.642353 0.433906 27.000000 0.000000
4.662364 0.426337 27.000000 0.000000
4.682374 0.429908 27.000000 0.000000
4.702384 0.433487 27.000000 0.000000
4.722394 0.428103 27.000000 0.000000
4.742404 0.431567 27.000000 0.000000
4.762414 0.428499 27.000000 0.000000
4.782424 0.429115 27.000000 0.000000
4.802435 0.432870 27.000000 0.000000
4.822445 0.426332 27.000000 0.000000
4.842455 0.432207 27.000000 0.000000
4.862465 0.436500 27.000000 0.000000
4.882475 0.433678 27.000000 0.000000
4.902485 0.433606 27.000000 0.000000
4.922495 0.424849 27.000000 0.000000
4.942506 0.429663 27.000000 0.000000
4.962516 0.434238 27.000000 0.000000
4.982526 0.427244 27.000000 0.000000
5.002536 0.433308 27.000000 0.000000
5.022546 0.432664 27.000000 0.000000
5.042556 0.432364 27.000000 0.000000
5.062567 0.433094 27.000000 0.000000
5.082577 0.426052 27.000000 0.000000
5.102587 0.433005 27.000000 0.000000
5.122597 0.435348 27.000000 0.000000
5.142607 0.429613 27.000000 0.000000
5.162617 0.433209 27.000000 0.000000
5.182627 0.430126 27.000000 0.000000
5.202638 0.433325 27.000000 0.000000
5.222648 0.433930 27.000000 0.000000
5.242658 0.428123 27.000000 0.000000
5.262668 0.436083 27.000000 0.000000
5.282678 0.438538 27.000000 0.000000
5.302688 0.433441 27.000000 0.000000
5.322698 0.436335 27.000000 0.000000
5.342709 0.432775 27.000000 0.000000
5.362719 0.438018 27.000000 0.000000
5.382729 0.436713 27.000000 0.000000
5.402739 0.429941 27.000000 0.000000
5.422749 0.436566 27.000000 0.000000
5.442759 0.433925 27.000000 0.000000
5.462769 0.435015 27.000000 0.000000
5.482780 0.436251 27.000000 0.000000
5.502790 0.432929 27.000000 0.000000
5.522800 0.438085 27.000000 0.000000
5.542810 0.438244 27.000000 0.000000
5.562820 0.431187 27.000000 0.000000
5.582830 0.436503 27.000000 0.000000
5.602840 0.431586 27.000000 0.000000
5.622851 0.435616 27.000000 0.000000
5.642861 0.435242 27.000000 0.000000
5.662871 0.429544 27.000000 0.000000
5.682881 0.434917 27.000000 0.000000
5.702891 0.434759 27.000000 0.000000
5.722901 0.432276 27.000000 0.000000
5.742911 0.434387 27.000000 0.000000
5.762922 0.428357 27.000000 0.000000
5.782932 0.433629 27.000000 0.000000
5.802942 0.433873 27.001628 0.000000
5.822952 0.426265 27.004138 0.000000
5.842962 0.430882 27.000000 0.000000
5.862972 0.427257 27.000000 0.000000
5.882982 0.431690 27.000000 0.000000
5.902993 0.433027 27.000000 0.000000
5.923003 0.427270 27.000000 0.000000
5.943013 0.434207 27.000000 0.000000
5.963023 0.436108 27.000000 0.000000
5.983033 0.428986 27.000000 0.000000
6.003043 0.429575 27.000000 0.000000
6.023053 0.424048 27.000000 0.000000
6.043064 0.431189 27.000000 0.000000
6.063074 0.432710 27.000000 0.000000
6.083084 0.425644 27.000000 0.000000
6.103094 0.430127 27.000000 0.000000
6.123104 0.428913 27.000000 0.000000
6.143114 0.428916 27.000000 0.000000
6.163124 0.429550 27.000000 0.000000
6.183135 0.426133 27.000000 0.000000
6.203145 0.433315 27.000000 0.000000
6.223155 0.434276 27.000000 0.000000
6.243165 0.427133 27.000000 0.000000
6.263175 0.429995 27.000000 0.000000
