serial number: JANUSZ_3_RI80_21414841
torque: 16
start_temp: 30 (33)
finish_temp: 30 (33)
note: zdjęty z robota 4,J1, stoper tarł o flansze 
0.000000 0.287285 30.000000 0.000000
0.020010 0.285331 30.000000 0.000000
0.040020 0.288846 30.000000 0.000000
0.060030 0.283530 30.000000 0.000000
0.080041 0.284834 30.000000 0.000000
0.100051 0.286440 30.000000 0.000000
0.120061 0.282220 30.000000 0.000000
0.140071 0.286289 30.000000 0.000000
0.160081 0.281688 30.000000 0.000000
0.180091 0.282009 30.000000 0.000000
0.200101 0.284686 30.000000 0.000000
0.220112 0.279532 30.000000 0.000000
0.240122 0.282818 30.000000 0.000000
0.260132 0.281549 30.000000 0.000000
0.280142 0.280118 30.000000 0.000000
0.300152 0.284504 30.000000 0.000000
0.320162 0.278547 30.000000 0.000000
0.340172 0.281352 30.000000 0.000000
0.360183 0.282378 30.000000 0.000000
0.380193 0.280354 30.000000 0.000000
0.400203 0.284498 30.000000 0.000000
0.420213 0.280037 30.000000 0.000000
0.440223 0.281837 30.000000 0.000000
0.460233 0.284152 30.000000 0.000000
0.480243 0.279739 30.000000 0.000000
0.500254 0.283331 30.000000 0.000000
0.520264 0.279936 30.000000 0.000000
0.540274 0.278523 30.000000 0.000000
0.560284 0.282350 30.000000 0.000000
0.580294 0.275850 30.000000 0.000000
0.600304 0.279878 30.000000 0.000000
0.620314 0.281884 30.000000 0.000000
0.640325 0.279728 30.000000 0.000000
0.660335 0.282922 30.000000 0.000000
0.680345 0.279188 30.000000 0.000000
0.700355 0.282660 30.000000 0.000000
0.720365 0.284667 30.000000 0.000000
0.740375 0.282736 30.000000 0.000000
0.760385 0.286062 30.000000 0.000000
0.780396 0.284375 30.000000 0.000000
0.800406 0.284965 30.000000 0.000000
0.820416 0.286551 30.000000 0.000000
0.840426 0.281576 30.000000 0.000000
0.860436 0.284777 30.000000 0.000000
0.880446 0.284458 30.000000 0.000000
0.900456 0.282394 30.000000 0.000000
0.920467 0.285301 30.000000 0.000000
0.940477 0.279524 30.000000 0.000000
0.960487 0.281862 30.000000 0.000000
0.980497 0.282652 30.000000 0.000000
1.000507 0.279710 30.000000 0.000000
1.020517 0.283955 30.000000 0.000000
1.040528 0.280396 30.000000 0.000000
1.060538 0.280814 30.000000 0.000000
1.080548 0.283709 30.000000 0.000000
1.100558 0.281409 30.000000 0.000000
1.120568 0.284472 30.000000 0.000000
1.140578 0.284322 30.000000 0.000000
1.160588 0.285182 30.000000 0.000000
1.180599 0.287284 30.000000 0.000000
1.200609 0.282882 30.000000 0.000000
1.220619 0.284958 30.000000 0.000000
1.240629 0.285801 30.000000 0.000000
1.260639 0.282748 30.000000 0.000000
1.280649 0.285487 30.000000 0.000000
1.300659 0.281402 30.000000 0.000000
1.320670 0.282414 30.000000 0.000000
1.340680 0.285176 30.000000 0.000000
1.360690 0.281176 30.000000 0.000000
1.380700 0.284249 30.000000 0.000000
1.400710 0.284204 30.000000 0.000000
1.420720 0.285023 30.000000 0.000000
1.440730 0.286944 30.000000 0.000000
1.460741 0.284522 30.000000 0.000000
1.480751 0.286335 30.000000 0.000000
1.500761 0.287082 30.000000 0.000000
1.520771 0.285220 30.000000 0.000000
1.540781 0.287048 30.000000 0.000000
1.560791 0.285253 30.000000 0.000000
1.580801 0.286698 30.000000 0.000000
1.600812 0.287923 30.000000 0.000000
1.620822 0.285541 30.000000 0.000000
1.640832 0.288180 30.000000 0.000000
1.660842 0.286229 30.000000 0.000000
1.680852 0.286005 30.000000 0.000000
1.700862 0.287262 30.000000 0.000000
1.720872 0.285110 30.000000 0.000000
1.740883 0.287360 30.000000 0.000000
1.760893 0.287030 30.000000 0.000000
1.780903 0.284801 30.000000 0.000000
1.800913 0.287879 30.000000 0.000000
1.820923 0.284931 30.000000 0.000000
1.840933 0.286355 30.000000 0.000000
1.860943 0.286606 30.000000 0.000000
1.880954 0.284055 30.000000 0.000000
1.900964 0.287292 30.000000 0.000000
1.920974 0.286058 30.000000 0.000000
1.940984 0.287741 30.000000 0.000000
1.960994 0.289368 30.000000 0.000000
1.981004 0.286250 30.000000 0.000000
2.001014 0.288255 30.000000 0.000000
2.021025 0.286802 30.000000 0.000000
2.041035 0.283925 30.000000 0.000000
2.061045 0.287520 30.000000 0.000000
2.081055 0.283041 30.000000 0.000000
2.101065 0.284783 30.000000 0.000000
2.121075 0.285821 30.000000 0.000000
2.141085 0.282586 30.000000 0.000000
2.161096 0.284931 30.000000 0.000000
2.181106 0.283260 30.000000 0.000000
2.201116 0.284353 30.000000 0.000000
2.221126 0.287255 30.000000 0.000000
2.241136 0.285294 30.000000 0.000000
2.261146 0.286425 30.000000 0.000000
2.281156 0.286815 30.000000 0.000000
2.301167 0.287185 30.000000 0.000000
2.321177 0.289548 30.000000 0.000000
2.341187 0.286695 30.000000 0.000000
2.361197 0.288642 30.000000 0.000000
2.381207 0.288801 30.000000 0.000000
2.401217 0.286627 30.000000 0.000000
2.421227 0.289139 30.000000 0.000000
2.441238 0.286613 30.000000 0.000000
2.461248 0.286039 30.000000 0.000000
2.481258 0.288457 30.000000 0.000000
2.501268 0.285101 30.000000 0.000000
2.521278 0.288122 30.000000 0.000000
2.541288 0.286900 30.000000 0.000000
2.561298 0.285694 30.000000 0.000000
2.581309 0.288623 30.000000 0.000000
2.601319 0.286223 30.000000 0.000000
2.621329 0.288491 30.000000 0.000000
2.641339 0.289387 30.000000 0.000000
2.661349 0.287007 30.000000 0.000000
2.681359 0.290533 30.000000 0.000000
2.701369 0.289209 30.000000 0.000000
2.721380 0.290332 30.000000 0.000000
2.741390 0.291727 30.000000 0.000000
2.761400 0.289025 30.000000 0.000000
2.781410 0.292094 30.000000 0.000000
2.801420 0.291062 30.000000 0.000000
2.821430 0.289518 30.000000 0.000000
2.841440 0.291832 30.000000 0.000000
2.861451 0.288866 30.000000 0.000000
2.881461 0.289871 30.000000 0.000000
2.901471 0.290708 30.000000 0.000000
2.921481 0.287288 30.000000 0.000000
2.941491 0.290159 30.000000 0.000000
2.961501 0.288747 30.000000 0.000000
2.981511 0.289483 30.000000 0.000000
3.001522 0.291887 30.000000 0.000000
3.021532 0.290282 30.000000 0.000000
3.041542 0.291964 30.000000 0.000000
3.061552 0.292474 30.000000 0.000000
3.081562 0.292537 30.000000 0.000000
3.101572 0.294825 30.000000 0.000000
3.121583 0.293171 30.000000 0.000000
3.141593 0.294250 30.000000 0.000000
3.161603 0.294918 30.000000 0.000000
3.181613 0.293587 30.000000 0.000000
3.201623 0.294430 30.000000 0.000000
3.221633 0.292557 30.000000 0.000000
3.241643 0.292810 30.000000 0.000000
3.261654 0.294126 30.000000 0.000000
3.281664 0.292192 30.000000 0.000000
3.301674 0.293215 30.000000 0.000000
3.321684 0.293249 30.000000 0.000000
3.341694 0.292249 30.000000 0.000000
3.361704 0.293867 30.000000 0.000000
3.381714 0.291091 30.000000 0.000000
3.401725 0.293193 30.000000 0.000000
3.421735 0.293587 30.000000 0.000000
3.441745 0.290634 30.000000 0.000000
3.461755 0.292640 30.000000 0.000000
3.481765 0.292040 30.000000 0.000000
3.501775 0.293441 30.000000 0.000000
3.521785 0.295085 30.000000 0.000000
3.541796 0.292115 30.000000 0.000000
3.561806 0.294834 30.000000 0.000000
3.581816 0.293982 30.000000 0.000000
3.601826 0.292225 30.000000 0.000000
3.621836 0.293526 30.000000 0.000000
3.641846 0.289543 30.000000 0.000000
3.661856 0.290879 30.000000 0.000000
3.681867 0.291899 30.000000 0.000000
3.701877 0.288230 30.000000 0.000000
3.721887 0.290533 30.000000 0.000000
3.741897 0.289347 30.000000 0.000000
3.761907 0.289833 30.000000 0.000000
3.781917 0.291888 30.000000 0.000000
3.801927 0.289602 30.000000 0.000000
3.821938 0.291180 30.000000 0.000000
3.841948 0.291277 30.000000 0.000000
3.861958 0.290036 30.000000 0.000000
3.881968 0.292526 30.000000 0.000000
3.901978 0.290377 30.000000 0.000000
3.921988 0.291287 30.000000 0.000000
3.941998 0.291770 30.000000 0.000000
3.962009 0.289670 30.000000 0.000000
3.982019 0.292325 30.000000 0.000000
4.002029 0.290952 30.000000 0.000000
4.022039 0.289346 30.000000 0.000000
4.042049 0.291390 30.000000 0.000000
4.062059 0.288062 30.000000 0.000000
4.082069 0.290282 30.000000 0.000000
4.102080 0.289461 30.000000 0.000000
4.122090 0.286335 30.000000 0.000000
4.142100 0.289377 30.000000 0.000000
4.162110 0.286079 30.000000 0.000000
4.182120 0.287431 30.000000 0.000000
4.202130 0.288930 30.000000 0.000000
4.222140 0.283555 30.000000 0.000000
4.242151 0.287201 30.000000 0.000000
4.262161 0.285624 30.000000 0.000000
4.282171 0.285957 30.000000 0.000000
4.302181 0.288640 30.000000 0.000000
4.322191 0.284593 30.000000 0.000000
4.342201 0.287781 30.000000 0.000000
4.362211 0.287064 30.000000 0.000000
4.382222 0.282818 30.000000 0.000000
4.402232 0.285868 30.000000 0.000000
4.422242 0.281620 30.000000 0.000000
4.442252 0.282463 30.000000 0.000000
4.462262 0.284773 30.000000 0.000000
4.482272 0.278786 30.000000 0.000000
4.502282 0.282370 30.000000 0.000000
4.522293 0.281646 30.000000 0.000000
4.542303 0.279745 30.000000 0.000000
4.562313 0.284032 30.000000 0.000000
4.582323 0.280947 30.000000 0.000000
4.602333 0.283337 30.000000 0.000000
4.622343 0.284130 30.000000 0.000000
4.642353 0.280783 30.000000 0.000000
4.662364 0.284914 30.000000 0.000000
4.682374 0.282694 30.000000 0.000000
4.702384 0.284413 30.000000 0.000000
4.722394 0.286010 30.000000 0.000000
4.742404 0.280819 30.000000 0.000000
4.762414 0.283915 30.000000 0.000000
4.782424 0.283548 30.000000 0.000000
4.802435 0.282832 30.000000 0.000000
4.822445 0.285888 30.000000 0.000000
4.842455 0.280818 30.000000 0.000000
4.862465 0.282145 30.000000 0.000000
4.882475 0.282978 30.000000 0.000000
4.902485 0.278951 30.000000 0.000000
4.922495 0.284004 30.000000 0.000000
4.942506 0.280820 30.000000 0.000000
4.962516 0.281992 30.000000 0.000000
4.982526 0.284359 30.000000 0.000000
5.002536 0.279974 30.000000 0.000000
5.022546 0.284786 30.000000 0.000000
5.042556 0.283890 30.000000 0.000000
5.062567 0.282327 30.000000 0.000000
5.082577 0.286383 30.000000 0.000000
5.102587 0.281217 30.000000 0.000000
5.122597 0.284202 30.000000 0.000000
5.142607 0.284434 30.000000 0.000000
5.162617 0.281380 30.000000 0.000000
5.182627 0.286369 30.000000 0.000000
5.202638 0.281806 30.000000 0.000000
5.222648 0.282457 30.000000 0.000000
5.242658 0.284930 30.000000 0.000000
5.262668 0.280248 30.000000 0.000000
5.282678 0.283077 30.000000 0.000000
5.302688 0.282209 30.000000 0.000000
5.322698 0.280769 30.000000 0.000000
5.342709 0.285304 30.000000 0.000000
5.362719 0.280571 30.000000 0.000000
5.382729 0.283321 30.000000 0.000000
5.402739 0.285106 30.000000 0.000000
5.422749 0.284317 30.000000 0.000000
5.442759 0.287965 30.000000 0.000000
5.462769 0.285089 30.000000 0.000000
5.482780 0.286835 30.000000 0.000000
5.502790 0.288519 30.000000 0.000000
5.522800 0.285561 30.000000 0.000000
5.542810 0.288314 30.000000 0.000000
5.562820 0.286432 30.000000 0.000000
5.582830 0.285942 30.000000 0.000000
5.602840 0.289185 30.000000 0.000000
5.622851 0.284353 30.000000 0.000000
5.642861 0.287198 30.000000 0.000000
5.662871 0.286203 30.000000 0.000000
5.682881 0.282800 30.000000 0.000000
5.702891 0.286827 30.000000 0.000000
5.722901 0.283376 30.000000 0.000000
5.742911 0.285446 30.000000 0.000000
5.762922 0.286408 30.000000 0.000000
5.782932 0.283902 30.000000 0.000000
5.802942 0.288229 30.000000 0.000000
5.822952 0.284110 30.000000 0.000000
5.842962 0.285222 30.000000 0.000000
5.862972 0.287994 30.000000 0.000000
5.882982 0.284101 30.000000 0.000000
5.902993 0.288099 30.000000 0.000000
5.923003 0.285988 30.000000 0.000000
5.943013 0.284893 30.000000 0.000000
5.963023 0.288822 30.000000 0.000000
5.983033 0.283322 30.000000 0.000000
6.003043 0.285390 30.000000 0.000000
6.023053 0.285926 30.000000 0.000000
6.043064 0.281567 30.000000 0.000000
6.063074 0.285994 30.000000 0.000000
6.083084 0.281395 30.000000 0.000000
6.103094 0.282977 30.000000 0.000000
6.123104 0.286410 30.000000 0.000000
6.143114 0.281941 30.000000 0.000000
6.163124 0.285261 30.000000 0.000000
6.183135 0.283872 30.000000 0.000000
6.203145 0.285424 30.000000 0.000000
6.223155 0.288850 30.000000 0.000000
6.243165 0.284959 30.000000 0.000000
6.263175 0.287510 30.000000 0.000000
