serial number: JANUSZ_3_RI80_21414841
torque: 16
start_temp: 27 (27)
finish_temp: 27 (28)
note: oś 0, zdjety z Robota, tragiczna praca jointa
0.000000 0.133703 27.000000 0.000000
0.020010 0.151213 27.000000 0.000000
0.040020 0.150206 27.000000 0.000000
0.060030 0.141215 27.000000 0.000000
0.080041 0.146019 27.000000 0.000000
0.100051 0.147993 27.000000 0.000000
0.120061 0.153173 27.000000 0.000000
0.140071 0.147392 27.000000 0.000000
0.160081 0.139487 27.000000 0.000000
0.180091 0.148558 27.000000 0.000000
0.200101 0.155334 27.000000 0.000000
0.220112 0.148255 27.000000 0.000000
0.240122 0.147747 27.000000 0.000000
0.260132 0.150518 27.000000 0.000000
0.280142 0.155528 27.000000 0.000000
0.300152 0.144801 27.000000 0.000000
0.320162 0.138417 27.000000 0.000000
0.340172 0.148765 27.000000 0.000000
0.360183 0.159099 27.000000 0.000000
0.380193 0.151144 27.000000 0.000000
0.400203 0.146648 27.000000 0.000000
0.420213 0.144513 27.000000 0.000000
0.440223 0.158922 27.000000 0.000000
0.460233 0.158848 27.000000 0.000000
0.480243 0.148865 27.000000 0.000000
0.500254 0.151846 27.000000 0.000000
0.520264 0.157033 27.000000 0.000000
0.540274 0.154389 27.000000 0.000000
0.560284 0.144186 27.000000 0.000000
0.580294 0.145741 27.000000 0.000000
0.600304 0.155143 27.000000 0.000000
0.620314 0.165901 27.000000 0.000000
0.640325 0.155198 27.000000 0.000000
0.660335 0.148433 27.000000 0.000000
0.680345 0.155731 27.000000 0.000000
0.700355 0.163343 27.000000 0.000000
0.720365 0.159976 27.000000 0.000000
0.740375 0.155267 27.000000 0.000000
0.760385 0.154296 27.000000 0.000000
0.780396 0.162689 27.000000 0.000000
0.800406 0.158753 27.000000 0.000000
0.820416 0.152658 27.000000 0.000000
0.840426 0.156908 27.000000 0.000000
0.860436 0.161490 27.000000 0.000000
0.880446 0.158916 27.000000 0.000000
0.900456 0.156998 27.000000 0.000000
0.920467 0.160033 27.000000 0.000000
0.940477 0.160876 27.000000 0.000000
0.960487 0.156939 27.000000 0.000000
0.980497 0.150540 27.000000 0.000000
1.000507 0.155331 27.000000 0.000000
1.020517 0.159748 27.000000 0.000000
1.040528 0.163265 27.000000 0.000000
1.060538 0.160863 27.000000 0.000000
1.080548 0.160332 27.000000 0.000000
1.100558 0.162881 27.000000 0.000000
1.120568 0.165711 27.000000 0.000000
1.140578 0.164116 27.000000 0.000000
1.160588 0.158524 27.000000 0.000000
1.180599 0.156614 27.000000 0.000000
1.200609 0.159586 27.000000 0.000000
1.220619 0.161835 27.000000 0.000000
1.240629 0.158684 27.000000 0.000000
1.260639 0.159653 27.000000 0.000000
1.280649 0.159725 27.000000 0.000000
1.300659 0.161230 27.000000 0.000000
1.320670 0.161219 27.000000 0.000000
1.340680 0.159556 27.000000 0.000000
1.360690 0.164544 27.000000 0.000000
1.380700 0.162209 27.000000 0.000000
1.400710 0.162654 27.000000 0.000000
1.420720 0.157679 27.000000 0.000000
1.440730 0.159498 27.000000 0.000000
1.460741 0.162566 27.000000 0.000000
1.480751 0.161656 27.000000 0.000000
1.500761 0.152782 27.000000 0.000000
1.520771 0.160837 27.000000 0.000000
1.540781 0.165564 27.000000 0.000000
1.560791 0.153408 27.000000 0.000000
1.580801 0.154299 27.000000 0.000000
1.600812 0.153236 27.000000 0.000000
1.620822 0.166225 27.000000 0.000000
1.640832 0.156881 27.000000 0.000000
1.660842 0.147242 27.000000 0.000000
1.680852 0.157124 27.000000 0.000000
1.700862 0.161234 27.000000 0.000000
1.720872 0.159926 27.000000 0.000000
1.740883 0.155381 27.000000 0.000000
1.760893 0.154357 27.000000 0.000000
1.780903 0.162459 27.000000 0.000000
1.800913 0.164950 27.000000 0.000000
1.820923 0.154865 27.000000 0.000000
1.840933 0.150953 27.000000 0.000000
1.860943 0.148834 27.000000 0.000000
1.880954 0.160630 27.000000 0.000000
1.900964 0.156601 27.000000 0.000000
1.920974 0.151061 27.000000 0.000000
1.940984 0.156734 27.000000 0.000000
1.960994 0.161792 27.000000 0.000000
1.981004 0.154031 27.000000 0.000000
2.001014 0.151454 27.000000 0.000000
2.021025 0.154679 27.000000 0.000000
2.041035 0.161065 27.000000 0.000000
2.061045 0.159239 27.000000 0.000000
2.081055 0.149530 27.000000 0.000000
2.101065 0.153183 27.000000 0.000000
2.121075 0.144420 27.000000 0.000000
2.141085 0.161005 27.000000 0.000000
2.161096 0.153149 27.000000 0.000000
2.181106 0.149897 27.000000 0.000000
2.201116 0.153556 27.000000 0.000000
2.221126 0.154800 27.000000 0.000000
2.241136 0.153436 27.000000 0.000000
2.261146 0.154336 27.000000 0.000000
2.281156 0.154249 27.000000 0.000000
2.301167 0.162117 27.000000 0.000000
2.321177 0.159307 27.000000 0.000000
2.341187 0.145036 27.000000 0.000000
2.361197 0.151463 27.000000 0.000000
2.381207 0.153905 27.000000 0.000000
2.401217 0.164298 27.000000 0.000000
2.421227 0.152661 27.000000 0.000000
2.441238 0.143266 27.000000 0.000000
2.461248 0.158776 27.000000 0.000000
2.481258 0.166306 27.000000 0.000000
2.501268 0.155937 27.000000 0.000000
2.521278 0.155824 27.000000 0.000000
2.541288 0.153109 27.000000 0.000000
2.561298 0.162721 27.000000 0.000000
2.581309 0.156063 27.000000 0.000000
2.601319 0.141722 27.000000 0.000000
2.621329 0.153648 27.000000 0.000000
2.641339 0.157124 27.000000 0.000000
2.661349 0.166303 27.000000 0.000000
2.681359 0.150518 27.000000 0.000000
2.701369 0.147760 27.000000 0.000000
2.721380 0.154032 27.000000 0.000000
2.741390 0.160404 27.000000 0.000000
2.761400 0.154663 27.000000 0.000000
2.781410 0.149054 27.000000 0.000000
2.801420 0.155239 27.000000 0.000000
2.821430 0.160473 27.000000 0.000000
2.841440 0.165590 27.000000 0.000000
2.861451 0.153747 27.000000 0.000000
2.881461 0.160020 27.000000 0.000000
2.901471 0.158729 27.000000 0.000000
2.921481 0.165230 27.000000 0.000000
2.941491 0.157279 27.000000 0.000000
2.961501 0.152953 27.000000 0.000000
2.981511 0.154405 27.000000 0.000000
3.001522 0.156171 27.000000 0.000000
3.021532 0.158679 27.000000 0.000000
3.041542 0.157162 27.000000 0.000000
3.061552 0.163828 27.000000 0.000000
3.081562 0.164192 27.000000 0.000000
3.101572 0.162260 27.000000 0.000000
3.121583 0.150697 27.000000 0.000000
3.141593 0.135787 27.000000 0.000000
3.161603 0.161518 27.000000 0.000000
3.181613 0.163818 27.000000 0.000000
3.201623 0.153073 27.000000 0.000000
3.221633 0.150528 27.000000 0.000000
3.241643 0.161569 27.000000 0.000000
3.261654 0.167487 27.000000 0.000000
3.281664 0.164813 27.000000 0.000000
3.301674 0.157313 27.000000 0.000000
3.321684 0.157609 27.000000 0.000000
3.341694 0.163009 27.000000 0.000000
3.361704 0.162619 27.000000 0.000000
3.381714 0.154380 27.000000 0.000000
3.401725 0.152921 27.000000 0.000000
3.421735 0.162197 27.000000 0.000000
3.441745 0.163176 27.000000 0.000000
3.461755 0.151935 27.000000 0.000000
3.481765 0.151432 27.000000 0.000000
3.501775 0.160078 27.000000 0.000000
3.521785 0.160260 27.000000 0.000000
3.541796 0.159242 27.000000 0.000000
3.561806 0.155613 27.000000 0.000000
3.581816 0.156966 27.000000 0.000000
3.601826 0.161111 27.000000 0.000000
3.621836 0.153020 27.000000 0.000000
3.641846 0.150249 27.000000 0.000000
3.661856 0.153238 27.000000 0.000000
3.681867 0.160285 27.000000 0.000000
3.701877 0.160476 27.000000 0.000000
3.721887 0.150071 27.000000 0.000000
3.741897 0.150263 27.000000 0.000000
3.761907 0.159072 27.000000 0.000000
3.781917 0.163122 27.000000 0.000000
3.801927 0.157742 27.000000 0.000000
3.821938 0.146404 27.000000 0.000000
3.841948 0.151336 27.000000 0.000000
3.861958 0.156948 27.000000 0.000000
3.881968 0.145827 27.000000 0.000000
3.901978 0.148792 27.000000 0.000000
3.921988 0.151455 27.000000 0.000000
3.941998 0.156098 27.000000 0.000000
3.962009 0.154268 27.000000 0.000000
3.982019 0.141952 27.000000 0.000000
4.002029 0.145618 27.000000 0.000000
4.022039 0.149477 27.000000 0.000000
4.042049 0.153315 27.000000 0.000000
4.062059 0.151966 27.000000 0.000000
4.082069 0.147314 27.000000 0.000000
4.102080 0.153611 27.000000 0.000000
4.122090 0.154656 27.000000 0.000000
4.142100 0.138902 27.000000 0.000000
4.162110 0.144249 27.000000 0.000000
4.182120 0.147558 27.000000 0.000000
4.202130 0.153572 27.000000 0.000000
4.222140 0.151195 27.000000 0.000000
4.242151 0.135073 27.000000 0.000000
4.262161 0.146041 27.000000 0.000000
4.282171 0.152770 27.000000 0.000000
4.302181 0.151273 27.000000 0.000000
4.322191 0.145565 27.000000 0.000000
4.342201 0.135958 27.000000 0.000000
4.362211 0.147488 27.000000 0.000000
4.382222 0.147641 27.000000 0.000000
4.402232 0.135165 27.000000 0.000000
4.422242 0.142935 27.000000 0.000000
4.442252 0.144226 27.000000 0.000000
4.462262 0.154316 27.000000 0.000000
4.482272 0.148303 27.000000 0.000000
4.502282 0.137144 27.000000 0.000000
4.522293 0.147409 27.000000 0.000000
4.542303 0.150777 27.000000 0.000000
4.562313 0.145454 27.000000 0.000000
4.582323 0.146319 27.000000 0.000000
4.602333 0.139154 27.000000 0.000000
4.622343 0.148984 27.000000 0.000000
4.642353 0.149288 27.000000 0.000000
4.662364 0.138457 27.000000 0.000000
4.682374 0.147072 27.000000 0.000000
4.702384 0.144761 27.000000 0.000000
4.722394 0.143452 27.000000 0.000000
4.742404 0.146627 27.000000 0.000000
4.762414 0.138063 27.000000 0.000000
4.782424 0.150818 27.000000 0.000000
4.802435 0.149183 27.000000 0.000000
4.822445 0.139625 27.000000 0.000000
4.842455 0.143399 27.000000 0.000000
4.862465 0.143667 27.000000 0.000000
4.882475 0.150706 27.000000 0.000000
4.902485 0.151200 27.000000 0.000000
4.922495 0.138370 27.000000 0.000000
4.942506 0.149450 27.000000 0.000000
4.962516 0.149955 27.000000 0.000000
4.982526 0.146920 27.000000 0.000000
5.002536 0.145817 27.000000 0.000000
5.022546 0.139068 27.000000 0.000000
5.042556 0.152965 27.000000 0.000000
5.062567 0.143734 27.000000 0.000000
5.082577 0.137991 27.000000 0.000000
5.102587 0.147503 27.000000 0.000000
5.122597 0.146433 27.000000 0.000000
5.142607 0.146913 27.000000 0.000000
5.162617 0.148360 27.000000 0.000000
5.182627 0.140533 27.000000 0.000000
5.202638 0.153173 27.000000 0.000000
5.222648 0.150561 27.000000 0.000000
5.242658 0.147091 27.000000 0.000000
5.262668 0.146948 27.000000 0.000000
5.282678 0.145732 27.000000 0.000000
5.302688 0.153133 27.000000 0.000000
5.322698 0.150240 27.000000 0.000000
5.342709 0.141177 27.000000 0.000000
5.362719 0.153791 27.000000 0.000000
5.382729 0.161038 27.000000 0.000000
5.402739 0.148525 27.000000 0.000000
5.422749 0.145443 27.000000 0.000000
5.442759 0.136290 27.000000 0.000000
5.462769 0.157948 27.000000 0.000000
5.482780 0.153187 27.000000 0.000000
5.502790 0.145024 27.000000 0.000000
5.522800 0.146692 27.000000 0.000000
5.542810 0.145563 27.000000 0.000000
5.562820 0.147796 27.000000 0.000000
5.582830 0.148551 27.000000 0.000000
5.602840 0.146171 27.000000 0.000000
5.622851 0.149809 27.000000 0.000000
5.642861 0.150469 27.000000 0.000000
5.662871 0.137417 27.000000 0.000000
5.682881 0.144822 27.000000 0.000000
5.702891 0.146440 27.000000 0.000000
5.722901 0.156417 27.000000 0.000000
5.742911 0.144616 27.000000 0.000000
5.762922 0.134102 27.000000 0.000000
5.782932 0.148788 27.000000 0.000000
5.802942 0.152785 27.000000 0.000000
5.822952 0.143547 27.000000 0.000000
5.842962 0.143189 27.000000 0.000000
5.862972 0.144645 27.000000 0.000000
5.882982 0.152146 27.000000 0.000000
5.902993 0.146366 27.000000 0.000000
5.923003 0.136110 27.000000 0.000000
5.943013 0.144968 27.000000 0.000000
5.963023 0.142079 27.000000 0.000000
5.983033 0.148976 27.000000 0.000000
6.003043 0.142225 27.000000 0.000000
6.023053 0.137435 27.000000 0.000000
6.043064 0.147744 27.000000 0.000000
6.063074 0.146089 27.000000 0.000000
6.083084 0.137469 27.000000 0.000000
6.103094 0.143033 27.000000 0.000000
6.123104 0.147742 27.000000 0.000000
6.143114 0.150588 27.000000 0.000000
6.163124 0.136771 27.000000 0.000000
6.183135 0.131040 27.000000 0.000000
6.203145 0.146990 27.000000 0.000000
6.223155 0.154459 27.000000 0.000000
6.243165 0.147649 27.000000 0.000000
6.263175 0.139083 27.000000 0.000000
