serial number: JANUSZ_3_RI80_21414841
torque: 16
start_temp: 30 (33)
finish_temp: 30 (33)
note: zdjęty z robota 4,J1, stoper tarł o flansze, dokrecono enkoder
0.000000 0.304864 30.000000 0.000000
0.020010 0.306546 30.000000 0.000000
0.040020 0.303393 30.000000 0.000000
0.060030 0.304431 30.000000 0.000000
0.080041 0.306045 30.000000 0.000000
0.100051 0.302162 30.000000 0.000000
0.120061 0.305792 30.000000 0.000000
0.140071 0.303346 30.000000 0.000000
0.160081 0.303708 30.000000 0.000000
0.180091 0.306723 30.000000 0.000000
0.200101 0.302167 30.000000 0.000000
0.220112 0.306552 30.000000 0.000000
0.240122 0.305617 30.000000 0.000000
0.260132 0.305024 30.000000 0.000000
0.280142 0.308673 30.000000 0.000000
0.300152 0.304113 30.000000 0.000000
0.320162 0.305668 30.000000 0.000000
0.340172 0.306226 30.000000 0.000000
0.360183 0.302545 30.000000 0.000000
0.380193 0.307175 30.000000 0.000000
0.400203 0.302267 30.000000 0.000000
0.420213 0.301979 30.000000 0.000000
0.440223 0.304373 30.000000 0.000000
0.460233 0.301374 30.000000 0.000000
0.480243 0.305635 30.000000 0.000000
0.500254 0.305648 30.000000 0.000000
0.520264 0.306264 30.000000 0.000000
0.540274 0.308888 30.000000 0.000000
0.560284 0.307266 30.000000 0.000000
0.580294 0.308475 30.000000 0.000000
0.600304 0.310134 30.000000 0.000000
0.620314 0.308135 30.000000 0.000000
0.640325 0.311267 30.000000 0.000000
0.660335 0.309108 30.000000 0.000000
0.680345 0.310128 30.000000 0.000000
0.700355 0.312310 30.000000 0.000000
0.720365 0.308424 30.000000 0.000000
0.740375 0.311812 30.000000 0.000000
0.760385 0.310395 30.000000 0.000000
0.780396 0.309421 30.000000 0.000000
0.800406 0.311460 30.000000 0.000000
0.820416 0.308026 30.000000 0.000000
0.840426 0.309971 30.000000 0.000000
0.860436 0.309456 30.000000 0.000000
0.880446 0.308242 30.000000 0.000000
0.900456 0.311275 30.000000 0.000000
0.920467 0.307442 30.000000 0.000000
0.940477 0.309720 30.000000 0.000000
0.960487 0.309463 30.000000 0.000000
0.980497 0.308880 30.000000 0.000000
1.000507 0.311855 30.000000 0.000000
1.020517 0.309056 30.000000 0.000000
1.040528 0.309808 30.000000 0.000000
1.060538 0.310898 30.000000 0.000000
1.080548 0.308744 30.000000 0.000000
1.100558 0.310203 30.000000 0.000000
1.120568 0.309101 30.000000 0.000000
1.140578 0.306067 30.000000 0.000000
1.160588 0.309271 30.000000 0.000000
1.180599 0.304826 30.000000 0.000000
1.200609 0.304997 30.000000 0.000000
1.220619 0.306571 30.000000 0.000000
1.240629 0.303833 30.000000 0.000000
1.260639 0.307689 30.000000 0.000000
1.280649 0.305605 30.000000 0.000000
1.300659 0.305981 30.000000 0.000000
1.320670 0.307224 30.000000 0.000000
1.340680 0.305403 30.000000 0.000000
1.360690 0.308410 30.000000 0.000000
1.380700 0.307502 30.000000 0.000000
1.400710 0.308050 30.000000 0.000000
1.420720 0.309739 30.000000 0.000000
1.440730 0.305670 30.000000 0.000000
1.460741 0.307681 30.000000 0.000000
1.480751 0.306566 30.000000 0.000000
1.500761 0.303935 30.000000 0.000000
1.520771 0.306058 30.000000 0.000000
1.540781 0.303204 30.000000 0.000000
1.560791 0.303239 30.000000 0.000000
1.580801 0.304167 30.000000 0.000000
1.600812 0.300398 30.000000 0.000000
1.620822 0.302718 30.000000 0.000000
1.640832 0.301298 30.000000 0.000000
1.660842 0.301088 30.000000 0.000000
1.680852 0.303292 30.000000 0.000000
1.700862 0.299046 30.000000 0.000000
1.720872 0.300846 30.000000 0.000000
1.740883 0.299654 30.000000 0.000000
1.760893 0.296771 30.000000 0.000000
1.780903 0.299982 30.000000 0.000000
1.800913 0.295704 30.000000 0.000000
1.820923 0.297331 30.000000 0.000000
1.840933 0.298573 30.000000 0.000000
1.860943 0.294471 30.000000 0.000000
1.880954 0.299643 30.000000 0.000000
1.900964 0.296307 30.000000 0.000000
1.920974 0.296527 30.000000 0.000000
1.940984 0.298661 30.000000 0.000000
1.960994 0.291495 30.000000 0.000000
1.981004 0.294615 30.000000 0.000000
2.001014 0.293909 30.000000 0.000000
2.021025 0.290320 30.000000 0.000000
2.041035 0.294300 30.000000 0.000000
2.061045 0.292642 30.000000 0.000000
2.081055 0.295282 30.000000 0.000000
2.101065 0.298446 30.000000 0.000000
2.121075 0.295168 30.000000 0.000000
2.141085 0.298717 30.000000 0.000000
2.161096 0.297055 30.000000 0.000000
2.181106 0.297211 30.000000 0.000000
2.201116 0.300358 30.000000 0.000000
2.221126 0.295449 30.000000 0.000000
2.241136 0.297627 30.000000 0.000000
2.261146 0.298814 30.000000 0.000000
2.281156 0.295401 30.000000 0.000000
2.301167 0.300173 30.000000 0.000000
2.321177 0.296157 30.000000 0.000000
2.341187 0.297761 30.000000 0.000000
2.361197 0.300062 30.000000 0.000000
2.381207 0.293679 30.000000 0.000000
2.401217 0.297406 30.000000 0.000000
2.421227 0.294387 30.000000 0.000000
2.441238 0.294543 30.000000 0.000000
2.461248 0.297982 30.000000 0.000000
2.481258 0.293777 30.000000 0.000000
2.501268 0.296783 30.000000 0.000000
2.521278 0.297172 30.000000 0.000000
2.541288 0.295875 30.000000 0.000000
2.561298 0.300089 30.000000 0.000000
2.581309 0.296368 30.000000 0.000000
2.601319 0.298285 30.000000 0.000000
2.621329 0.299945 30.000000 0.000000
2.641339 0.295901 30.000000 0.000000
2.661349 0.299024 30.000000 0.000000
2.681359 0.298753 30.000000 0.000000
2.701369 0.298108 30.000000 0.000000
2.721380 0.302244 30.000000 0.000000
2.741390 0.294586 30.000000 0.000000
2.761400 0.295996 30.000000 0.000000
2.781410 0.298143 30.000000 0.000000
2.801420 0.295376 30.000000 0.000000
2.821430 0.300094 30.000000 0.000000
2.841440 0.297292 30.000000 0.000000
2.861451 0.297793 30.000000 0.000000
2.881461 0.301178 30.000000 0.000000
2.901471 0.298026 30.000000 0.000000
2.921481 0.302200 30.000000 0.000000
2.941491 0.301658 30.000000 0.000000
2.961501 0.302536 30.000000 0.000000
2.981511 0.305734 30.000000 0.000000
3.001522 0.301264 30.000000 0.000000
3.021532 0.303470 30.000000 0.000000
3.041542 0.303611 30.000000 0.000000
3.061552 0.302080 30.000000 0.000000
3.081562 0.304537 30.000000 0.000000
3.101572 0.302089 30.000000 0.000000
3.121583 0.302246 30.000000 0.000000
3.141593 0.304209 30.000000 0.000000
3.161603 0.300439 30.000000 0.000000
3.181613 0.302342 30.000000 0.000000
3.201623 0.302014 30.000000 0.000000
3.221633 0.301649 30.000000 0.000000
3.241643 0.304347 30.000000 0.000000
3.261654 0.300754 30.000000 0.000000
3.281664 0.302623 30.000000 0.000000
3.301674 0.303601 30.000000 0.000000
3.321684 0.301024 30.000000 0.000000
3.341694 0.304875 30.000000 0.000000
3.361704 0.301637 30.000000 0.000000
3.381714 0.303119 30.000000 0.000000
3.401725 0.304966 30.000000 0.000000
3.421735 0.300700 30.000000 0.000000
3.441745 0.304338 30.000000 0.000000
3.461755 0.302109 30.000000 0.000000
3.481765 0.301493 30.000000 0.000000
3.501775 0.303989 30.000000 0.000000
3.521785 0.298166 30.000000 0.000000
3.541796 0.299486 30.000000 0.000000
3.561806 0.299890 30.000000 0.000000
3.581816 0.295949 30.000000 0.000000
3.601826 0.299714 30.000000 0.000000
3.621836 0.297992 30.000000 0.000000
3.641846 0.299275 30.000000 0.000000
3.661856 0.301265 30.000000 0.000000
3.681867 0.299501 30.000000 0.000000
3.701877 0.302396 30.000000 0.000000
3.721887 0.302544 30.000000 0.000000
3.741897 0.301199 30.000000 0.000000
3.761907 0.303631 30.000000 0.000000
3.781917 0.301581 30.000000 0.000000
3.801927 0.302988 30.000000 0.000000
3.821938 0.303651 30.000000 0.000000
3.841948 0.299152 30.000000 0.000000
3.861958 0.302433 30.000000 0.000000
3.881968 0.299521 30.000000 0.000000
3.901978 0.299547 30.000000 0.000000
3.921988 0.302835 30.000000 0.000000
3.941998 0.297735 30.000000 0.000000
3.962009 0.300677 30.000000 0.000000
3.982019 0.300048 30.000000 0.000000
4.002029 0.298466 30.000000 0.000000
4.022039 0.302395 30.000000 0.000000
4.042049 0.297197 30.000000 0.000000
4.062059 0.300412 30.000000 0.000000
4.082069 0.300227 30.000000 0.000000
4.102080 0.297357 30.000000 0.000000
4.122090 0.301689 30.000000 0.000000
4.142100 0.298598 30.000000 0.000000
4.162110 0.300187 30.000000 0.000000
4.182120 0.302781 30.000000 0.000000
4.202130 0.298806 30.000000 0.000000
4.222140 0.302169 30.000000 0.000000
4.242151 0.301662 30.000000 0.000000
4.262161 0.298868 30.000000 0.000000
4.282171 0.302074 30.000000 0.000000
4.302181 0.296953 30.000000 0.000000
4.322191 0.298427 30.000000 0.000000
4.342201 0.300707 30.000000 0.000000
4.362211 0.295146 30.000000 0.000000
4.382222 0.299745 30.000000 0.000000
4.402232 0.298851 30.000000 0.000000
4.422242 0.298447 30.000000 0.000000
4.442252 0.303130 30.000000 0.000000
4.462262 0.299588 30.000000 0.000000
4.482272 0.303031 30.000000 0.000000
4.502282 0.303027 30.000000 0.000000
4.522293 0.301786 30.000000 0.000000
4.542303 0.305101 30.000000 0.000000
4.562313 0.302284 30.000000 0.000000
4.582323 0.304799 30.000000 0.000000
4.602333 0.305826 29.995261 0.000000
4.622343 0.302823 30.000000 0.000000
4.642353 0.305985 30.000000 0.000000
4.662364 0.304270 30.000000 0.000000
4.682374 0.304945 30.000000 0.000000
4.702384 0.307158 30.000000 0.000000
4.722394 0.302800 30.000000 0.000000
4.742404 0.304176 30.000000 0.000000
4.762414 0.304331 30.000000 0.000000
4.782424 0.303571 30.000000 0.000000
4.802435 0.306249 30.000000 0.000000
4.822445 0.303237 30.000000 0.000000
4.842455 0.303409 30.000000 0.000000
4.862465 0.305842 30.000000 0.000000
4.882475 0.302769 30.000000 0.000000
4.902485 0.306254 30.000000 0.000000
4.922495 0.303124 30.000000 0.000000
4.942506 0.303478 30.000000 0.000000
4.962516 0.307094 30.000000 0.000000
4.982526 0.303127 30.000000 0.000000
5.002536 0.306454 30.000000 0.000000
5.022546 0.306393 30.000000 0.000000
5.042556 0.304940 30.000000 0.000000
5.062567 0.308227 30.000000 0.000000
5.082577 0.304098 30.000000 0.000000
5.102587 0.304318 30.000000 0.000000
5.122597 0.305192 30.000000 0.000000
5.142607 0.300894 30.000000 0.000000
5.162617 0.304358 30.000000 0.000000
5.182627 0.302236 30.000000 0.000000
5.202638 0.301738 30.000000 0.000000
5.222648 0.304385 30.000000 0.000000
5.242658 0.303831 30.000000 0.000000
5.262668 0.305393 30.000000 0.000000
5.282678 0.306502 30.000000 0.000000
5.302688 0.305697 30.000000 0.000000
5.322698 0.307824 30.000000 0.000000
5.342709 0.306204 30.000000 0.000000
5.362719 0.306448 30.000000 0.000000
5.382729 0.308148 30.000000 0.000000
5.402739 0.306021 30.000000 0.000000
5.422749 0.308706 30.000000 0.000000
5.442759 0.305979 30.000000 0.000000
5.462769 0.305639 30.000000 0.000000
5.482780 0.307495 30.000000 0.000000
5.502790 0.304801 30.000000 0.000000
5.522800 0.307207 30.000000 0.000000
5.542810 0.305329 30.000000 0.000000
5.562820 0.305245 30.000000 0.000000
5.582830 0.307249 29.997091 0.000000
5.602840 0.304402 29.996886 0.000000
5.622851 0.307101 30.000000 0.000000
5.642861 0.305585 30.000000 0.000000
5.662871 0.304650 30.000000 0.000000
5.682881 0.306442 30.000000 0.000000
5.702891 0.303297 30.000000 0.000000
5.722901 0.305800 30.000000 0.000000
5.742911 0.306010 30.000000 0.000000
5.762922 0.304906 30.000000 0.000000
5.782932 0.306835 30.000000 0.000000
5.802942 0.304617 30.000000 0.000000
5.822952 0.303804 30.000000 0.000000
5.842962 0.305642 30.000000 0.000000
5.862972 0.300708 30.000000 0.000000
5.882982 0.302719 30.000000 0.000000
5.902993 0.302232 30.000000 0.000000
5.923003 0.299358 30.000000 0.000000
5.943013 0.302394 30.000000 0.000000
5.963023 0.299361 30.000000 0.000000
5.983033 0.302602 30.000000 0.000000
6.003043 0.303764 30.000000 0.000000
6.023053 0.301957 30.000000 0.000000
6.043064 0.304768 30.000000 0.000000
6.063074 0.303247 30.000000 0.000000
6.083084 0.305524 30.000000 0.000000
6.103094 0.307230 30.000000 0.000000
6.123104 0.302985 30.000000 0.000000
6.143114 0.306316 30.000000 0.000000
6.163124 0.304732 30.000000 0.000000
6.183135 0.305510 30.000000 0.000000
6.203145 0.307654 30.000000 0.000000
6.223155 0.304093 30.000000 0.000000
6.243165 0.306330 30.000000 0.000000
6.263175 0.306258 30.000000 0.000000
