-0.495553 -13.776134 28.000000
-0.448965 -13.082195 28.000000
-0.397097 -12.365223 28.000000
-0.350190 -11.533041 28.000000
-0.298485 -10.753887 28.000000
-0.246401 -9.889292 28.000000
-0.199896 -8.912814 28.000000
-0.147933 -7.785994 28.000000
-0.101275 -6.642955 28.000000
-0.049374 -5.268327 28.000000
0.000000 0.000000 28.000000
0.049121 5.237770 28.000000
0.100917 6.647238 28.000000
0.147887 7.800207 28.000000
0.199509 8.785848 28.000000
0.246647 9.703056 28.000000
0.298063 10.569983 28.000000
0.350319 11.293465 28.000000
0.396651 12.372574 28.000000
0.449319 13.074488 28.000000
0.495925 13.691603 28.000000
0.547885 14.416998 28.000000
