0.495847 13.623775 28.000000
0.448793 12.975591 28.000000
0.397420 12.207240 28.000000
0.350380 11.555462 28.000000
0.298140 10.638843 28.000000
0.246518 9.758516 28.000000
0.199847 8.991012 28.000000
0.148004 7.747282 28.000000
0.100924 6.742153 28.000000
0.049042 5.454901 28.000000
0.000000 0.000000 28.000000
-0.049083 -5.397474 28.000000
-0.101039 -6.738485 28.000000
-0.147596 -7.690528 28.000000
-0.199460 -8.784772 28.000000
-0.246617 -9.585224 28.000000
-0.298467 -10.362203 28.000000
-0.350163 -11.381472 28.000000
-0.396208 -12.185415 28.000000
-0.449166 -13.077727 28.000000
-0.495497 -13.768022 28.000000
-0.547707 -14.339869 28.000000
