-0.995992 -22.359191 24.000000
-0.947555 -21.352714 24.000000
-0.895483 -20.593887 24.000000
-0.848918 -19.842199 24.000000
-0.797092 -19.094412 24.000000
-0.744785 -18.439814 24.000000
-0.698261 -17.624694 24.000000
-0.646600 -17.020952 24.000000
-0.599482 -16.315388 24.000000
-0.547720 -15.664088 24.040000
-0.495874 -14.898939 24.680000
-0.448816 -14.239780 25.000000
-0.396795 -13.426964 25.000000
-0.350566 -12.611614 25.000000
-0.298416 -11.472835 25.000000
-0.246630 -10.659898 25.000000
-0.199484 -9.712717 25.000000
-0.147976 -8.611635 25.000000
-0.101409 -7.228702 25.000000
-0.049528 -5.621686 25.000000
0.000000 0.000000 25.000000
0.049110 5.630156 25.000000
0.100787 7.195020 25.000000
0.147604 8.494968 25.000000
0.199930 9.510210 25.000000
0.246132 10.510705 25.000000
0.298426 11.413796 25.000000
0.349889 12.562103 25.000000
0.397292 13.545789 25.000000
0.448983 14.251335 25.000000
0.495666 14.932273 25.000000
0.547925 15.588642 25.000000
0.599677 16.185322 25.000000
0.646369 16.804389 25.000000
0.698399 17.291394 25.000000
0.745470 17.817199 25.000000
0.796945 18.353037 25.000000
0.848985 18.881946 25.000000
0.896180 19.279998 25.000000
0.947658 19.800168 25.000000
0.994324 20.260453 25.040000
