0.994370 20.050820 25.240000
0.947752 19.375714 26.000000
0.895499 18.757313 26.000000
0.848515 18.122689 26.000000
0.796796 17.481345 26.000000
0.744912 16.902817 26.000000
0.698263 16.262384 26.000000
0.646213 15.678037 26.000000
0.599610 15.000940 26.000000
0.547766 14.410656 26.000000
0.495760 13.662314 26.000000
0.448828 13.035986 26.000000
0.396979 12.221411 26.000000
0.350618 11.549370 26.000000
0.298352 10.740231 26.000000
0.246283 9.910249 26.000000
0.199766 8.955747 26.000000
0.147819 7.950059 26.000000
0.101371 6.894168 26.000000
0.049483 5.383868 26.000000
0.000000 0.000000 26.000000
-0.049016 -5.348869 26.400000
-0.100811 -6.918222 26.800000
-0.147996 -7.917571 27.000000
-0.199514 -8.931436 27.000000
-0.246543 -9.821248 27.000000
-0.298360 -10.637158 27.000000
-0.349986 -11.435446 27.000000
-0.396709 -12.277949 27.000000
-0.449169 -13.269735 27.000000
-0.495381 -13.873860 27.000000
-0.547643 -14.534736 27.000000
-0.599406 -15.043516 27.000000
-0.646434 -15.622393 27.000000
-0.698074 -16.152582 27.000000
-0.745177 -16.598809 27.000000
-0.796841 -17.150346 27.000000
-0.848970 -17.592763 27.000000
-0.895984 -18.080911 27.000000
-0.947346 -18.569348 27.000000
-0.994498 -18.917046 27.000000
