-0.994134 -17.184830 30.000000
-0.947652 -16.662682 30.000000
-0.895283 -16.112310 30.000000
-0.848661 -15.590570 30.000000
-0.796935 -15.058043 30.000000
-0.744647 -14.592501 30.040000
-0.698230 -14.031078 31.000000
-0.646446 -13.562837 31.000000
-0.599562 -13.025161 31.000000
-0.547687 -12.478957 31.000000
-0.495745 -11.875134 31.000000
-0.448828 -11.367170 31.000000
-0.396959 -10.716601 31.000000
-0.350481 -10.010664 31.000000
-0.298222 -9.267661 31.000000
-0.246728 -8.600913 31.000000
-0.199451 -7.782512 31.000000
-0.147905 -6.937396 31.000000
-0.101214 -5.952025 31.000000
-0.049249 -4.786254 31.000000
0.000000 0.000000 31.000000
0.048925 4.792163 31.000000
0.100582 5.989335 31.000000
0.147808 6.941628 31.000000
0.199904 7.731476 31.000000
0.246066 8.547306 31.000000
0.298564 9.178360 31.000000
0.350222 10.069254 31.000000
0.397092 10.731952 31.000000
0.448988 11.461040 31.000000
0.495583 12.001974 31.000000
0.547733 12.551712 31.000000
0.599713 13.053790 31.000000
0.646371 13.538911 31.000000
0.698296 13.993654 31.000000
0.745240 14.437134 31.000000
0.796979 14.943223 31.000000
0.848872 15.390446 31.000000
0.895983 15.804577 31.000000
0.947618 16.235158 31.000000
0.994168 16.662548 31.000000
