serial number: RI70_21209062
torque: 8
start_temp: 251 (244)
finish_temp: 5 (35)
note: montaz tylko z przymiarem
0.000000 0.667939 104.576313 0.000000
0.020010 0.664014 106.101348 0.000000
0.040020 0.663040 107.508043 0.000000
0.060030 0.668494 105.798000 0.000000
0.080041 0.660616 118.869721 0.000000
0.100051 0.668314 121.720889 0.000000
0.120061 0.664964 114.506077 0.000000
0.140071 0.664823 116.975470 0.000000
0.160081 0.669098 118.171868 0.000000
0.180091 0.664255 120.141798 0.000000
0.200101 0.667474 121.052809 0.000000
0.220112 0.666953 122.037391 0.000000
0.240122 0.662323 123.217209 0.000000
0.260132 0.669478 119.320437 0.000000
0.280142 0.665884 106.301538 0.000000
0.300152 0.665563 106.400000 0.000000
0.320162 0.667774 114.637158 0.000000
0.340172 0.663648 114.857401 0.000000
0.360183 0.668667 116.136000 0.000000
0.380193 0.665511 116.422320 0.000000
0.400203 0.663524 118.669778 0.000000
0.420213 0.669646 119.769718 0.000000
0.440223 0.662044 115.597204 0.000000
0.460233 0.667552 112.390838 0.000000
0.480243 0.666141 116.955165 0.000000
0.500254 0.661166 118.115281 0.000000
0.520264 0.668772 117.272626 0.000000
0.540274 0.663160 118.745934 0.000000
0.560284 0.663999 118.485257 0.000000
0.580294 0.666359 118.251803 0.000000
0.600304 0.661423 119.285027 0.000000
0.620314 0.667560 112.690929 0.000000
0.640325 0.661900 110.729333 0.000000
0.660335 0.662772 109.840447 0.000000
0.680345 0.666658 109.495082 0.000000
0.700355 0.662746 121.336667 0.000000
0.720365 0.664455 124.292291 0.000000
0.740375 0.665135 116.009399 0.000000
0.760385 0.661085 110.984751 0.000000
0.780396 0.665673 107.116066 0.000000
0.800406 0.662510 110.033708 0.000000
0.820416 0.663249 115.205989 0.000000
0.840426 0.665403 124.566629 0.000000
0.860436 0.658146 112.220426 0.000000
0.880446 0.666267 110.816818 0.000000
0.900456 0.661246 119.154194 0.000000
0.920467 0.659643 121.463077 0.000000
0.940477 0.664907 119.271724 0.000000
0.960487 0.660214 115.197363 0.000000
0.980497 0.662953 117.555054 0.000000
1.000507 0.662168 114.572961 0.000000
1.020517 0.657953 103.616444 0.000000
1.040528 0.665801 106.252376 0.000000
1.060538 0.658747 111.201514 0.000000
1.080548 0.660922 126.700000 0.000000
1.100558 0.663219 120.240220 0.000000
1.120568 0.655879 117.252688 0.000000
1.140578 0.664118 119.662171 0.000000
1.160588 0.658911 125.406374 0.000000
1.180599 0.658287 123.576596 0.000000
1.200609 0.662628 119.376133 0.000000
1.220619 0.656937 116.141319 0.000000
1.240629 0.660590 113.786374 0.000000
1.260639 0.660253 116.521808 0.000000
1.280649 0.656432 116.627380 0.000000
1.300659 0.662248 114.068132 0.000000
1.320670 0.658396 117.528087 0.000000
1.340680 0.657289 119.957556 0.000000
1.360690 0.661460 112.954317 0.000000
1.380700 0.655826 105.667760 0.000000
1.400710 0.662472 107.904444 0.000000
1.420720 0.657613 103.091148 0.000000
1.440730 0.657428 99.995604 0.000000
1.460741 0.661722 106.081758 0.000000
1.480751 0.655027 105.559780 0.000000
1.500761 0.661316 114.008913 0.000000
1.520771 0.658670 122.458785 0.000000
1.540781 0.655635 119.052834 0.000000
1.560791 0.662441 117.878876 0.000000
1.580801 0.658564 113.463441 0.000000
1.600812 0.658339 109.435730 0.000000
1.620822 0.661712 107.646120 0.000000
1.640832 0.655434 120.411892 0.000000
1.660842 0.663682 116.399333 0.000000
1.680852 0.659652 106.897207 0.000000
1.700862 0.658026 109.070549 0.000000
1.720872 0.663671 123.454365 0.000000
1.740883 0.657175 117.840435 0.000000
1.760893 0.662064 123.487111 0.000000
1.780903 0.661720 136.014624 0.000000
1.800913 0.658219 115.021657 0.000000
1.820923 0.665006 109.224719 0.000000
1.840933 0.659852 114.865297 0.000000
1.860943 0.661158 115.282652 0.000000
1.880954 0.664176 120.279116 0.000000
1.900964 0.658200 114.304088 0.000000
1.920974 0.665605 108.030615 0.000000
1.940984 0.661730 108.912568 0.000000
1.960994 0.661058 123.151160 0.000000
1.981004 0.666926 117.459227 0.000000
2.001014 0.661003 113.715165 0.000000
2.021025 0.665219 119.606034 0.000000
2.041035 0.665138 117.509727 0.000000
2.061045 0.661506 109.721124 0.000000
2.081055 0.669276 117.892747 0.000000
2.101065 0.663179 121.824444 0.000000
2.121075 0.665719 127.037582 0.000000
2.141085 0.668549 123.512707 0.000000
2.161096 0.662484 117.580000 0.000000
2.181106 0.669353 123.903867 0.000000
2.201116 0.665803 122.009724 0.000000
2.221126 0.666895 104.944804 0.000000
2.241136 0.668933 94.538864 0.000000
2.261146 0.665399 98.460430 0.000000
2.281156 0.670065 109.365650 0.000000
2.301167 0.668984 100.370055 0.000000
2.321177 0.666150 106.916532 0.000000
2.341187 0.672123 107.317348 0.000000
2.361197 0.669256 115.225251 0.000000
2.381207 0.668581 115.590562 0.000000
2.401217 0.672605 113.956284 0.000000
2.421227 0.668422 110.174444 0.000000
2.441238 0.673985 109.628156 0.000000
2.461248 0.671164 111.883556 0.000000
2.481258 0.671764 122.683886 0.000000
2.501268 0.674725 125.372155 0.000000
2.521278 0.671396 123.594220 0.000000
2.541288 0.674988 120.271602 0.000000
2.561298 0.674472 114.143516 0.000000
2.581309 0.671443 114.587066 0.000000
2.601319 0.677263 114.815829 0.000000
2.621329 0.674120 99.768000 0.000000
2.641339 0.677365 100.397111 0.000000
2.661349 0.676873 104.115682 0.000000
2.681359 0.674130 121.988913 0.000000
2.701369 0.678646 123.882989 0.000000
2.721380 0.677475 112.420351 0.000000
2.741390 0.676463 121.350497 0.000000
2.761400 0.681247 113.137556 0.000000
2.781410 0.676898 108.657727 0.000000
2.801420 0.680763 107.735227 0.000000
2.821430 0.680050 112.864181 0.000000
2.841440 0.678415 116.085140 0.000000
2.861451 0.683368 118.644762 0.000000
2.881461 0.680542 115.878202 0.000000
2.901471 0.681748 118.594773 0.000000
2.921481 0.686061 121.206824 0.000000
2.941491 0.680602 117.697363 0.000000
2.961501 0.685164 120.228315 0.000000
2.981511 0.685803 124.396532 0.000000
3.001522 0.684275 107.395172 0.000000
3.021532 0.687526 117.134798 0.000000
3.041542 0.683783 134.547356 0.000000
3.061552 0.688006 132.183051 0.000000
3.081562 0.688413 111.609425 0.000000
3.101572 0.686329 115.741163 0.000000
3.121583 0.690913 117.930057 0.000000
3.141593 0.524314 116.056378 0.000000
3.161603 0.627574 108.724179 0.000000
3.181613 0.645841 104.373399 0.000000
3.201623 0.653355 102.402245 0.000000
3.221633 0.663987 101.773604 0.000000
3.241643 0.668406 110.299596 0.000000
3.261654 0.670532 107.995000 0.000000
3.281664 0.675634 107.743627 0.000000
3.301674 0.674499 124.467853 0.000000
3.321684 0.681344 117.160000 0.000000
3.341694 0.682964 115.051676 0.000000
3.361704 0.681177 123.134021 0.000000
3.381714 0.683677 118.037766 0.000000
3.401725 0.684144 118.350753 0.000000
3.421735 0.686719 120.011959 0.000000
3.441745 0.687692 117.323913 0.000000
3.461755 0.686203 108.686526 0.000000
3.481765 0.689620 114.192766 0.000000
3.501775 0.690477 114.436440 0.000000
3.521785 0.687475 112.979130 0.000000
3.541796 0.693352 109.819058 0.000000
3.561806 0.688665 124.396667 0.000000
3.581816 0.693216 126.241064 0.000000
3.601826 0.690696 119.068324 0.000000
3.621836 0.692830 122.677204 0.000000
3.641846 0.693078 121.780923 0.000000
3.661856 0.691518 118.944751 0.000000
3.681867 0.694833 119.186096 0.000000
3.701877 0.693480 113.582434 0.000000
3.721887 0.692432 104.752708 0.000000
3.741897 0.693238 104.634066 0.000000
3.761907 0.694554 102.905185 0.000000
3.781917 0.692552 114.206631 0.000000
3.801927 0.695062 124.885926 0.000000
3.821938 0.691969 111.420328 0.000000
3.841948 0.694535 105.086316 0.000000
3.861958 0.694968 112.433125 0.000000
3.881968 0.694604 121.766561 0.000000
3.901978 0.695467 129.649333 0.000000
3.921988 0.694479 133.795745 0.000000
3.941998 0.695342 120.312421 0.000000
3.962009 0.694910 101.066811 0.000000
3.982019 0.692487 105.562995 0.000000
4.002029 0.695396 115.707513 0.000000
4.022039 0.692994 117.695135 0.000000
4.042049 0.694045 105.012688 0.000000
4.062059 0.694180 101.963175 0.000000
4.082069 0.691101 116.879135 0.000000
4.102080 0.692937 120.028272 0.000000
4.122090 0.690952 106.556471 0.000000
4.142100 0.687578 109.527821 0.000000
4.162110 0.688569 113.012222 0.000000
4.182120 0.686980 112.273136 0.000000
4.202130 0.688079 120.497045 0.000000
4.222140 0.688943 110.911864 0.000000
4.242151 0.684411 107.691299 0.000000
4.262161 0.688909 114.297619 0.000000
4.282171 0.687570 114.042955 0.000000
4.302181 0.687128 114.545763 0.000000
4.322191 0.686726 120.718382 0.000000
4.342201 0.684594 110.841364 0.000000
4.362211 0.687783 117.900578 0.000000
4.382222 0.685423 119.724368 0.000000
4.402232 0.685484 113.203757 0.000000
4.422242 0.686231 126.597647 0.000000
4.442252 0.683806 116.821453 0.000000
4.462262 0.686142 106.838621 0.000000
4.482272 0.685483 118.449070 0.000000
4.502282 0.682679 122.812727 0.000000
4.522293 0.686395 115.206437 0.000000
4.542303 0.683708 111.773409 0.000000
4.562313 0.683545 107.420230 0.000000
4.582323 0.684936 110.540455 0.000000
4.602333 0.682360 119.218636 0.000000
4.622343 0.685211 123.764719 0.000000
4.642353 0.683649 118.687273 0.000000
4.662364 0.682766 126.421364 0.000000
4.682374 0.683973 124.354253 0.000000
4.702384 0.680900 118.142197 0.000000
4.722394 0.683530 119.097901 0.000000
4.742404 0.681299 127.531429 0.000000
4.762414 0.680207 130.976686 0.000000
4.782424 0.682502 120.993333 0.000000
4.802435 0.681093 109.110345 0.000000
4.822445 0.681894 115.497273 0.000000
4.842455 0.680786 113.601600 0.000000
4.862465 0.679541 118.943596 0.000000
4.882475 0.682780 109.005169 0.000000
4.902485 0.681101 110.266514 0.000000
4.922495 0.679925 116.598844 0.000000
4.942506 0.681588 117.138798 0.000000
4.962516 0.678359 123.412114 0.000000
4.982526 0.681975 110.980682 0.000000
5.002536 0.679256 109.580889 0.000000
5.022546 0.678202 115.509767 0.000000
5.042556 0.681671 116.004545 0.000000
5.062567 0.676868 121.581899 0.000000
5.082577 0.678982 115.030615 0.000000
5.102587 0.678664 105.304277 0.000000
5.122597 0.676129 111.275682 0.000000
5.142607 0.679450 116.548156 0.000000
5.162617 0.675770 114.306145 0.000000
5.182627 0.676729 124.201379 0.000000
5.202638 0.676475 119.177401 0.000000
5.222648 0.673013 115.692155 0.000000
5.242658 0.676318 114.075506 0.000000
5.262668 0.673606 118.179227 0.000000
5.282678 0.672407 109.444368 0.000000
5.302688 0.675088 118.438901 0.000000
5.322698 0.670770 117.722034 0.000000
5.342709 0.673685 112.293483 0.000000
5.362719 0.672986 118.523657 0.000000
5.382729 0.668020 116.756685 0.000000
5.402739 0.673285 111.547263 0.000000
5.422749 0.668828 114.224000 0.000000
5.442759 0.669236 116.483333 0.000000
5.462769 0.671668 114.427119 0.000000
5.482780 0.665206 116.385475 0.000000
5.502790 0.670559 113.523716 0.000000
5.522800 0.666978 106.487273 0.000000
5.542810 0.666407 108.556522 0.000000
5.562820 0.669357 115.789379 0.000000
5.582830 0.665238 114.396872 0.000000
5.602840 0.667502 122.612444 0.000000
5.622851 0.667399 115.954000 0.000000
5.642861 0.664716 99.765319 0.000000
5.662871 0.669528 101.876069 0.000000
5.682881 0.664889 110.386889 0.000000
5.702891 0.667287 126.116989 0.000000
5.722901 0.667649 116.488046 0.000000
5.742911 0.662527 111.736484 0.000000
5.762922 0.667385 102.822599 0.000000
5.782932 0.665144 95.354839 0.000000
5.802942 0.663980 111.260994 0.000000
5.822952 0.668184 109.534382 0.000000
5.842962 0.662052 103.099574 0.000000
5.862972 0.666633 119.385537 0.000000
5.882982 0.664335 126.715281 0.000000
5.902993 0.662686 123.023656 0.000000
5.923003 0.667349 110.051844 0.000000
5.943013 0.662417 108.158462 0.000000
5.963023 0.663996 114.410286 0.000000
5.983033 0.665520 115.354444 0.000000
6.003043 0.660537 111.838870 0.000000
6.023053 0.668264 103.568298 0.000000
6.043064 0.662975 104.421754 0.000000
6.063074 0.663472 114.185414 0.000000
6.083084 0.667813 120.168770 0.000000
6.103094 0.661941 117.936957 0.000000
6.123104 0.668144 115.310391 0.000000
6.143114 0.666177 102.789497 0.000000
6.163124 0.661965 109.672584 0.000000
6.183135 0.669082 117.096949 0.000000
6.203145 0.663748 117.869834 0.000000
6.223155 0.665871 119.918901 0.000000
6.243165 0.665259 112.573333 0.000000
6.263175 0.663559 116.216089 0.000000
