serial number: RI70_21209062
torque: 8
start_temp: 24 (24)
finish_temp: 24 (25)
note: montaz na obrotach
0.000000 0.866011 24.020963 14624.647059
0.020010 0.864713 24.012459 14688.251366
0.040020 0.864200 24.001967 14753.213115
0.060030 0.865422 24.002404 14819.289617
0.080041 0.865436 24.006737 14888.578947
0.100051 0.865759 24.007957 14960.381720
0.120061 0.865023 24.005652 15034.923913
0.140071 0.864470 24.004946 15110.198925
0.160081 0.865444 24.003810 15188.587302
0.180091 0.865279 24.001978 15268.604396
0.200101 0.864988 24.009670 15347.137363
0.220112 0.865074 24.009032 15430.284946
0.240122 0.864659 24.001758 15513.131868
0.260132 0.865516 24.000000 15596.593583
0.280142 0.865285 24.001070 15682.652406
0.300152 0.864348 24.006120 15768.338798
0.320162 0.865116 24.009130 15853.875000
0.340172 0.866125 24.005464 15940.737705
0.360183 0.864600 24.000000 16030.146597
0.380193 0.865556 24.000000 16119.803279
0.400203 0.865181 24.000000 16210.181818
0.420213 0.865703 24.000000 16302.226519
0.440223 0.866566 24.000000 6598.657609
0.460233 0.864607 24.001865 104.165803
0.480243 0.866251 24.010989 200.543956
0.500254 0.864190 24.012459 294.983607
0.520264 0.866026 24.006383 389.803191
0.540274 0.865961 24.001547 484.668508
0.560284 0.863372 24.001311 576.661202
0.580294 0.866618 24.002128 670.957447
0.600304 0.866342 24.001311 761.021858
0.620314 0.865156 24.002378 851.264865
0.640325 0.866477 24.010582 940.894180
0.660335 0.865028 24.019775 1026.056180
0.680345 0.866875 24.019689 1111.129534
0.700355 0.867284 24.013559 1193.028249
0.720365 0.865709 24.009247 1272.779570
0.740375 0.867241 24.008936 1352.553191
0.760385 0.864467 24.002162 1429.459459
0.780396 0.867221 24.003279 1506.038251
0.800406 0.866737 24.011364 1577.323864
0.820416 0.865288 24.022312 1652.266332
0.840426 0.866705 24.014831 1726.662921
0.860436 0.865605 24.007742 1796.059140
0.880446 0.865238 24.008478 1866.657609
0.900456 0.866923 24.004894 1935.537234
0.920467 0.863267 24.003956 2004.170330
0.940477 0.865540 24.008342 2072.529412
0.960487 0.864699 24.008342 2138.053476
0.980497 0.863222 24.003243 2204.513514
1.000507 0.863989 24.000870 2269.483696
1.020517 0.863704 24.009053 2333.300000
1.040528 0.863974 24.016354 2396.801105
1.060538 0.864389 24.015187 2457.695187
1.080548 0.861583 24.011803 2518.065574
1.100558 0.863139 24.012421 2578.026316
1.120568 0.860188 24.006339 2635.885246
1.140578 0.861958 24.004324 2692.351351
1.160588 0.862280 24.005957 2747.585106
1.180599 0.858938 24.014348 2802.288043
1.200609 0.860622 24.019058 2857.596859
1.220619 0.859941 24.012240 2909.557377
1.240629 0.858526 24.008770 2961.459893
1.260639 0.859799 24.010769 3012.664835
1.280649 0.857048 24.013690 3062.823529
1.300659 0.858493 24.011828 3114.290323
1.320670 0.859304 24.007619 3163.142857
1.340680 0.856421 24.014409 3213.919355
1.360690 0.857651 24.012620 3263.331551
1.380700 0.855529 24.009101 3311.682540
1.400710 0.857160 24.006339 3360.289617
1.420720 0.854917 24.009735 3407.253968
1.440730 0.854208 24.012043 3455.086022
1.460741 0.856462 24.011429 3500.185185
1.480751 0.854704 24.005189 3543.243243
1.500761 0.853667 24.003598 3587.867725
1.520771 0.855049 24.004868 3627.613757
1.540781 0.852634 24.003422 3665.743316
1.560791 0.854291 24.000214 3703.299465
1.580801 0.852280 24.000000 3734.739362
1.600812 0.852924 23.997204 3770.215054
1.620822 0.852025 23.998503 3797.144385
1.640832 0.851545 24.004352 3828.911917
1.660842 0.852266 24.007568 3855.545946
1.680852 0.851620 24.010000 3883.436170
1.700862 0.849393 24.008936 3911.978723
1.720872 0.852753 24.004632 3937.978947
1.740883 0.849589 24.001277 3969.734043
1.760893 0.850907 24.005026 3997.052356
1.780903 0.851179 24.005055 4031.494505
1.800913 0.847070 24.006486 4059.983784
1.820923 0.848756 24.004773 4096.125000
1.840933 0.847710 24.003736 4126.494505
1.860943 0.845057 24.004138 4163.632184
1.880954 0.847396 24.005405 4195.054054
1.900964 0.843781 24.004551 4230.407186
1.920974 0.847052 24.001319 4262.510989
1.940984 0.846136 24.004746 4298.638418
1.960994 0.844167 24.004199 4335.878453
1.981004 0.846232 24.001582 4371.542373
2.001014 0.844997 24.002667 4410.811111
2.021025 0.844827 24.004598 4447.074713
2.041035 0.846254 24.010909 4486.812500
2.061045 0.843468 24.009111 4524.761111
2.081055 0.846367 24.000914 4561.771429
2.101065 0.846671 24.006851 4600.281768
2.121075 0.844363 24.007543 4634.165714
2.141085 0.846684 24.003886 4671.388571
2.161096 0.845871 24.005778 4701.222222
2.181106 0.847617 24.003429 4736.177143
2.201116 0.846960 24.000000 4761.458101
2.221126 0.846559 24.001136 4795.551136
2.241136 0.850205 24.007956 4819.342541
2.261146 0.846783 24.008941 4848.594118
2.281156 0.849623 24.006409 4874.679558
2.301167 0.850539 24.002743 4901.925714
2.321177 0.847195 24.004889 4931.933333
2.341187 0.852421 24.009942 4958.786127
2.361197 0.851120 24.010279 4991.206704
2.381207 0.849902 24.004294 5020.480226
2.401217 0.852408 24.005977 5055.086207
2.421227 0.850176 24.011620 5085.888268
2.441238 0.853356 24.010636 5121.410405
2.461248 0.852694 24.010057 5153.274286
2.481258 0.851929 24.007072 5189.668508
2.501268 0.855608 24.000000 5225.316092
2.521278 0.853971 24.001839 5259.034483
2.541288 0.856888 24.008276 5295.833333
2.561298 0.856771 24.006474 5329.913295
2.581309 0.855334 24.002971 5367.651429
2.601319 0.859424 24.002286 5405.068571
2.621329 0.858220 24.005424 5441.655367
2.641339 0.858376 24.007674 5481.877907
2.661349 0.859821 24.010909 5519.204545
2.681359 0.858538 24.014400 5558.754286
2.701369 0.862526 24.007586 5599.333333
2.721380 0.861769 24.003678 5637.528736
2.741390 0.860239 24.008136 5680.231638
2.761400 0.864402 24.008092 5721.872832
2.781410 0.861749 24.002712 5763.259887
2.801420 0.865411 24.003314 5806.236686
2.821430 0.866367 24.002712 5849.152542
2.841440 0.862236 24.000930 5895.604651
2.861451 0.869291 24.003953 5940.215116
2.881461 0.867157 24.005146 5985.385965
2.901471 0.867058 24.002500 6035.159091
2.921481 0.869971 24.005257 6083.645714
2.941491 0.868180 24.004819 6133.963855
2.961501 0.871619 24.006705 6184.982659
2.981511 0.870490 24.010503 6239.173184
3.001522 0.869823 24.011667 6297.011905
3.021532 0.875894 24.001637 6353.187135
3.041542 0.871687 24.000000 6414.333333
3.061552 0.875457 24.002874 6476.964072
3.081562 0.877414 24.014857 6540.480000
3.101572 0.872851 24.018313 6607.566265
3.121583 0.879769 24.013785 6676.225989
3.141593 0.654315 24.001811 6744.522634
3.161603 0.785936 24.000600 6821.350000
3.181613 0.813824 24.005000 6894.958333
3.201623 0.828143 24.004040 6974.095960
3.221633 0.836176 24.000638 7053.904255
3.241643 0.847479 24.002540 7132.814815
3.261654 0.845264 24.006250 7218.343750
3.281664 0.860226 24.006631 7302.224599
3.301674 0.855023 24.000632 7389.963158
3.321684 0.862227 24.002889 7478.288889
3.341694 0.865318 24.008984 7566.203209
3.361704 0.864141 24.009946 7659.167568
3.381714 0.870535 24.004868 7752.761905
3.401725 0.869004 24.000000 7848.513966
3.421735 0.873533 23.997037 7945.883598
3.441745 0.876082 23.997931 8041.425287
3.461755 0.875103 23.997348 8139.701657
3.481765 0.879635 23.997219 8240.304813
3.501775 0.878690 24.002162 8343.627027
3.521785 0.878776 24.012155 8448.154696
3.541796 0.884666 24.010337 8547.882022
3.561806 0.882103 24.004667 8649.505556
3.581816 0.886632 24.008000 8750.389189
3.601826 0.885762 24.009318 8849.840909
3.621836 0.887446 24.002857 8948.285714
3.641846 0.889942 24.002682 9045.011173
3.661856 0.890524 24.005246 9141.683060
3.681867 0.890205 24.002873 9236.403315
3.701877 0.894541 24.000230 9327.149425
3.721887 0.892357 23.996721 9417.748634
3.741897 0.894080 23.993600 9503.737143
3.761907 0.896827 23.996667 9589.388889
3.781917 0.893782 24.001778 9672.522222
3.801927 0.899416 24.002938 9752.237288
3.821938 0.894716 24.009318 9830.392045
3.841948 0.898954 24.010667 9904.266667
3.861958 0.899701 24.008398 9978.016575
3.881968 0.897009 24.011696 10048.649123
3.901978 0.903494 24.021202 10115.431694
3.921988 0.899561 24.011397 10183.173184
3.941998 0.901751 23.998652 10248.252809
3.962009 0.904403 23.995455 10310.488636
3.982019 0.902098 24.001618 10371.890173
4.002029 0.907006 24.008315 10430.511236
4.022039 0.905018 24.008387 10490.865591
4.042049 0.904486 24.011361 10547.035503
4.062059 0.909528 24.010847 10600.903955
4.082069 0.905512 24.009195 10655.678161
4.102080 0.909145 24.006409 10708.220994
4.122090 0.908830 24.009412 10759.205882
4.142100 0.907449 24.002955 10808.647727
4.162110 0.909445 24.001333 10857.766667
4.182120 0.908968 24.004318 10905.687500
4.202130 0.908485 24.007640 10950.752809
4.222140 0.912276 24.011429 10993.369048
4.242151 0.908729 24.012527 11035.791209
4.262161 0.911105 24.007356 11076.137931
4.282171 0.912736 23.996836 11115.180791
4.302181 0.909911 23.996047 11152.470930
4.322191 0.913989 23.998444 11190.216667
4.342201 0.911475 24.016723 11226.435028
4.362211 0.913093 24.021965 11263.491329
4.382222 0.913838 24.028409 11296.806818
4.402232 0.910480 24.026057 11333.188571
4.422242 0.914141 24.021395 11365.122093
4.442252 0.913497 24.004746 11399.542373
4.462262 0.912244 24.008715 11431.664804
4.482272 0.914622 24.014651 11463.354651
4.502282 0.911002 24.027571 11494.463277
4.522293 0.913108 24.016949 11524.604520
4.542303 0.914243 24.009647 11553.376471
4.562313 0.912256 24.011657 11582.022857
4.582323 0.913661 24.015367 11608.875706
4.602333 0.911240 24.017273 11636.835227
4.622343 0.912224 24.012865 11661.116959
4.642353 0.914267 24.010222 11688.166667
4.662364 0.910049 24.010514 11711.994286
4.682374 0.914126 24.014915 11737.790960
4.702384 0.910690 24.007674 11763.110465
4.722394 0.909819 24.010000 11786.431818
4.742404 0.912312 24.018343 11815.027624
4.762414 0.909122 24.022791 11839.593023
4.782424 0.910638 24.018079 11868.305085
4.802435 0.910547 24.005349 11896.627907
4.822445 0.907579 24.008715 11925.145251
4.842455 0.909891 24.019441 11956.709497
4.862465 0.906589 24.023333 11987.138889
4.882475 0.907226 24.015802 12018.962963
4.902485 0.908101 24.011868 12047.912088
4.922495 0.903002 24.011073 12082.045198
4.942506 0.907317 24.006784 12110.000000
4.962516 0.904107 24.009231 12143.285714
4.982526 0.903042 24.007778 12170.261111
5.002536 0.905166 24.004624 12202.682081
5.022546 0.901296 23.992928 12227.066298
5.042556 0.902140 23.999548 12257.288136
5.062567 0.902279 24.010222 12282.155556
5.082577 0.900228 24.007630 12306.913295
5.102587 0.901930 24.006517 12334.696629
5.122597 0.897616 24.010492 12354.622951
5.142607 0.898926 24.012114 12382.028571
5.162617 0.899023 24.004396 12405.582418
5.182627 0.895293 24.006857 12425.262857
5.202638 0.895693 24.008000 12452.994444
5.222648 0.894923 24.006364 12472.761364
5.242658 0.894130 24.001087 12493.635870
5.262668 0.895019 24.001371 12521.142857
5.282678 0.889920 24.002022 12538.730337
5.302688 0.891553 24.008268 12560.631285
5.322698 0.890062 24.010538 12588.209677
5.342709 0.888719 24.014773 12605.715909
5.362719 0.889555 24.011648 12630.318681
5.382729 0.885804 24.005778 12657.688889
5.402739 0.886326 24.006813 12678.115385
5.422749 0.887067 24.014208 12709.098361
5.442759 0.884385 24.015000 12734.152174
5.462769 0.884844 24.011073 12764.440678
5.482780 0.883071 24.013333 12794.561111
5.502790 0.882868 24.006704 12825.972067
5.522800 0.882366 24.004862 12859.668508
5.542810 0.879205 24.004444 12895.516667
5.562820 0.881775 24.006304 12931.097826
5.582830 0.879526 24.005525 12972.287293
5.602840 0.876965 24.002391 13009.630435
5.622851 0.878619 24.000000 13051.625698
5.642861 0.876492 24.000000 13095.989637
5.662871 0.876056 24.002938 13137.937853
5.682881 0.876588 24.007568 13181.762162
5.702891 0.872759 24.007735 13226.823204
5.722901 0.876634 24.005217 13270.820652
5.742911 0.873502 24.002873 13316.154696
5.762922 0.872415 24.008398 13361.187845
5.782932 0.873517 24.010794 13406.746032
5.802942 0.869034 24.006554 13450.858757
5.822952 0.872673 24.003789 13496.426316
5.842962 0.871223 24.005778 13541.733333
5.862972 0.868575 24.008865 13585.021622
5.882982 0.871930 24.008352 13628.692308
5.902993 0.868139 24.008770 13671.748663
5.923003 0.869329 24.004783 13715.635870
5.943013 0.870121 24.000221 13758.303867
5.963023 0.867380 24.000000 13800.383784
5.983033 0.869297 24.000000 13845.459459
6.003043 0.867233 24.002000 13889.888889
6.023053 0.867272 24.011005 13933.703704
6.043064 0.868676 24.018994 13980.564246
6.063074 0.866457 24.019149 14027.143617
6.083084 0.867303 24.007143 14077.219388
6.103094 0.866408 24.000000 14127.307263
6.123104 0.865353 23.997849 14176.295699
6.143114 0.867574 24.000870 14228.293478
6.163124 0.864537 24.003913 14281.038043
6.183135 0.866309 24.005217 14335.027174
6.203145 0.866575 24.005683 14389.994536
6.223155 0.864391 24.003579 14446.526316
6.243165 0.866462 24.001311 14505.327869
6.263175 0.866135 24.012155 14564.436464
