serial number: RI80_21414843
torque: 16
start_temp: 23 (24)
finish_temp: 23 (24)
note: po poprawkach i montazu Tomka
0.000000 0.291389 23.000000 14672.461078
0.020010 0.286682 23.000000 14758.573034
0.040020 0.289169 23.000000 14848.491329
0.060030 0.289721 23.000000 14931.526012
0.080041 0.285255 23.000000 15034.090909
0.100051 0.292024 23.000000 15125.935294
0.120061 0.287784 23.000000 15224.005682
0.140071 0.287679 23.000000 15334.959064
0.160081 0.289219 23.000000 15433.505682
0.180091 0.286733 23.000000 15550.340909
0.200101 0.290842 23.000000 15663.845238
0.220112 0.287086 23.000000 15773.719101
0.240122 0.285539 23.000000 15901.601156
0.260132 0.290654 23.000000 16017.505814
0.280142 0.286790 23.000000 16139.574713
0.300152 0.288331 23.000000 16271.532164
0.320162 0.289010 23.000000 7823.846591
0.340172 0.285351 23.000000 138.294798
0.360183 0.292516 23.000000 266.081395
0.380193 0.287563 23.000000 383.982857
0.400203 0.288449 23.000000 521.023256
0.420213 0.290866 23.000000 636.959064
0.440223 0.287744 23.000000 759.320000
0.460233 0.292534 23.000000 888.847059
0.480243 0.288395 23.000000 998.125000
0.500254 0.287742 23.000000 1122.826590
0.520264 0.293320 23.000000 1234.223529
0.540274 0.288099 23.000000 1337.206897
0.560284 0.290089 23.000000 1455.373563
0.580294 0.290039 23.000000 1551.000000
0.600304 0.287403 23.000000 1652.087209
0.620314 0.294076 23.000000 1752.423529
0.640325 0.288660 23.000000 1835.132948
0.660335 0.290158 23.000000 1932.476744
0.680345 0.292036 23.000000 2013.070588
0.700355 0.288423 23.000000 2091.340909
0.720365 0.293646 23.000000 2179.171598
0.740375 0.288303 23.000000 2245.870588
0.760385 0.288390 23.000000 2322.971264
0.780396 0.293818 23.000000 2393.099415
0.800406 0.288188 23.000000 2453.734104
0.820416 0.290655 23.000000 2526.267442
0.840426 0.290503 23.000000 2582.560000
0.860436 0.288885 23.000000 2642.222222
0.880446 0.293881 23.000000 2702.116279
0.900456 0.288300 23.000000 2749.812865
0.920467 0.290800 23.000000 2807.352601
0.940477 0.292027 23.000000 2855.325581
0.960487 0.288642 23.000000 2901.224138
0.980497 0.293316 23.000000 2951.869048
1.000507 0.288216 23.000000 2992.301136
1.020517 0.289271 23.000000 3038.543860
1.040528 0.293538 23.000000 3079.093567
1.060538 0.289398 23.000000 3117.604651
1.080548 0.291827 23.000000 3159.583815
1.100558 0.289870 23.000000 3194.127907
1.120568 0.290357 23.000000 3230.745665
1.140578 0.294290 23.000000 3266.094675
1.160588 0.289026 23.000000 3297.143678
1.180599 0.292771 23.000000 3332.368421
1.200609 0.292802 23.000000 3360.982659
1.220619 0.290637 23.000000 3391.786982
1.240629 0.294467 23.000000 3421.366279
1.260639 0.289098 23.000000 3448.325581
1.280649 0.291599 23.000000 3477.269006
1.300659 0.294249 23.000000 3501.668605
1.320670 0.291297 23.002367 3529.757396
1.340680 0.292866 23.003488 3555.366279
1.360690 0.290797 23.000000 3578.761628
1.380700 0.291199 23.000000 3606.353293
1.400710 0.293956 23.000000 3627.491329
1.420720 0.289038 23.000000 3654.046512
1.440730 0.292221 23.000000 3679.132184
1.460741 0.291945 23.000000 3698.871345
1.480751 0.289995 23.000000 3727.958580
1.500761 0.294004 23.000000 3748.057471
1.520771 0.288986 23.000000 3772.612717
1.540781 0.291314 23.000000 3800.774566
1.560791 0.292024 23.000000 3817.558824
1.580801 0.289973 23.000000 3846.829412
1.600812 0.292114 23.000000 3869.725146
1.620822 0.289997 23.000000 3888.161850
1.640832 0.291561 23.000000 3919.335227
1.660842 0.292653 23.000000 3935.839286
1.680852 0.289062 23.000000 3958.770115
1.700862 0.292002 23.000000 3986.502890
1.720872 0.291531 23.000000 4001.035088
1.740883 0.289646 23.000000 4026.569767
1.760893 0.292429 23.000000 4049.116959
1.780903 0.288115 23.000000 4066.865497
1.800913 0.290587 23.000000 4091.936782
1.820923 0.290844 23.000000 4111.127907
1.840933 0.289095 23.000000 4132.511765
1.860943 0.291092 23.000000 4154.410405
1.880954 0.289004 23.000000 4175.965517
1.900964 0.290235 23.000000 4198.794286
1.920974 0.292313 23.000000 4216.586826
1.940984 0.288402 23.000000 4244.148571
1.960994 0.291873 23.000000 4265.465909
1.981004 0.291407 23.000000 4285.177515
2.001014 0.288977 23.000000 4314.433526
2.021025 0.293237 23.000000 4332.505952
2.041035 0.288771 23.000000 4358.848315
2.061045 0.282283 23.000000 4374.938144
2.081055 0.282905 23.000000 4387.532110
2.101065 0.283995 23.000000 4417.963855
2.121075 0.287209 23.000000 4440.653061
2.141085 0.286577 23.000000 4462.595918
2.161096 0.288893 23.000000 4498.611872
2.181106 0.291396 23.000000 4521.507317
2.201116 0.287300 23.000000 4549.222222
2.221126 0.290307 23.000000 4574.836538
2.241136 0.290875 23.000000 4593.177885
2.261146 0.287402 23.000000 4622.933014
2.281156 0.292373 23.000000 4644.388350
2.301167 0.288458 23.000000 4668.990291
2.321177 0.290531 23.000000 4696.965854
2.341187 0.292355 23.000000 4716.150485
2.361197 0.288822 23.000000 4744.805687
2.381207 0.292480 23.000000 4770.151220
2.401217 0.290176 23.000000 4792.516746
2.421227 0.289882 23.000000 4821.408867
2.441238 0.292455 23.000000 4843.380488
2.461248 0.288153 23.000000 4871.227488
2.481258 0.291432 23.000000 4899.134615
2.501268 0.291868 23.000000 4919.638614
2.521278 0.287997 23.000000 4950.811321
2.541288 0.293612 23.000000 4974.940000
2.561298 0.289594 23.000000 5003.075472
2.581309 0.291286 23.000000 5033.207921
2.601319 0.292473 23.000000 5055.772947
2.621329 0.288181 23.000000 5091.806604
2.641339 0.293909 23.000000 5119.436275
2.661349 0.291580 23.000000 5150.901961
2.681359 0.290913 23.000000 5184.960976
2.701369 0.294038 23.000000 5214.108374
2.721380 0.289745 23.000000 5253.918660
2.741390 0.293263 23.000000 5286.970443
2.761400 0.294037 23.000000 5321.819512
2.781410 0.289945 23.000000 5363.864734
2.801420 0.295371 23.000000 5401.263415
2.821430 0.291680 23.000000 5446.406863
2.841440 0.293597 23.000000 5486.941463
2.861451 0.295072 23.000000 5527.477833
2.881461 0.290900 23.000000 5580.844660
2.901471 0.296818 23.000000 5623.840796
2.921481 0.293975 23.000000 5674.975962
2.941491 0.292367 23.000000 5729.123153
2.961501 0.296305 23.000000 5776.504902
2.981511 0.292164 23.000000 5840.510000
3.001522 0.294725 23.000000 5896.256039
3.021532 0.294337 23.000000 5955.723301
3.041542 0.290133 23.000000 6025.300493
3.061552 0.296493 23.000000 6086.614634
3.081562 0.292583 23.000000 6162.767327
3.101572 0.294026 23.000000 6235.757282
3.121583 0.296157 23.000000 6307.318841
3.141593 0.239102 23.000000 5792.723404
3.161603 0.286858 23.000000 6233.802632
3.181613 0.293687 23.000000 6559.715686
3.201623 0.292765 23.000000 6652.852941
3.221633 0.296325 23.000000 6738.280788
3.241643 0.292639 23.000000 6844.063107
3.261654 0.295368 23.000000 6941.798030
3.281664 0.293741 23.000000 7039.588235
3.301674 0.291377 23.000000 7154.391304
3.321684 0.296914 23.000000 7259.916256
3.341694 0.292771 23.000000 7376.312195
3.361704 0.293578 23.000000 7496.812808
3.381714 0.295304 23.000000 7610.024390
3.401725 0.290600 23.000000 7741.760976
3.421735 0.297192 23.000000 7866.669951
3.441745 0.292788 23.000000 7986.400990
3.461755 0.292039 23.000000 8122.786408
3.481765 0.296152 23.000000 8248.284314
3.501775 0.292963 23.000000 8383.024272
3.521785 0.295348 23.000000 8514.536458
3.541796 0.293759 23.000000 8636.988024
3.561806 0.291053 23.000000 8772.308140
3.581816 0.296767 23.000000 8900.723529
3.601826 0.291855 23.000000 9018.621302
3.621836 0.294028 23.000000 9150.468571
3.641846 0.295324 23.000000 9264.161677
3.661856 0.290895 23.000000 9385.063584
3.681867 0.297273 23.000000 9505.834320
3.701877 0.292292 23.000000 9604.739645
3.721887 0.292008 23.000000 9721.676301
3.741897 0.295083 23.000000 9824.654762
3.761907 0.292686 23.000000 9920.195266
3.781917 0.293815 23.000000 10024.584795
3.801927 0.292014 23.000000 10107.608187
3.821938 0.289474 23.000000 10204.323864
3.841948 0.295187 23.000000 10292.317365
3.861958 0.290194 23.000000 10365.277457
3.881968 0.290627 23.000000 10451.825581
3.901978 0.292580 23.000000 10522.244186
3.921988 0.288699 23.000000 10596.242775
3.941998 0.295274 23.000000 10670.616279
3.962009 0.289856 23.000000 10729.327485
3.982019 0.289129 23.000000 10799.674419
4.002029 0.293158 23.000000 10860.414201
4.022039 0.289533 23.000000 10916.419540
4.042049 0.291638 23.000000 10979.608187
4.062059 0.289589 23.000000 11027.532164
4.082069 0.287877 23.000000 11085.045455
4.102080 0.293624 23.000000 11136.858824
4.122090 0.287952 23.000000 11180.920455
4.142100 0.289054 23.000000 11232.341317
4.162110 0.291160 23.000000 11272.559322
4.182120 0.287236 23.000000 11318.809249
4.202130 0.292431 23.000000 11361.341176
4.222140 0.288068 23.000000 11396.000000
4.242151 0.288300 23.000000 11439.005780
4.262161 0.291282 23.000000 11472.757396
4.282171 0.287645 23.000000 11507.845714
4.302181 0.290303 23.000000 11544.572254
4.322191 0.288835 23.000000 11573.087719
4.342201 0.286976 23.000000 11609.944134
4.362211 0.293392 23.000000 11640.155689
4.382222 0.286603 23.000000 11669.280000
4.402232 0.287998 23.000000 11702.063953
4.422242 0.291063 23.000000 11729.580460
4.442252 0.286412 23.000000 11761.446328
4.462262 0.291762 23.000000 11791.904762
4.482272 0.287108 23.000000 11816.255682
4.502282 0.287519 23.000000 11849.251462
4.522293 0.291867 23.000000 11872.680233
4.542303 0.285968 23.000000 11902.097143
4.562313 0.289152 23.000000 11929.641618
4.582323 0.287483 23.000000 11951.514286
4.602333 0.285553 23.000000 11983.852273
4.622343 0.292238 23.000000 12005.089820
4.642353 0.285570 23.000000 12031.755556
4.662364 0.287325 23.000000 12058.820809
4.682374 0.290603 23.000000 12078.965318
4.702384 0.285847 23.000000 12108.597701
4.722394 0.291526 23.000000 12130.418605
4.742404 0.286627 23.000000 12153.454023
4.762414 0.287823 23.000000 12180.805714
4.782424 0.291244 23.000000 12199.857143
4.802435 0.285722 23.000000 12227.757062
4.822445 0.290517 23.000000 12251.419540
4.842455 0.287040 23.000000 12272.789773
4.862465 0.286279 23.000000 12302.761628
4.882475 0.292018 23.000000 12322.058824
4.902485 0.285992 23.000000 12348.627119
4.922495 0.287683 23.000000 12373.684211
4.942506 0.290148 23.000000 12393.180791
4.962516 0.286637 23.000000 12423.211429
4.982526 0.291389 23.000000 12442.883041
5.002536 0.286264 23.000000 12465.597701
5.022546 0.288507 23.000000 12491.517241
5.042556 0.291305 23.000000 12508.508876
5.062567 0.284683 23.000000 12534.146893
5.082577 0.290445 23.000000 12555.062857
5.102587 0.288202 23.000000 12574.450292
5.122597 0.287472 23.000000 12598.005714
5.142607 0.291763 23.000000 12616.057803
5.162617 0.287400 23.000000 12641.215116
5.182627 0.289860 23.000000 12659.668605
5.202638 0.291100 23.000000 12679.976744
5.222648 0.288232 23.000000 12707.074713
5.242658 0.292277 23.000000 12722.502959
5.262668 0.287695 23.000000 12749.545455
5.282678 0.290913 23.000000 12771.145349
5.302688 0.292488 23.000000 12786.858824
5.322698 0.286731 23.000000 12819.138728
5.342709 0.291605 23.000000 12834.482558
5.362719 0.288732 23.000000 12855.255814
5.382729 0.288769 23.000000 12885.442529
5.402739 0.291418 23.000000 12898.793103
5.422749 0.288067 23.000000 12928.076023
5.442759 0.290519 23.000000 12950.558824
5.462769 0.291276 23.000000 12966.194286
5.482780 0.289270 23.000000 12999.408046
5.502790 0.291934 23.000000 13017.052632
5.522800 0.287071 23.000000 13041.165714
5.542810 0.289718 23.000000 13068.393064
5.562820 0.290268 23.000000 13085.796512
5.582830 0.285660 23.000000 13117.611429
5.602840 0.290376 23.000000 13138.201149
5.622851 0.287039 23.000000 13162.630058
5.642861 0.288424 23.000000 13192.808140
5.662871 0.290397 23.000000 13212.329480
5.682881 0.287327 23.000000 13245.473684
5.702891 0.290053 23.000000 13270.068571
5.722901 0.288650 23.000000 13297.954286
5.742911 0.287450 23.000000 13332.517241
5.762922 0.290591 23.000000 13360.206897
5.782932 0.287020 23.000000 13393.011765
5.802942 0.290248 23.000000 13428.477011
5.822952 0.289405 23.000000 13454.502857
5.842962 0.285611 23.000000 13498.906977
5.862972 0.291540 23.000000 13528.337209
5.882982 0.288487 23.000000 13566.431034
5.902993 0.289843 23.000000 13608.959064
5.923003 0.290617 23.000000 13640.622093
5.943013 0.288629 23.000000 13687.548571
5.963023 0.291728 23.000000 13725.511765
5.983033 0.289615 23.000000 13764.697674
6.003043 0.288251 23.000000 13816.261364
6.023053 0.291825 23.000000 13856.304094
6.043064 0.287703 23.000000 13907.360465
6.063074 0.290120 23.000000 13957.632184
6.083084 0.290070 23.000000 14004.283237
6.103094 0.285555 23.000000 14067.237288
6.123104 0.290925 23.000000 14118.383721
6.143114 0.287575 23.000000 14176.550296
6.163124 0.287728 23.000000 14243.500000
6.183135 0.289497 23.000000 14301.751445
6.203145 0.286593 23.000000 14376.841808
6.223155 0.290797 23.000000 14444.976608
6.243165 0.288616 23.000000 14514.356322
6.263175 0.286666 23.000000 14599.356322
