serial number: RI80_21414843
torque: 16
start_temp: 21 (22)
finish_temp: 21 (22)
note: asdfasdf
0.000000 0.218334 21.000000 13214.215054
0.020010 0.212990 21.000000 13237.515789
0.040020 0.220742 21.000000 13269.466667
0.060030 0.213951 21.000000 13303.630435
0.080041 0.217037 21.000000 13327.473118
0.100051 0.219987 21.000000 13367.494505
0.120061 0.212455 21.000000 13399.718750
0.140071 0.221613 21.000000 13431.887640
0.160081 0.215983 21.000000 13474.139785
0.180091 0.215112 21.000000 13503.161290
0.200101 0.222284 21.000000 13546.033708
0.220112 0.214019 21.000000 13585.180851
0.240122 0.220466 21.000000 13618.760870
0.260132 0.219129 21.000000 13668.597826
0.280142 0.213872 21.000000 13704.857143
0.300152 0.220913 21.000000 13751.494624
0.320162 0.213109 21.000000 13803.473118
0.340172 0.217084 21.000000 13842.195652
0.360183 0.220201 21.000000 13901.846154
0.380193 0.211211 21.000000 13953.148936
0.400203 0.218710 21.000000 14004.526882
0.420213 0.216310 21.000000 14071.532609
0.440223 0.214284 21.000000 14121.444444
0.460233 0.218494 21.000000 14189.978022
0.480243 0.212155 21.000000 14260.628866
0.500254 0.216237 21.000000 14324.126437
0.520264 0.216952 21.000000 14406.489130
0.540274 0.209770 21.000000 14475.425532
0.560284 0.218497 21.000000 14556.173913
0.580294 0.211939 21.000000 14646.521739
0.600304 0.213663 21.000000 14720.270833
0.620314 0.219137 21.000000 14821.494382
0.640325 0.211639 21.000000 14914.742268
0.660335 0.219906 21.000000 15005.322222
0.680345 0.216820 21.000000 15119.255319
0.700355 0.212264 21.000000 15210.663043
0.720365 0.219032 21.000000 15327.489362
0.740375 0.211080 21.000000 15445.731183
0.760385 0.216380 21.000000 15545.935484
0.780396 0.215963 21.000000 15679.829787
0.800406 0.210813 21.000000 15796.895833
0.820416 0.221209 21.000000 15920.833333
0.840426 0.211842 21.010870 16057.521739
0.860436 0.213458 21.000000 16169.895833
0.880446 0.217943 21.000000 16312.402174
0.900456 0.208941 21.000000 412.795699
0.920467 0.217418 21.000000 178.795699
0.940477 0.214487 21.000000 324.776596
0.960487 0.210252 21.000000 445.191489
0.980497 0.218957 21.000000 575.626374
1.000507 0.209505 21.000000 712.639175
1.020517 0.215996 21.000000 822.387097
1.040528 0.214483 21.000000 958.430108
1.060538 0.209159 21.000000 1077.864583
1.080548 0.217887 21.000000 1186.488636
1.100558 0.210282 21.000000 1312.469388
1.120568 0.211730 21.000000 1410.627660
1.140578 0.216673 21.000000 1523.417582
1.160588 0.206432 21.000000 1629.855670
1.180599 0.216491 21.000000 1716.329787
1.200609 0.211664 21.000000 1824.126316
1.220619 0.210167 21.000000 1907.440860
1.240629 0.218435 21.000000 1994.236559
1.260639 0.205597 21.000000 2086.113402
1.280649 0.217225 21.000000 2153.652174
1.300659 0.214411 21.000000 2240.250000
1.320670 0.209240 21.000000 2314.217391
1.340680 0.217881 21.000000 2377.861702
1.360690 0.207841 21.000000 2455.781250
1.380700 0.213853 21.000000 2510.633333
1.400710 0.217940 21.000000 2578.531250
1.420720 0.208636 21.000000 2642.819149
1.440730 0.216915 21.000000 2689.543478
1.460741 0.210814 21.000000 2752.781250
1.480751 0.211150 21.000000 2800.946809
1.500761 0.217780 21.000000 2851.219780
1.520771 0.207043 21.000000 2905.907216
1.540781 0.216267 21.000000 2943.500000
1.560791 0.212786 21.000000 2995.520833
1.580801 0.207221 21.000000 3038.617021
1.600812 0.215306 21.000000 3076.244681
1.620822 0.205344 21.000000 3124.562500
1.640832 0.211538 21.000000 3156.021053
1.660842 0.212559 21.000000 3197.936170
1.680852 0.204519 21.000000 3236.082474
1.700862 0.217421 21.000000 3264.806452
1.720872 0.209611 21.000000 3305.260417
1.740883 0.210589 21.000000 3334.319149
1.760893 0.215443 21.000000 3365.408602
1.780903 0.205590 21.000000 3400.541667
1.800913 0.216068 21.000000 3422.118280
1.820923 0.209413 21.000000 3456.604167
1.840933 0.205619 21.000000 3482.731959
1.860943 0.213694 21.000000 3506.755319
1.880954 0.204587 21.000000 3539.443299
1.900964 0.211574 21.000000 3557.287234
1.920974 0.211849 21.000000 3588.000000
1.940984 0.205403 21.000000 3614.072165
1.960994 0.214571 21.000000 3632.585106
1.981004 0.207766 21.000000 3664.642105
2.001014 0.210263 21.000000 3682.474227
2.021025 0.213326 21.000000 3708.268817
2.041035 0.202882 21.000000 3737.270000
2.061045 0.211894 21.000000 3752.870968
2.081055 0.209489 21.000000 3784.715789
2.101065 0.206839 21.000000 3806.659794
2.121075 0.214126 21.000000 3828.500000
2.141085 0.205293 21.000000 3859.979592
2.161096 0.211337 21.000000 3875.414894
2.181106 0.210773 21.000000 3904.457447
2.201116 0.203638 21.000000 3929.646465
2.221126 0.212792 21.000000 3946.064516
2.241136 0.207221 21.000000 3976.438776
2.261146 0.210273 21.000000 3994.578947
2.281156 0.214692 21.000000 4016.073684
2.301167 0.204022 21.000000 4043.865979
2.321177 0.213604 21.000000 4060.118280
2.341187 0.210508 21.000000 4083.757895
2.361197 0.207203 21.000000 4106.319588
2.381207 0.212827 21.000000 4126.847826
2.401217 0.204277 21.000000 4149.580000
2.421227 0.210957 21.000000 4169.168421
2.441238 0.209824 21.000000 4193.340426
2.461248 0.204198 21.000000 4212.890000
2.481258 0.212334 21.000000 4237.326087
2.501268 0.208076 21.000000 4260.500000
2.521278 0.209085 21.000000 4278.428571
2.541288 0.213959 21.000000 4308.521739
2.561298 0.205880 21.000000 4329.092784
2.581309 0.213409 21.000000 4350.872340
2.601319 0.212296 21.000000 4379.421053
2.621329 0.208124 21.000000 4397.437500
2.641339 0.215547 21.000000 4426.580645
2.661349 0.205023 21.000000 4449.642857
2.681359 0.211739 21.000000 4468.138298
2.701369 0.213396 21.000000 4498.510638
2.721380 0.205839 21.000000 4517.153061
2.741390 0.213584 21.000000 4541.836957
2.761400 0.209321 21.000000 4567.989362
2.781410 0.211375 21.000000 4584.791667
2.801420 0.216422 21.000000 4615.489362
2.821430 0.205214 21.000000 4637.505263
2.841440 0.213970 21.000000 4658.989474
2.861451 0.211116 21.000000 4687.568421
2.881461 0.206578 21.000000 4705.808511
2.901471 0.213450 21.000000 4733.829787
2.921481 0.205910 21.000000 4759.275510
2.941491 0.213232 21.000000 4779.638298
2.961501 0.213393 21.000000 4808.500000
2.981511 0.207708 21.000000 4829.895833
3.001522 0.215491 21.000000 4855.819149
3.021532 0.209675 21.000000 4881.673684
3.041542 0.210595 21.000000 4902.553191
3.061552 0.214735 21.000000 4931.096774
3.081562 0.204555 21.000000 4955.306122
3.101572 0.213979 21.000000 4979.591398
3.121583 0.211861 21.000000 5007.395833
3.141593 0.209423 21.000000 5031.178947
3.161603 0.216518 21.000000 5061.456522
3.181613 0.204792 21.000000 5090.515152
3.201623 0.211100 21.000000 5115.127660
3.221633 0.210956 21.000000 5150.410526
3.241643 0.205578 21.000000 5176.265306
3.261654 0.214096 21.000000 5212.152174
3.281664 0.207178 21.000000 5244.806122
3.301674 0.209777 21.000000 5274.585106
3.321684 0.216161 21.000000 5316.182796
3.341694 0.204292 21.000000 5349.371134
3.361704 0.214692 21.000000 5388.247312
3.381714 0.210291 21.000000 5429.989796
3.401725 0.209025 21.000000 5466.926316
3.421735 0.214560 21.000000 5516.239130
3.441745 0.205984 21.000000 5556.989899
3.461755 0.213935 21.000000 5601.336957
3.481765 0.212170 21.000000 5654.863158
3.501775 0.206537 21.000000 5700.395833
3.521785 0.214061 21.000000 5757.010753
3.541796 0.206875 21.000000 5811.800000
3.561806 0.211046 21.000000 5860.888889
3.581816 0.213658 21.000000 5932.625000
3.601826 0.204457 21.000000 5994.000000
3.621836 0.216829 21.000000 6059.673913
3.641846 0.211628 21.000000 6133.270833
3.661856 0.208640 21.000000 6202.500000
3.681867 0.213992 21.000000 6284.586957
3.701877 0.201868 21.000000 6364.400000
3.721887 0.212724 21.000000 6445.729167
3.741897 0.210035 21.000000 6538.130435
3.761907 0.205752 21.000000 6625.920000
3.781917 0.213140 21.000000 6723.804348
3.801927 0.203886 21.000000 6826.220000
3.821938 0.210038 21.000000 6921.086957
3.841948 0.213783 21.000000 7036.083333
3.861958 0.204502 21.000000 7148.437500
3.881968 0.211694 21.000000 7259.130435
3.901978 0.207157 21.000000 7385.860000
3.921988 0.209787 21.000000 7505.729167
3.941998 0.215238 21.000000 7637.826087
3.962009 0.205454 21.000000 7770.687500
3.982019 0.214312 21.000000 7898.145833
4.002029 0.208696 21.000000 8043.312500
4.022039 0.204216 21.000000 8178.437500
4.042049 0.213090 21.000000 8315.041667
4.062059 0.209358 21.000000 8464.416667
4.082069 0.217028 21.000000 8594.130435
4.102080 0.214876 21.000000 8736.391304
4.122090 0.208378 21.000000 8875.395833
4.142100 0.217781 21.000000 8999.543478
4.162110 0.209906 21.000000 9142.604167
4.182120 0.211911 21.000000 9265.369565
4.202130 0.218229 21.000000 9387.355556
4.222140 0.206243 21.000000 9517.612245
4.242151 0.215417 21.000000 9626.395833
4.262161 0.211346 21.000000 9748.217391
4.282171 0.209580 21.000000 9857.750000
4.302181 0.218840 21.000000 9956.304348
4.322191 0.210522 21.000000 10066.000000
4.342201 0.214067 21.000000 10156.304348
4.362211 0.212764 21.000000 10249.847826
4.382222 0.208981 21.000000 10340.354167
4.402232 0.219850 21.000000 10418.760870
4.422242 0.214182 21.000000 10503.934783
4.442252 0.214736 21.000000 10577.770833
4.462262 0.221116 21.000000 10650.318182
4.482272 0.212352 21.000000 10722.702128
4.502282 0.220783 21.000000 10786.022222
4.522293 0.217060 21.000000 10852.695652
4.542303 0.213631 21.000000 10913.416667
4.562313 0.220350 21.000000 10971.043478
4.582323 0.213518 21.000000 11029.695652
4.602333 0.216876 21.000000 11080.369565
4.622343 0.217443 21.000000 11133.760870
4.642353 0.214325 21.000000 11183.979167
4.662364 0.221182 21.000000 11230.250000
4.682374 0.216108 21.000000 11276.562500
4.702384 0.215163 21.000000 11319.478261
4.722394 0.185805 21.000000 11353.452830
4.742404 0.152822 21.000000 11360.000000
4.762414 0.198247 21.000000 11406.257426
4.782424 0.209331 21.000000 11445.884211
4.802435 0.212041 21.000000 11481.589474
4.822445 0.212012 21.000000 11516.680851
4.842455 0.211439 21.000000 11557.880952
4.862465 0.213028 21.000000 11590.402985
4.882475 0.214592 21.000000 11634.532609
4.902485 0.208724 21.000000 11664.635417
4.922495 0.217635 21.000000 11691.811111
4.942506 0.211481 21.000000 11720.583333
4.962516 0.212166 21.000000 11747.322581
4.982526 0.217972 21.000000 11774.925532
5.002536 0.209232 21.000000 11801.791667
5.022546 0.218503 21.000000 11827.219780
5.042556 0.213795 21.000000 11853.258065
5.062567 0.212125 21.000000 11878.043011
5.082577 0.218922 21.000000 11902.467391
5.102587 0.212077 21.000000 11926.947368
5.122597 0.217891 21.000000 11950.500000
5.142607 0.218416 21.000000 11973.868132
5.162617 0.213858 21.000000 11997.322581
5.182627 0.221573 21.000000 12019.844444
5.202638 0.214644 21.000000 12042.606383
5.222648 0.215286 21.000000 12065.252747
5.242658 0.221244 21.000000 12086.358696
5.262668 0.211610 21.000000 12108.336842
5.282678 0.219360 21.000000 12131.065934
5.302688 0.216405 21.000000 12151.430108
5.322698 0.214560 21.000000 12172.271739
5.342709 0.221470 21.000000 12194.109890
5.362719 0.212627 21.000000 12215.400000
5.382729 0.219760 21.000000 12236.460674
5.402739 0.218881 21.000000 12258.752688
5.422749 0.213622 21.000000 12280.043478
5.442759 0.223025 21.000000 12302.340659
5.462769 0.214369 21.000000 12324.483871
5.482780 0.217190 21.000000 12345.478261
5.502790 0.221633 21.000000 12368.097826
5.522800 0.213349 21.000000 12389.935484
5.542810 0.221178 21.000000 12410.791209
5.562820 0.215757 21.000000 12432.308511
5.582830 0.216480 21.000000 12451.769231
5.602840 0.221012 21.000000 12472.522222
5.622851 0.211587 21.000000 12492.863158
5.642861 0.219918 21.000000 12511.802198
5.662871 0.218448 21.000000 12531.869565
5.682881 0.215203 21.000000 12549.763441
5.702891 0.222351 21.000000 12571.688889
5.722901 0.214716 21.000000 12590.967391
5.742911 0.219415 21.000000 12607.022222
5.762922 0.221900 21.008172 12631.430108
5.782932 0.212088 21.002609 12649.793478
5.802942 0.221552 21.000000 12669.549451
5.822952 0.216934 21.000000 12692.688172
5.842962 0.216775 21.000000 12708.472527
5.862972 0.221136 21.000000 12732.967391
5.882982 0.213487 21.000000 12753.510638
5.902993 0.222842 21.000000 12771.588889
5.923003 0.218201 21.000000 12795.989011
5.943013 0.215195 21.000000 12812.505376
5.963023 0.224227 21.000000 12836.218391
5.983033 0.215589 21.000000 12857.776596
6.003043 0.220013 21.000000 12874.511111
6.023053 0.218701 21.000000 12901.595745
6.043064 0.213902 21.000000 12918.912088
6.063074 0.222933 21.000000 12943.890110
6.083084 0.214861 21.000000 12967.043011
6.103094 0.218866 21.000000 12982.526882
6.123104 0.221571 21.000000 13014.613636
6.143114 0.213695 21.000000 13031.913978
6.163124 0.222464 21.000000 13054.444444
6.183135 0.216622 21.000000 13085.138298
6.203145 0.215082 21.000000 13100.230769
6.223155 0.222568 21.000000 13134.043478
6.243165 0.214270 21.000000 13158.172043
6.263175 0.219383 21.000000 13178.561798
