serial number: RI80_21414843
torque: 16
start_temp: 21 (22)
finish_temp: 21 (22)
note: asdfasdf
0.000000 0.226964 21.000000 13213.908046
0.020010 0.219686 21.000000 13237.698925
0.040020 0.226364 21.000000 13268.943182
0.060030 0.222186 21.000000 13304.197802
0.080041 0.223907 21.000000 13327.800000
0.100051 0.228342 21.000000 13368.139535
0.120061 0.218317 21.000000 13399.602151
0.140071 0.227093 21.000000 13431.988764
0.160081 0.223149 21.000000 13474.730337
0.180091 0.222887 21.000000 13503.488636
0.200101 0.230179 21.000000 13546.321839
0.220112 0.222984 21.000000 13585.911111
0.240122 0.227540 21.000000 13618.647727
0.260132 0.225593 21.000000 13668.235955
0.280142 0.220195 21.000000 13705.450549
0.300152 0.229157 21.000000 13751.333333
0.320162 0.222064 21.000000 13803.355556
0.340172 0.223334 21.000000 13842.483516
0.360183 0.227586 21.000000 13901.395349
0.380193 0.218816 21.000000 13953.376344
0.400203 0.226255 21.000000 14004.157303
0.420213 0.222874 21.000000 14071.000000
0.440223 0.221079 21.000000 14122.252747
0.460233 0.225877 21.000000 14191.954545
0.480243 0.219863 21.000000 14261.637363
0.500254 0.224979 21.000000 14321.366667
0.520264 0.224325 21.000000 14405.977528
0.540274 0.219052 21.000000 14476.098901
0.560284 0.227125 21.000000 14557.900000
0.580294 0.221670 21.022989 14647.896552
0.600304 0.222075 21.000000 14720.489130
0.620314 0.227620 21.000000 14822.597701
0.640325 0.218356 21.000000 14916.473684
0.660335 0.227095 21.000000 15008.255814
0.680345 0.223247 21.000000 15119.415730
0.700355 0.220204 21.000000 15213.829787
0.720365 0.226232 21.000000 15329.682353
0.740375 0.219038 21.000000 15445.250000
0.760385 0.224502 21.000000 15547.411111
0.780396 0.224210 21.000000 15679.647727
0.800406 0.218235 21.000000 15796.065217
0.820416 0.226158 21.000000 15919.179775
0.840426 0.219565 21.000000 16057.722222
0.860436 0.220495 21.000000 16169.648352
0.880446 0.225405 21.000000 16312.377778
0.900456 0.216731 21.000000 62.836957
0.920467 0.225154 21.000000 181.517241
0.940477 0.221166 21.000000 325.989247
0.960487 0.216737 21.000000 447.109890
0.980497 0.224295 21.000000 577.375000
1.000507 0.216828 21.000000 714.691489
1.020517 0.223031 21.000000 823.738636
1.040528 0.222562 21.000000 958.200000
1.060538 0.214922 21.000000 1077.129032
1.080548 0.223717 21.000000 1188.577778
1.100558 0.216488 21.000000 1315.913978
1.120568 0.219044 21.000000 1412.477778
1.140578 0.223941 21.000000 1524.707865
1.160588 0.212010 21.000000 1632.593750
1.180599 0.222542 21.000000 1718.853933
1.200609 0.218955 21.000000 1824.395604
1.220619 0.217692 21.000000 1907.822222
1.240629 0.225096 21.000000 1994.527473
1.260639 0.214751 21.000000 2088.673684
1.280649 0.224195 21.009655 2155.551724
1.300659 0.219226 21.001720 2241.537634
1.320670 0.214132 21.000000 2315.230769
1.340680 0.223797 21.000000 2378.303371
1.360690 0.216077 21.003368 2456.610526
1.380700 0.220347 21.007556 2512.800000
1.400710 0.222162 21.000000 2579.855556
1.420720 0.213279 21.000000 2643.408602
1.440730 0.222982 21.000000 2690.355556
1.460741 0.217376 21.000000 2753.630435
1.480751 0.217095 21.000000 2802.108696
1.500761 0.223196 21.000000 2851.568182
1.520771 0.212992 21.000000 2906.084211
1.540781 0.222224 21.000000 2943.544444
1.560791 0.218640 21.000000 2996.182796
1.580801 0.213337 21.000000 3039.500000
1.600812 0.222457 21.000000 3077.134831
1.620822 0.213979 21.000000 3124.698925
1.640832 0.219502 21.000000 3156.087912
1.660842 0.220291 21.000000 3197.989011
1.680852 0.211753 21.000000 3236.666667
1.700862 0.223035 21.000000 3265.655556
1.720872 0.216908 21.000000 3305.615385
1.740883 0.217260 21.000000 3334.373626
1.760893 0.222504 21.000000 3365.533333
1.780903 0.209113 21.000000 3400.645833
1.800913 0.216023 21.000000 3422.351064
1.820923 0.213286 21.000000 3456.849462
1.840933 0.210634 21.000000 3482.821053
1.860943 0.218574 21.000000 3507.032609
1.880954 0.211096 21.000000 3539.483871
1.900964 0.217614 21.000000 3557.478261
1.920974 0.218291 21.000000 3587.641304
1.940984 0.211441 21.000000 3613.894737
1.960994 0.222570 21.000000 3632.144444
1.981004 0.215087 21.000000 3664.336957
2.001014 0.216865 21.000000 3682.195652
2.021025 0.220925 21.000000 3707.677778
2.041035 0.211784 21.000000 3736.989583
2.061045 0.220749 21.000000 3752.533333
2.081055 0.217377 21.000000 3784.532609
2.101065 0.214004 21.000000 3806.293478
2.121075 0.222282 21.000000 3827.565217
2.141085 0.212958 21.000000 3860.021277
2.161096 0.218085 21.000000 3875.387097
2.181106 0.218838 21.000000 3904.191011
2.201116 0.211419 21.000000 3929.562500
2.221126 0.219512 21.000000 3945.382022
2.241136 0.214674 21.000000 3975.635417
2.261146 0.216765 21.000000 3994.483871
2.281156 0.221422 21.000000 4015.455556
2.301167 0.211978 21.000000 4043.279570
2.321177 0.219305 21.021978 4059.065934
2.341187 0.216244 21.000000 4082.500000
2.361197 0.213310 21.009892 4105.516129
2.381207 0.220209 21.000889 4125.933333
2.401217 0.210549 21.000000 4148.597938
2.421227 0.215291 21.000000 4168.380435
2.441238 0.216322 21.000000 4192.597826
2.461248 0.211550 21.000000 4211.872340
2.481258 0.218716 21.000000 4236.032609
2.501268 0.214636 21.000000 4259.666667
2.521278 0.214226 21.000000 4277.547368
2.541288 0.219502 21.000000 4307.584270
2.561298 0.212502 21.000000 4328.197917
2.581309 0.218284 21.000000 4349.307692
2.601319 0.215987 21.021978 4378.307692
2.621329 0.210563 21.000000 4396.187500
2.641339 0.218955 21.000000 4425.428571
2.661349 0.213337 21.000000 4448.712766
2.681359 0.218329 21.000000 4466.549451
2.701369 0.216946 21.000000 4497.244681
2.721380 0.209484 21.000000 4515.978947
2.741390 0.217187 21.000000 4540.064516
2.761400 0.213951 21.000000 4567.376344
2.781410 0.214399 21.000000 4584.365591
2.801420 0.221395 21.000000 4614.141304
2.821430 0.210573 21.000000 4636.600000
2.841440 0.217753 21.000000 4657.252747
2.861451 0.215818 21.000000 4686.086022
2.881461 0.212660 21.000000 4705.542553
2.901471 0.220970 21.000000 4733.222222
2.921481 0.210939 21.000000 4758.505263
2.941491 0.215553 21.000000 4778.989247
2.961501 0.215624 21.000000 4807.456522
2.981511 0.210715 21.000000 4829.347368
3.001522 0.218999 21.000000 4854.800000
3.021532 0.213273 21.000000 4880.473118
3.041542 0.213213 21.000000 4901.463158
3.061552 0.218860 21.000000 4930.054348
3.081562 0.209819 21.000000 4954.520833
3.101572 0.217892 21.000000 4978.333333
3.121583 0.214637 21.000000 5006.604167
3.141593 0.210589 21.000000 5030.505263
3.161603 0.219493 21.000000 5060.651685
3.181613 0.210677 21.000000 5089.845361
3.201623 0.217815 21.000000 5114.146067
3.221633 0.217987 21.000000 5149.333333
3.241643 0.211717 21.000000 5175.400000
3.261654 0.220631 21.000000 5210.802198
3.281664 0.212919 21.000000 5244.297872
3.301674 0.215468 21.000000 5273.766667
3.321684 0.220978 21.000000 5314.967742
3.341694 0.210817 21.000000 5348.553191
3.361704 0.219979 21.000000 5387.239130
3.381714 0.213574 21.000000 5429.043011
3.401725 0.211802 21.000000 5465.744681
3.421735 0.218549 21.000000 5514.347826
3.441745 0.209578 21.000000 5556.505155
3.461755 0.218697 21.000000 5600.602273
3.481765 0.218179 21.000000 5653.840426
3.501775 0.212935 21.000000 5699.400000
3.521785 0.221261 21.000000 5754.623656
3.541796 0.212926 21.000000 5811.085106
3.561806 0.215897 21.000000 5863.717391
3.581816 0.219799 21.000000 5931.702128
3.601826 0.211806 21.000000 5993.677419
3.621836 0.220447 21.000000 6058.811111
3.641846 0.214248 21.000000 6132.872340
3.661856 0.212266 21.000000 6201.157895
3.681867 0.219857 21.000000 6284.555556
3.701877 0.211063 21.000000 6363.946809
3.721887 0.218469 21.000000 6442.384615
3.741897 0.216241 21.000000 6535.698925
3.761907 0.211938 21.000000 6623.842105
3.781917 0.222210 21.000000 6722.175824
3.801927 0.213539 21.000000 6825.673913
3.821938 0.217673 21.000000 6921.451613
3.841948 0.217991 21.000000 7035.450549
3.861958 0.210250 21.000000 7145.670213
3.881968 0.221725 21.000000 7257.782609
3.901978 0.215593 21.000000 7385.096774
3.921988 0.216358 21.000000 7507.652893
3.941998 0.220472 21.002609 7635.579710
3.962009 0.211287 21.011631 7770.992908
3.982019 0.220233 21.000000 7896.518519
4.002029 0.216304 21.000000 8041.105634
4.022039 0.213730 21.003741 8178.057554
4.042049 0.222204 21.003529 8313.610294
4.062059 0.214243 21.007194 8460.848921
4.082069 0.218017 21.000000 8589.080882
4.102080 0.218851 21.000000 8731.611511
4.122090 0.213438 21.000000 8868.440000
4.142100 0.221536 21.000000 9000.204301
4.162110 0.216624 21.000000 9141.022222
4.182120 0.216349 21.000000 9263.720430
4.202130 0.220565 21.000000 9388.285714
4.222140 0.212486 21.006882 9518.483871
4.242151 0.221574 21.003871 9626.559140
4.262161 0.219790 21.000000 9748.775281
4.282171 0.215605 21.000000 9858.021277
4.302181 0.221944 21.000000 9956.494382
4.322191 0.215999 21.000000 10065.741935
4.342201 0.221584 21.000000 10156.300000
4.362211 0.221541 21.000000 10249.876404
4.382222 0.215989 21.000000 10340.184783
4.402232 0.223029 21.000000 10417.494505
4.422242 0.218292 21.000000 10504.000000
4.442252 0.220364 21.000000 10578.902174
4.462262 0.224272 21.000000 10650.534091
4.482272 0.214432 21.000000 10723.212766
4.502282 0.222870 21.000000 10787.340659
4.522293 0.219593 21.000000 10853.677778
4.542303 0.216569 21.000000 10914.043478
4.562313 0.224454 21.000000 10971.533333
4.582323 0.217802 21.000000 11030.098901
4.602333 0.222982 21.000000 11081.600000
4.622343 0.223822 21.000000 11134.488636
4.642353 0.218332 21.000000 11184.032609
4.662364 0.224719 21.000000 11230.340909
4.682374 0.220770 21.000000 11275.988889
4.702384 0.220187 21.000000 11319.215054
4.722394 0.226767 21.000000 11360.988636
4.742404 0.218085 21.000000 11400.652174
4.762414 0.225694 21.000000 11437.213483
4.782424 0.223596 21.000000 11474.494505
4.802435 0.220829 21.000000 11508.266667
4.822445 0.228644 21.000000 11542.379310
4.842455 0.220574 21.000000 11573.858696
4.862465 0.223574 21.000000 11605.224719
4.882475 0.224771 21.000000 11634.181818
4.902485 0.218664 21.000000 11663.722222
4.922495 0.228621 21.000000 11691.359551
4.942506 0.223885 21.000000 11720.466667
4.962516 0.224021 21.000000 11747.191011
4.982526 0.230711 21.000000 11774.604651
5.002536 0.220618 21.000000 11801.347826
5.022546 0.229402 21.000000 11826.741176
5.042556 0.228045 21.000000 11852.539326
5.062567 0.224077 21.007033 11877.472527
5.082577 0.231583 21.004235 11902.470588
5.102587 0.223436 21.000000 11926.666667
5.122597 0.228907 21.000000 11950.103448
5.142607 0.230263 21.000000 11973.666667
5.162617 0.223077 21.000000 11997.056180
5.182627 0.230880 21.000000 12019.459770
5.202638 0.225324 21.000000 12042.181818
5.222648 0.225443 21.000000 12064.800000
5.242658 0.231044 21.000000 12086.235294
5.262668 0.219946 21.000000 12107.924731
5.282678 0.229674 21.000000 12130.465909
5.302688 0.227190 21.000000 12151.183908
5.322698 0.223593 21.000000 12171.678161
5.342709 0.232678 21.000000 12193.494253
5.362719 0.222877 21.000000 12214.704545
5.382729 0.230567 21.000000 12236.136364
5.402739 0.230298 21.000000 12258.206897
5.422749 0.223271 21.000000 12279.488889
5.442759 0.232763 21.000000 12301.918605
5.462769 0.225362 21.000000 12324.101124
5.482780 0.226696 21.000000 12344.988506
5.502790 0.231861 21.000000 12367.232558
5.522800 0.222947 21.000000 12388.866667
5.542810 0.228905 21.000000 12409.919540
5.562820 0.225573 21.000000 12431.134831
5.582830 0.223954 21.000000 12450.730337
5.602840 0.230860 21.000000 12471.647727
5.622851 0.222159 21.000000 12492.393258
5.642861 0.230197 21.000000 12510.931034
5.662871 0.229577 21.000000 12530.813953
5.682881 0.224130 21.000000 12548.900000
5.702891 0.232044 21.000000 12570.604651
5.722901 0.224431 21.000000 12590.175824
5.742911 0.226791 21.000000 12606.784091
5.762922 0.230160 21.000000 12630.317647
5.782932 0.222626 21.000000 12648.978022
5.802942 0.230602 21.000000 12668.717647
5.822952 0.226934 21.000000 12691.900000
5.842962 0.226530 21.000000 12708.306818
5.862972 0.231283 21.000000 12732.174419
5.882982 0.223005 21.000000 12752.752809
5.902993 0.231748 21.000000 12770.011628
5.923003 0.227741 21.000000 12794.438202
5.943013 0.223882 21.000000 12811.922222
5.963023 0.229626 21.000000 12835.430233
5.983033 0.222505 21.000000 12857.087912
6.003043 0.228095 21.000000 12874.306818
6.023053 0.228016 21.000000 12900.818182
6.043064 0.221489 21.000000 12918.325843
6.063074 0.229550 21.000000 12943.181818
6.083084 0.224959 21.000000 12966.674157
6.103094 0.225276 21.000000 12981.839080
6.123104 0.228991 21.000000 13013.827586
6.143114 0.221362 21.000000 13032.336957
6.163124 0.229811 21.000000 13055.079545
6.183135 0.225974 21.000000 13084.918605
6.203145 0.222261 21.000000 13100.505376
6.223155 0.228125 21.000000 13134.034483
6.243165 0.222059 21.000000 13158.202247
6.263175 0.226594 21.000000 13178.704545
