serial number: JANUSZ_3_RI80_21414855
torque: 16
start_temp: 27 (26)
finish_temp: 27 (28)
note: pierwsza
0.000000 0.403014 27.000000 0.000000
0.020010 0.410848 27.000000 0.000000
0.040020 0.403400 27.000000 0.000000
0.060030 0.410612 27.000000 0.000000
0.080041 0.406585 27.000000 0.000000
0.100051 0.401355 26.996471 0.000000
0.120061 0.411943 26.996522 0.000000
0.140071 0.403231 27.000000 0.000000
0.160081 0.406654 27.000000 0.000000
0.180091 0.409181 27.000000 0.000000
0.200101 0.401062 26.995754 0.000000
0.220112 0.409873 26.998696 0.000000
0.240122 0.405430 26.999785 0.000000
0.260132 0.405719 27.000000 0.000000
0.280142 0.410584 27.000000 0.000000
0.300152 0.404250 27.000000 0.000000
0.320162 0.411603 27.000000 0.000000
0.340172 0.410548 26.997436 0.000000
0.360183 0.405665 26.996632 0.000000
0.380193 0.412863 27.000000 0.000000
0.400203 0.406160 27.000000 0.000000
0.420213 0.408084 26.999385 0.000000
0.440223 0.411188 27.000000 0.000000
0.460233 0.403996 27.000000 0.000000
0.480243 0.412018 27.000000 0.000000
0.500254 0.406194 26.996601 0.000000
0.520264 0.404045 26.992609 0.000000
0.540274 0.411704 26.997452 0.000000
0.560284 0.405115 26.996985 0.000000
0.580294 0.408609 27.000000 0.000000
0.600304 0.408386 27.000000 0.000000
0.620314 0.403688 27.000000 0.000000
0.640325 0.412530 27.000000 0.000000
0.660335 0.404757 26.997158 0.000000
0.680345 0.407911 26.997487 0.000000
0.700355 0.411352 27.000000 0.000000
0.720365 0.405847 27.000000 0.000000
0.740375 0.413140 27.000000 0.000000
0.760385 0.406450 27.000000 0.000000
0.780396 0.408803 26.992708 0.000000
0.800406 0.414515 26.997284 0.000000
0.820416 0.403654 27.000000 0.000000
0.840426 0.411774 27.000000 0.000000
0.860436 0.409867 27.000000 0.000000
0.880446 0.406187 27.000000 0.000000
0.900456 0.415187 27.000000 0.000000
0.920467 0.407038 27.000000 0.000000
0.940477 0.410420 27.000000 0.000000
0.960487 0.410202 27.000000 0.000000
0.980497 0.405657 26.997358 0.000000
1.000507 0.413360 26.997471 0.000000
1.020517 0.408382 27.000000 0.000000
1.040528 0.407395 27.000000 0.000000
1.060538 0.413689 27.000000 0.000000
1.080548 0.403893 27.000000 0.000000
1.100558 0.411992 27.000000 0.000000
1.120568 0.408767 27.000000 0.000000
1.140578 0.406177 27.000000 0.000000
1.160588 0.412314 26.994754 0.000000
1.180599 0.407282 26.996800 0.000000
1.200609 0.410967 26.997576 0.000000
1.220619 0.412087 27.000000 0.000000
1.240629 0.404118 26.999797 0.000000
1.260639 0.412473 26.999358 0.000000
1.280649 0.407941 27.000000 0.000000
1.300659 0.408795 27.000000 0.000000
1.320670 0.412987 27.000000 0.000000
1.340680 0.403776 26.999781 0.000000
1.360690 0.408428 27.000000 0.000000
1.380700 0.408512 26.992909 0.000000
1.400710 0.408681 26.997885 0.000000
1.420720 0.414344 26.995000 0.000000
1.440730 0.407261 26.999290 0.000000
1.460741 0.411376 27.000000 0.000000
1.480751 0.411512 27.000000 0.000000
1.500761 0.405136 27.000000 0.000000
1.520771 0.412943 27.000000 0.000000
1.540781 0.408020 27.000000 0.000000
1.560791 0.408225 27.000000 0.000000
1.580801 0.413325 27.000000 0.000000
1.600812 0.406178 27.000000 0.000000
1.620822 0.414888 27.000000 0.000000
1.640832 0.408673 27.000000 0.000000
1.660842 0.407541 27.000000 0.000000
1.680852 0.413754 27.000000 0.000000
1.700862 0.406380 27.000000 0.000000
1.720872 0.410278 27.000000 0.000000
1.740883 0.410057 26.999344 0.000000
1.760893 0.405364 26.986111 0.000000
1.780903 0.412805 27.000000 0.000000
1.800913 0.405585 26.993216 0.000000
1.820923 0.409896 26.995670 0.000000
1.840933 0.411296 27.000000 0.000000
1.860943 0.404798 27.000000 0.000000
1.880954 0.413366 27.000000 0.000000
1.900964 0.409026 26.999545 0.000000
1.920974 0.405409 26.995306 0.000000
1.940984 0.411841 27.000000 0.000000
1.960994 0.403062 27.000000 0.000000
1.981004 0.412319 26.993655 0.000000
2.001014 0.409581 26.992603 0.000000
2.021025 0.405059 27.000000 0.000000
2.041035 0.412083 26.999785 0.000000
2.061045 0.406857 27.000000 0.000000
2.081055 0.408925 27.000000 0.000000
2.101065 0.410068 26.999765 0.000000
2.121075 0.403640 27.000000 0.000000
2.141085 0.412524 27.000000 0.000000
2.161096 0.406750 27.000000 0.000000
2.181106 0.407043 27.000000 0.000000
2.201116 0.412126 27.000000 0.000000
2.221126 0.403586 27.000000 0.000000
2.241136 0.411616 26.999588 0.000000
2.261146 0.407538 27.000000 0.000000
2.281156 0.404874 27.000000 0.000000
2.301167 0.410335 27.000000 0.000000
2.321177 0.403648 27.000000 0.000000
2.341187 0.408364 27.000000 0.000000
2.361197 0.409117 27.000000 0.000000
2.381207 0.402503 27.000000 0.000000
2.401217 0.413002 27.000000 0.000000
2.421227 0.406476 27.000000 0.000000
2.441238 0.407014 27.000000 0.000000
2.461248 0.411602 27.000000 0.000000
2.481258 0.403150 26.999140 0.000000
2.501268 0.411111 27.000000 0.000000
2.521278 0.406709 27.000000 0.000000
2.541288 0.403780 27.000000 0.000000
2.561298 0.410491 27.000000 0.000000
2.581309 0.403292 27.000000 0.000000
2.601319 0.409397 27.000000 0.000000
2.621329 0.409273 27.000000 0.000000
2.641339 0.402671 27.000000 0.000000
2.661349 0.410797 26.994588 0.000000
2.681359 0.405474 26.999778 0.000000
2.701369 0.406243 27.000000 0.000000
2.721380 0.409647 27.000000 0.000000
2.741390 0.401716 27.000000 0.000000
2.761400 0.410104 27.000000 0.000000
2.781410 0.405691 26.990370 0.000000
2.801420 0.403242 26.997696 0.000000
2.821430 0.411310 27.000000 0.000000
2.841440 0.402558 27.000000 0.000000
2.861451 0.407244 27.000000 0.000000
2.881461 0.409574 27.000000 0.000000
2.901471 0.402913 26.998930 0.000000
2.921481 0.412816 26.995355 0.000000
2.941491 0.406209 27.000000 0.000000
2.961501 0.405777 27.000000 0.000000
2.981511 0.411355 26.998168 0.000000
3.001522 0.402510 26.996433 0.000000
3.021532 0.413076 27.000000 0.000000
3.041542 0.408081 27.000000 0.000000
3.061552 0.405162 27.000000 0.000000
3.081562 0.410780 26.999574 0.000000
3.101572 0.402864 27.000000 0.000000
3.121583 0.407651 27.000000 0.000000
3.141593 0.336542 26.992844 0.000000
3.161603 0.384633 26.994341 0.000000
3.181613 0.401003 27.000000 0.000000
3.201623 0.395988 27.000000 0.000000
3.221633 0.399731 27.000000 0.000000
3.241643 0.402752 27.000000 0.000000
3.261654 0.395484 27.000000 0.000000
3.281664 0.405210 27.000000 0.000000
3.301674 0.399367 27.000000 0.000000
3.321684 0.400962 26.999485 0.000000
3.341694 0.404761 26.988810 0.000000
3.361704 0.397131 27.000000 0.000000
3.381714 0.405850 26.998980 0.000000
3.401725 0.402270 27.000000 0.000000
3.421735 0.397703 27.000000 0.000000
3.441745 0.405761 26.999792 0.000000
3.461755 0.399322 26.999652 0.000000
3.481765 0.401886 26.998750 0.000000
3.501775 0.405618 26.995644 0.000000
3.521785 0.398250 27.000000 0.000000
3.541796 0.407654 27.000000 0.000000
3.561806 0.396154 27.000000 0.000000
3.581816 0.398973 27.000000 0.000000
3.601826 0.405307 26.995385 0.000000
3.621836 0.397655 26.999347 0.000000
3.641846 0.404522 27.000000 0.000000
3.661856 0.402161 26.995897 0.000000
3.681867 0.397926 26.998952 0.000000
3.701877 0.405583 26.995979 0.000000
3.721887 0.397888 26.994563 0.000000
3.741897 0.402572 27.000000 0.000000
3.761907 0.402758 27.000000 0.000000
3.781917 0.397991 26.999142 0.000000
3.801927 0.405239 27.000000 0.000000
3.821938 0.399711 27.000000 0.000000
3.841948 0.400371 26.999467 0.000000
3.861958 0.404310 27.000000 0.000000
3.881968 0.395716 27.000000 0.000000
3.901978 0.403570 27.000000 0.000000
3.921988 0.400088 26.999798 0.000000
3.941998 0.395915 26.999828 0.000000
3.962009 0.405677 27.000000 0.000000
3.982019 0.394488 27.000000 0.000000
4.002029 0.399666 27.000000 0.000000
4.022039 0.401108 27.000000 0.000000
4.042049 0.395478 27.000000 0.000000
4.062059 0.404081 27.000000 0.000000
4.082069 0.396945 27.000000 0.000000
4.102080 0.398661 26.991139 0.000000
4.122090 0.406073 26.998933 0.000000
4.142100 0.393910 27.000000 0.000000
4.162110 0.403626 26.999770 0.000000
4.182120 0.400323 26.997660 0.000000
4.202130 0.395917 26.991702 0.000000
4.222140 0.404420 27.000000 0.000000
4.242151 0.395134 27.000000 0.000000
4.262161 0.400829 27.000000 0.000000
4.282171 0.401835 27.000000 0.000000
4.302181 0.395052 27.000000 0.000000
4.322191 0.404523 27.000000 0.000000
4.342201 0.396658 27.000000 0.000000
4.362211 0.399448 27.000000 0.000000
4.382222 0.404314 26.999722 0.000000
4.402232 0.393603 26.995102 0.000000
4.422242 0.403353 27.000000 0.000000
4.442252 0.400918 26.990337 0.000000
4.462262 0.396044 26.999391 0.000000
4.482272 0.405060 27.000000 0.000000
4.502282 0.395184 27.000000 0.000000
4.522293 0.403097 27.000000 0.000000
4.542303 0.399803 27.000000 0.000000
4.562313 0.394871 27.000000 0.000000
4.582323 0.404607 27.000000 0.000000
4.602333 0.396505 27.000000 0.000000
4.622343 0.399009 27.000000 0.000000
4.642353 0.398963 26.998961 0.000000
4.662364 0.395266 27.000000 0.000000
4.682374 0.404300 27.000000 0.000000
4.702384 0.399651 27.000000 0.000000
4.722394 0.397968 26.999188 0.000000
4.742404 0.404306 26.996450 0.000000
4.762414 0.395998 27.000000 0.000000
4.782424 0.402389 27.000000 0.000000
4.802435 0.402099 27.000000 0.000000
4.822445 0.398845 27.000000 0.000000
4.842455 0.405450 27.000000 0.000000
4.862465 0.398922 27.000000 0.000000
4.882475 0.403114 27.000000 0.000000
4.902485 0.405830 26.996170 0.000000
4.922495 0.397899 26.995135 0.000000
4.942506 0.407144 27.000000 0.000000
4.962516 0.402720 27.000000 0.000000
4.982526 0.402104 27.000000 0.000000
5.002536 0.407549 27.000000 0.000000
5.022546 0.398639 27.000000 0.000000
5.042556 0.407266 26.998954 0.000000
5.062567 0.407691 26.996389 0.000000
5.082577 0.402644 26.996941 0.000000
5.102587 0.409630 26.992727 0.000000
5.122597 0.402717 27.000000 0.000000
5.142607 0.405335 27.000000 0.000000
5.162617 0.407479 27.000000 0.000000
5.182627 0.400474 26.993155 0.000000
5.202638 0.405491 26.990282 0.000000
5.222648 0.400942 27.000000 0.000000
5.242658 0.403210 27.000000 0.000000
5.262668 0.408281 27.000000 0.000000
5.282678 0.401625 27.000000 0.000000
5.302688 0.407309 27.000000 0.000000
5.322698 0.406549 27.000000 0.000000
5.342709 0.400734 27.000000 0.000000
5.362719 0.407029 27.000000 0.000000
5.382729 0.400840 27.000000 0.000000
5.402739 0.404687 27.000000 0.000000
5.422749 0.407521 27.000000 0.000000
5.442759 0.400046 26.999786 0.000000
5.462769 0.407619 27.000000 0.000000
5.482780 0.402951 27.000000 0.000000
5.502790 0.404870 27.000000 0.000000
5.522800 0.407640 27.000000 0.000000
5.542810 0.401707 27.000000 0.000000
5.562820 0.408311 27.000000 0.000000
5.582830 0.405690 27.000000 0.000000
5.602840 0.404771 27.000000 0.000000
5.622851 0.411106 27.000000 0.000000
5.642861 0.402685 26.995952 0.000000
5.662871 0.406576 26.991623 0.000000
5.682881 0.407574 26.989286 0.000000
5.702891 0.402033 26.996151 0.000000
5.722901 0.408881 27.000000 0.000000
5.742911 0.404800 27.000000 0.000000
5.762922 0.403861 27.000000 0.000000
5.782932 0.406202 27.000000 0.000000
5.802942 0.401059 27.000000 0.000000
5.822952 0.409189 27.000000 0.000000
5.842962 0.406606 27.000000 0.000000
5.862972 0.402055 27.000000 0.000000
5.882982 0.408471 27.000000 0.000000
5.902993 0.402947 26.995706 0.000000
5.923003 0.405577 26.993861 0.000000
5.943013 0.405338 27.000000 0.000000
5.963023 0.398213 26.999368 0.000000
5.983033 0.407463 27.000000 0.000000
6.003043 0.402579 27.000000 0.000000
6.023053 0.404582 26.999626 0.000000
6.043064 0.409622 26.999758 0.000000
6.063074 0.401711 26.994483 0.000000
6.083084 0.407498 26.999786 0.000000
6.103094 0.404388 27.000000 0.000000
6.123104 0.401514 27.000000 0.000000
6.143114 0.411893 27.000000 0.000000
6.163124 0.403106 27.000000 0.000000
6.183135 0.406002 27.000000 0.000000
6.203145 0.407431 27.000000 0.000000
6.223155 0.401396 27.000000 0.000000
6.243165 0.409434 26.995306 0.000000
6.263175 0.404678 26.993571 0.000000
