serial number: JANUSZ_3_RI80_21414855
torque: 16
start_temp: 24 (24)
finish_temp: 24 (25)
note: z janusza 3, os 1, po naprawie elektroniki
0.000000 0.439598 24.000000 0.000000
0.020010 0.444087 24.000000 0.000000
0.040020 0.437065 24.000000 0.000000
0.060030 0.444770 24.000000 0.000000
0.080041 0.443165 24.000000 0.000000
0.100051 0.437842 24.000000 0.000000
0.120061 0.443934 24.000000 0.000000
0.140071 0.438103 24.000000 0.000000
0.160081 0.442582 24.000000 0.000000
0.180091 0.442945 24.000000 0.000000
0.200101 0.436425 24.000000 0.000000
0.220112 0.445103 24.000000 0.000000
0.240122 0.441035 24.000000 0.000000
0.260132 0.440483 24.000000 0.000000
0.280142 0.444702 24.000000 0.000000
0.300152 0.437617 24.000000 0.000000
0.320162 0.445191 24.000000 0.000000
0.340172 0.442340 24.000000 0.000000
0.360183 0.438137 24.000000 0.000000
0.380193 0.445141 24.000000 0.000000
0.400203 0.439816 24.000000 0.000000
0.420213 0.443520 24.000000 0.000000
0.440223 0.444733 24.000000 0.000000
0.460233 0.438630 24.000000 0.000000
0.480243 0.447658 24.000000 0.000000
0.500254 0.442961 24.000000 0.000000
0.520264 0.443103 24.000000 0.000000
0.540274 0.445853 24.000000 0.000000
0.560284 0.438939 24.000000 0.000000
0.580294 0.447124 24.000000 0.000000
0.600304 0.444845 24.000000 0.000000
0.620314 0.441596 24.000000 0.000000
0.640325 0.448866 24.000000 0.000000
0.660335 0.442722 24.000000 0.000000
0.680345 0.446153 24.000000 0.000000
0.700355 0.446112 24.000000 0.000000
0.720365 0.442188 24.000000 0.000000
0.740375 0.449957 24.000000 0.000000
0.760385 0.446168 24.000000 0.000000
0.780396 0.445426 24.000000 0.000000
0.800406 0.448825 24.000000 0.000000
0.820416 0.444044 24.000000 0.000000
0.840426 0.450421 24.000000 0.000000
0.860436 0.446915 24.000000 0.000000
0.880446 0.443972 24.000000 0.000000
0.900456 0.451301 24.000000 0.000000
0.920467 0.444768 24.000000 0.000000
0.940477 0.448361 24.000000 0.000000
0.960487 0.447378 24.000000 0.000000
0.980497 0.443633 24.000000 0.000000
1.000507 0.451225 24.000000 0.000000
1.020517 0.445848 24.000000 0.000000
1.040528 0.447090 24.000000 0.000000
1.060538 0.449498 24.000000 0.000000
1.080548 0.445600 24.000000 0.000000
1.100558 0.451160 24.000000 0.000000
1.120568 0.447343 24.000000 0.000000
1.140578 0.446692 24.000000 0.000000
1.160588 0.451640 24.000000 0.000000
1.180599 0.445863 24.000000 0.000000
1.200609 0.450439 24.000000 0.000000
1.220619 0.449814 24.000000 0.000000
1.240629 0.446963 24.000000 0.000000
1.260639 0.453931 24.000000 0.000000
1.280649 0.447405 24.000000 0.000000
1.300659 0.449976 24.000000 0.000000
1.320670 0.452360 24.000000 0.000000
1.340680 0.446919 24.000000 0.000000
1.360690 0.453249 24.000000 0.000000
1.380700 0.448641 24.000000 0.000000
1.400710 0.448883 24.000000 0.000000
1.420720 0.453323 24.000000 0.000000
1.440730 0.446544 24.000000 0.000000
1.460741 0.452252 24.000000 0.000000
1.480751 0.450533 24.000000 0.000000
1.500761 0.447787 24.000000 0.000000
1.520771 0.454621 24.000000 0.000000
1.540781 0.446007 24.000000 0.000000
1.560791 0.449801 24.000000 0.000000
1.580801 0.450792 24.000000 0.000000
1.600812 0.445873 24.000000 0.000000
1.620822 0.452188 24.000000 0.000000
1.640832 0.447229 24.000000 0.000000
1.660842 0.447470 24.000000 0.000000
1.680852 0.451515 24.000000 0.000000
1.700862 0.443954 24.000000 0.000000
1.720872 0.449835 24.000000 0.000000
1.740883 0.447347 24.000000 0.000000
1.760893 0.445313 24.000000 0.000000
1.780903 0.451145 24.000000 0.000000
1.800913 0.444100 24.000000 0.000000
1.820923 0.448097 24.000000 0.000000
1.840933 0.448939 24.000000 0.000000
1.860943 0.443469 24.000000 0.000000
1.880954 0.449380 24.000000 0.000000
1.900964 0.444367 24.000000 0.000000
1.920974 0.445886 24.000000 0.000000
1.940984 0.449787 24.000000 0.000000
1.960994 0.442375 24.000000 0.000000
1.981004 0.447856 24.000000 0.000000
2.001014 0.446050 24.000000 0.000000
2.021025 0.443940 24.000000 0.000000
2.041035 0.449135 24.000000 0.000000
2.061045 0.441426 24.000000 0.000000
2.081055 0.447271 24.000000 0.000000
2.101065 0.446507 24.000000 0.000000
2.121075 0.441325 24.000000 0.000000
2.141085 0.447148 24.000000 0.000000
2.161096 0.441674 24.000000 0.000000
2.181106 0.444162 24.000000 0.000000
2.201116 0.447154 24.000000 0.000000
2.221126 0.439184 24.000000 0.000000
2.241136 0.446226 24.000000 0.000000
2.261146 0.443310 24.000000 0.000000
2.281156 0.442018 24.000000 0.000000
2.301167 0.446326 24.000000 0.000000
2.321177 0.439050 24.000000 0.000000
2.341187 0.444779 24.000000 0.000000
2.361197 0.444705 24.000000 0.000000
2.381207 0.439997 24.000000 0.000000
2.401217 0.446067 24.000000 0.000000
2.421227 0.441565 24.000000 0.000000
2.441238 0.443750 24.000000 0.000000
2.461248 0.446200 24.000000 0.000000
2.481258 0.438861 24.000000 0.000000
2.501268 0.446233 24.000000 0.000000
2.521278 0.443721 24.000000 0.000000
2.541288 0.441479 24.000000 0.000000
2.561298 0.446708 24.000000 0.000000
2.581309 0.440201 24.000000 0.000000
2.601319 0.446640 24.000000 0.000000
2.621329 0.446640 24.000000 0.000000
2.641339 0.440978 24.000000 0.000000
2.661349 0.447487 24.000000 0.000000
2.681359 0.442596 24.000000 0.000000
2.701369 0.445580 24.000000 0.000000
2.721380 0.447532 24.000000 0.000000
2.741390 0.440842 24.000000 0.000000
2.761400 0.447152 24.000000 0.000000
2.781410 0.444939 24.000000 0.000000
2.801420 0.443139 24.000000 0.000000
2.821430 0.448464 24.000000 0.000000
2.841440 0.441966 24.000000 0.000000
2.861451 0.448439 24.000000 0.000000
2.881461 0.446737 24.000000 0.000000
2.901471 0.442460 24.000000 0.000000
2.921481 0.448891 24.000000 0.000000
2.941491 0.443836 24.000000 0.000000
2.961501 0.446927 24.000000 0.000000
2.981511 0.448449 24.000000 0.000000
3.001522 0.441192 24.000000 0.000000
3.021532 0.449016 24.000000 0.000000
3.041542 0.445833 24.000000 0.000000
3.061552 0.444479 24.000000 0.000000
3.081562 0.448210 24.000000 0.000000
3.101572 0.442154 24.000000 0.000000
3.121583 0.448198 24.000000 0.000000
3.141593 0.447087 24.000000 0.000000
3.161603 0.378989 24.000000 0.000000
3.181613 0.422107 24.000000 0.000000
3.201623 0.422332 24.000000 0.000000
3.221633 0.430257 24.000000 0.000000
3.241643 0.432954 24.000000 0.000000
3.261654 0.426318 24.000000 0.000000
3.281664 0.436032 24.000000 0.000000
3.301674 0.431495 24.000000 0.000000
3.321684 0.432177 24.000000 0.000000
3.341694 0.436870 24.000000 0.000000
3.361704 0.429082 24.000000 0.000000
3.381714 0.437827 24.000000 0.000000
3.401725 0.435638 24.000000 0.000000
3.421735 0.432484 24.000000 0.000000
3.441745 0.438805 24.000000 0.000000
3.461755 0.432937 24.000000 0.000000
3.481765 0.437698 24.000000 0.000000
3.501775 0.437151 24.000000 0.000000
3.521785 0.431485 24.000000 0.000000
3.541796 0.440249 24.000000 0.000000
3.561806 0.434728 24.000000 0.000000
3.581816 0.435537 24.000000 0.000000
3.601826 0.437998 24.000000 0.000000
3.621836 0.431595 24.000000 0.000000
3.641846 0.441080 24.000000 0.000000
3.661856 0.436720 24.000000 0.000000
3.681867 0.434110 24.000000 0.000000
3.701877 0.438908 24.000000 0.000000
3.721887 0.433081 24.000000 0.000000
3.741897 0.439380 24.000000 0.000000
3.761907 0.438182 24.000000 0.000000
3.781917 0.433320 24.000000 0.000000
3.801927 0.440969 24.000000 0.000000
3.821938 0.435481 24.000000 0.000000
3.841948 0.436889 24.000000 0.000000
3.861958 0.439113 24.000000 0.000000
3.881968 0.433087 24.000000 0.000000
3.901978 0.441641 24.000000 0.000000
3.921988 0.437416 24.000000 0.000000
3.941998 0.434967 24.000000 0.000000
3.962009 0.440797 24.000000 0.000000
3.982019 0.434989 24.000000 0.000000
4.002029 0.440969 24.000000 0.000000
4.022039 0.437700 24.000000 0.000000
4.042049 0.434827 24.000000 0.000000
4.062059 0.441454 24.000000 0.000000
4.082069 0.436780 24.000000 0.000000
4.102080 0.439822 24.000000 0.000000
4.122090 0.440647 24.000000 0.000000
4.142100 0.435222 24.000000 0.000000
4.162110 0.443352 24.000000 0.000000
4.182120 0.437826 24.000000 0.000000
4.202130 0.437892 24.000000 0.000000
4.222140 0.441710 24.000000 0.000000
4.242151 0.435309 24.000000 0.000000
4.262161 0.441270 24.000000 0.000000
4.282171 0.438558 24.000000 0.000000
4.302181 0.436210 24.000000 0.000000
4.322191 0.443526 24.000000 0.000000
4.342201 0.436522 24.000000 0.000000
4.362211 0.440742 24.000000 0.000000
4.382222 0.440098 24.000000 0.000000
4.402232 0.436814 24.000000 0.000000
4.422242 0.444366 24.000000 0.000000
4.442252 0.437428 24.000000 0.000000
4.462262 0.439266 24.000000 0.000000
4.482272 0.443344 24.000000 0.000000
4.502282 0.437007 24.000000 0.000000
4.522293 0.442614 24.000000 0.000000
4.542303 0.439734 24.000000 0.000000
4.562313 0.439310 24.000000 0.000000
4.582323 0.444564 24.000000 0.000000
4.602333 0.437417 24.000000 0.000000
4.622343 0.441802 24.000000 0.000000
4.642353 0.442196 24.000000 0.000000
4.662364 0.437332 24.000000 0.000000
4.682374 0.444273 24.000000 0.000000
4.702384 0.438213 24.000000 0.000000
4.722394 0.439672 24.000000 0.000000
4.742404 0.443810 24.000000 0.000000
4.762414 0.437274 24.000000 0.000000
4.782424 0.443420 24.000000 0.000000
4.802435 0.439808 24.000000 0.000000
4.822445 0.440080 24.000000 0.000000
4.842455 0.445271 24.000000 0.000000
4.862465 0.437961 24.000000 0.000000
4.882475 0.442667 24.000000 0.000000
4.902485 0.442483 24.000000 0.000000
4.922495 0.438670 24.000000 0.000000
4.942506 0.444321 24.000000 0.000000
4.962516 0.438166 24.000000 0.000000
4.982526 0.441238 24.000000 0.000000
5.002536 0.444483 24.000000 0.000000
5.022546 0.437844 24.000000 0.000000
5.042556 0.443916 24.000000 0.000000
5.062567 0.440249 24.000000 0.000000
5.082577 0.440705 24.000000 0.000000
5.102587 0.445902 24.000000 0.000000
5.122597 0.439089 24.000000 0.000000
5.142607 0.444304 24.000000 0.000000
5.162617 0.444460 24.000000 0.000000
5.182627 0.440797 24.000000 0.000000
5.202638 0.446205 24.000000 0.000000
5.222648 0.440145 24.000000 0.000000
5.242658 0.444454 24.000000 0.000000
5.262668 0.445799 24.000000 0.000000
5.282678 0.440495 24.000000 0.000000
5.302688 0.445465 24.000000 0.000000
5.322698 0.443287 24.000000 0.000000
5.342709 0.443281 24.000000 0.000000
5.362719 0.447141 24.000000 0.000000
5.382729 0.440196 24.000000 0.000000
5.402739 0.445192 24.000000 0.000000
5.422749 0.445499 24.000000 0.000000
5.442759 0.441271 24.000000 0.000000
5.462769 0.447275 24.000000 0.000000
5.482780 0.441951 24.000000 0.000000
5.502790 0.444702 24.000000 0.000000
5.522800 0.447971 24.000000 0.000000
5.542810 0.441169 24.000000 0.000000
5.562820 0.447633 24.000000 0.000000
5.582830 0.445156 24.000000 0.000000
5.602840 0.443348 24.000000 0.000000
5.622851 0.447264 24.000000 0.000000
5.642861 0.440943 24.000000 0.000000
5.662871 0.445596 24.000000 0.000000
5.682881 0.445714 24.000000 0.000000
5.702891 0.441260 24.000000 0.000000
5.722901 0.446153 24.000000 0.000000
5.742911 0.442710 24.000000 0.000000
5.762922 0.443692 24.000000 0.000000
5.782932 0.446622 24.000000 0.000000
5.802942 0.439265 24.000000 0.000000
5.822952 0.446023 24.000000 0.000000
5.842962 0.444412 24.000000 0.000000
5.862972 0.441542 24.000000 0.000000
5.882982 0.445923 24.000000 0.000000
5.902993 0.439963 24.000000 0.000000
5.923003 0.445087 24.000000 0.000000
5.943013 0.446037 24.000000 0.000000
5.963023 0.439388 24.000000 0.000000
5.983033 0.445854 24.000000 0.000000
6.003043 0.442642 24.000000 0.000000
6.023053 0.442848 24.000000 0.000000
6.043064 0.444997 24.000000 0.000000
6.063074 0.438176 24.000000 0.000000
6.083084 0.444800 24.000000 0.000000
6.103094 0.443838 24.000000 0.000000
6.123104 0.439072 24.000000 0.000000
6.143114 0.445105 24.000000 0.000000
6.163124 0.438834 24.000000 0.000000
6.183135 0.443363 24.000000 0.000000
6.203145 0.444216 24.000000 0.000000
6.223155 0.436834 24.000000 0.000000
6.243165 0.445197 24.000000 0.000000
6.263175 0.440966 24.000000 0.000000
