serial number: JANUSZ_3_RI80_21414855
torque: 16
start_temp: 30 (33)
finish_temp: 30 (33)
note: znalezny
0.000000 0.707796 30.000000 0.000000
0.020010 0.717950 30.000000 0.000000
0.040020 0.710765 30.000000 0.000000
0.060030 0.711656 30.000000 0.000000
0.080041 0.717487 30.000000 0.000000
0.100051 0.705717 30.000000 0.000000
0.120061 0.716265 30.000000 0.000000
0.140071 0.712785 30.000000 0.000000
0.160081 0.708675 30.000000 0.000000
0.180091 0.717829 30.000000 0.000000
0.200101 0.707194 30.000000 0.000000
0.220112 0.714912 30.000000 0.000000
0.240122 0.714963 30.000000 0.000000
0.260132 0.707404 30.000000 0.000000
0.280142 0.716083 30.000000 0.000000
0.300152 0.709663 30.000000 0.000000
0.320162 0.711650 30.000000 0.000000
0.340172 0.715893 30.000000 0.000000
0.360183 0.705893 30.000000 0.000000
0.380193 0.716257 30.000000 0.000000
0.400203 0.712840 30.000000 0.000000
0.420213 0.708143 30.000000 0.000000
0.440223 0.718209 30.000000 0.000000
0.460233 0.707400 30.000000 0.000000
0.480243 0.714675 30.000000 0.000000
0.500254 0.715140 30.000000 0.000000
0.520264 0.707442 30.000000 0.000000
0.540274 0.717830 30.000000 0.000000
0.560284 0.710420 30.000000 0.000000
0.580294 0.711855 30.000000 0.000000
0.600304 0.717266 30.000000 0.000000
0.620314 0.707046 30.000000 0.000000
0.640325 0.717012 30.000000 0.000000
0.660335 0.713519 30.000000 0.000000
0.680345 0.709355 30.000000 0.000000
0.700355 0.718829 30.000000 0.000000
0.720365 0.709864 30.000000 0.000000
0.740375 0.715041 30.000000 0.000000
0.760385 0.716159 30.000000 0.000000
0.780396 0.707605 30.000000 0.000000
0.800406 0.719934 30.000000 0.000000
0.820416 0.711625 30.000000 0.000000
0.840426 0.711976 30.000000 0.000000
0.860436 0.719120 30.000000 0.000000
0.880446 0.708601 30.000000 0.000000
0.900456 0.718063 30.000000 0.000000
0.920467 0.714807 30.000000 0.000000
0.940477 0.710277 30.000000 0.000000
0.960487 0.714828 30.000000 0.000000
0.980497 0.709405 30.000000 0.000000
1.000507 0.716052 30.000000 0.000000
1.020517 0.716562 30.000000 0.000000
1.040528 0.709261 30.000000 0.000000
1.060538 0.719534 30.000000 0.000000
1.080548 0.711031 30.000000 0.000000
1.100558 0.712758 30.000000 0.000000
1.120568 0.718160 30.000000 0.000000
1.140578 0.708554 30.000000 0.000000
1.160588 0.718762 30.000000 0.000000
1.180599 0.714254 30.000000 0.000000
1.200609 0.710578 30.000000 0.000000
1.220619 0.720079 30.000000 0.000000
1.240629 0.709136 30.000000 0.000000
1.260639 0.716116 30.000000 0.000000
1.280649 0.715910 30.000000 0.000000
1.300659 0.709132 30.000000 0.000000
1.320670 0.719651 30.000000 0.000000
1.340680 0.710589 30.000000 0.000000
1.360690 0.712060 30.000000 0.000000
1.380700 0.717697 30.000000 0.000000
1.400710 0.707260 30.000000 0.000000
1.420720 0.717255 30.000000 0.000000
1.440730 0.711434 30.000000 0.000000
1.460741 0.709184 30.000000 0.000000
1.480751 0.718708 30.000000 0.000000
1.500761 0.707357 30.000000 0.000000
1.520771 0.714681 30.000000 0.000000
1.540781 0.714000 30.000000 0.000000
1.560791 0.708287 30.000000 0.000000
1.580801 0.718416 30.000000 0.000000
1.600812 0.708616 30.000000 0.000000
1.620822 0.711768 30.000000 0.000000
1.640832 0.715795 30.000000 0.000000
1.660842 0.706322 30.000000 0.000000
1.680852 0.715357 30.000000 0.000000
1.700862 0.709907 30.000000 0.000000
1.720872 0.709270 30.000000 0.000000
1.740883 0.716412 30.000000 0.000000
1.760893 0.703898 30.000000 0.000000
1.780903 0.712363 30.000000 0.000000
1.800913 0.710397 30.000000 0.000000
1.820923 0.704833 30.000000 0.000000
1.840933 0.715330 30.000000 0.000000
1.860943 0.702592 30.000000 0.000000
1.880954 0.706892 30.000000 0.000000
1.900964 0.710384 30.000000 0.000000
1.920974 0.700617 30.000000 0.000000
1.940984 0.710282 30.000000 0.000000
1.960994 0.703334 30.000000 0.000000
1.981004 0.703088 30.000000 0.000000
2.001014 0.710098 30.000000 0.000000
2.021025 0.697696 30.000000 0.000000
2.041035 0.706487 30.000000 0.000000
2.061045 0.702890 30.000000 0.000000
2.081055 0.698794 30.000000 0.000000
2.101065 0.708005 30.000000 0.000000
2.121075 0.696291 30.000000 0.000000
2.141085 0.702672 30.000000 0.000000
2.161096 0.704156 30.000000 0.000000
2.181106 0.695158 30.000000 0.000000
2.201116 0.705334 30.000000 0.000000
2.221126 0.695690 30.000000 0.000000
2.241136 0.698638 30.000000 0.000000
2.261146 0.706778 30.000000 0.000000
2.281156 0.698062 30.000000 0.000000
2.301167 0.702809 30.000000 0.000000
2.321177 0.698969 30.000000 0.000000
2.341187 0.697746 30.000000 0.000000
2.361197 0.704741 30.000000 0.000000
2.381207 0.693408 30.000000 0.000000
2.401217 0.700818 30.000000 0.000000
2.421227 0.701256 30.000000 0.000000
2.441238 0.694571 30.000000 0.000000
2.461248 0.704246 30.000000 0.000000
2.481258 0.695128 30.000000 0.000000
2.501268 0.698933 30.000000 0.000000
2.521278 0.703889 30.000000 0.000000
2.541288 0.693496 30.000000 0.000000
2.561298 0.703748 30.000000 0.000000
2.581309 0.698277 30.000000 0.000000
2.601319 0.698101 30.000000 0.000000
2.621329 0.705386 30.000000 0.000000
2.641339 0.694385 30.000000 0.000000
2.661349 0.704376 30.000000 0.000000
2.681359 0.702847 30.000000 0.000000
2.701369 0.697494 30.000000 0.000000
2.721380 0.708923 30.000000 0.000000
2.741390 0.701232 30.000000 0.000000
2.761400 0.705712 30.000000 0.000000
2.781410 0.706816 30.000000 0.000000
2.801420 0.698291 30.000000 0.000000
2.821430 0.708250 30.000000 0.000000
2.841440 0.701408 30.000000 0.000000
2.861451 0.703192 30.000000 0.000000
2.881461 0.709329 30.000000 0.000000
2.901471 0.698843 30.000000 0.000000
2.921481 0.708614 30.000000 0.000000
2.941491 0.706657 30.000000 0.000000
2.961501 0.701912 30.000000 0.000000
2.981511 0.711995 30.000000 0.000000
3.001522 0.703561 30.000000 0.000000
3.021532 0.709812 30.000000 0.000000
3.041542 0.714272 30.000000 0.000000
3.061552 0.704994 30.000000 0.000000
3.081562 0.713382 30.000000 0.000000
3.101572 0.715601 30.000000 0.000000
3.121583 nan nan nan
3.141593 nan nan nan
3.161603 nan nan nan
3.181613 nan nan nan
3.201623 0.710715 30.000000 0.000000
3.221633 0.706961 30.000000 0.000000
3.241643 nan nan nan
3.261654 nan nan nan
3.281664 nan nan nan
3.301674 0.721000 30.000000 0.000000
3.321684 0.722800 30.000000 0.000000
3.341694 nan nan nan
3.361704 nan nan nan
3.381714 nan nan nan
3.401725 0.718478 30.000000 0.000000
3.421735 0.709253 30.000000 0.000000
3.441745 0.719333 30.000000 0.000000
3.461755 0.715462 30.000000 0.000000
3.481765 0.709060 30.000000 0.000000
3.501775 0.717958 30.000000 0.000000
3.521785 0.706006 30.000000 0.000000
3.541796 0.715921 30.000000 0.000000
3.561806 0.713791 30.000000 0.000000
3.581816 0.707063 30.000000 0.000000
3.601826 0.717822 30.000000 0.000000
3.621836 0.708621 30.000000 0.000000
3.641846 0.712461 30.000000 0.000000
3.661856 0.716350 30.000000 0.000000
3.681867 0.705625 30.000000 0.000000
3.701877 0.718013 30.000000 0.000000
3.721887 0.711306 30.000000 0.000000
3.741897 0.709004 30.000000 0.000000
3.761907 0.718192 30.000000 0.000000
3.781917 0.707096 30.000000 0.000000
3.801927 0.716293 30.000000 0.000000
3.821938 0.713934 30.000000 0.000000
3.841948 0.707521 30.000000 0.000000
3.861958 0.713696 30.000000 0.000000
3.881968 0.709085 30.000000 0.000000
3.901978 0.713190 30.000000 0.000000
3.921988 0.711860 30.000000 0.000000
3.941998 0.707055 30.000000 0.000000
3.962009 0.717708 30.000000 0.000000
3.982019 0.710527 30.000000 0.000000
4.002029 0.709767 30.000000 0.000000
4.022039 0.717166 30.000000 0.000000
4.042049 0.706342 30.000000 0.000000
4.062059 0.715616 30.000000 0.000000
4.082069 0.712945 30.000000 0.000000
4.102080 0.707509 30.000000 0.000000
4.122090 0.717887 30.000000 0.000000
4.142100 0.708209 30.000000 0.000000
4.162110 0.713673 30.000000 0.000000
4.182120 0.716265 30.000000 0.000000
4.202130 0.707140 30.000000 0.000000
4.222140 0.717703 30.000000 0.000000
4.242151 0.710332 30.000000 0.000000
4.262161 0.710737 30.000000 0.000000
4.282171 0.718115 30.000000 0.000000
4.302181 0.706855 30.000000 0.000000
4.322191 0.717125 30.000000 0.000000
4.342201 0.712704 30.000000 0.000000
4.362211 0.708779 30.000000 0.000000
4.382222 0.717336 30.000000 0.000000
4.402232 0.708646 30.000000 0.000000
4.422242 0.713927 30.000000 0.000000
4.442252 0.716053 30.000000 0.000000
4.462262 0.707436 30.000000 0.000000
4.482272 0.719173 30.000000 0.000000
4.502282 0.709923 30.000000 0.000000
4.522293 0.711382 30.000000 0.000000
4.542303 0.718116 30.000000 0.000000
4.562313 0.708736 30.000000 0.000000
4.582323 0.717602 30.000000 0.000000
4.602333 0.713231 30.000000 0.000000
4.622343 0.709612 30.000000 0.000000
4.642353 0.720564 30.000000 0.000000
4.662364 0.708497 30.000000 0.000000
4.682374 0.715075 30.000000 0.000000
4.702384 0.716755 30.000000 0.000000
4.722394 0.709257 30.000000 0.000000
4.742404 0.719807 30.000000 0.000000
4.762414 0.710770 30.000000 0.000000
4.782424 0.713020 30.000000 0.000000
4.802435 0.720023 30.000000 0.000000
4.822445 0.709602 30.000000 0.000000
4.842455 0.718353 30.000000 0.000000
4.862465 0.714711 30.000000 0.000000
4.882475 0.711985 30.000000 0.000000
4.902485 0.721570 30.000000 0.000000
4.922495 0.710441 30.000000 0.000000
4.942506 0.716771 30.000000 0.000000
4.962516 0.718975 30.000000 0.000000
4.982526 0.710493 30.000000 0.000000
5.002536 0.721568 30.000000 0.000000
5.022546 0.712377 30.000000 0.000000
5.042556 0.715122 30.000000 0.000000
5.062567 0.720695 30.000000 0.000000
5.082577 0.709761 30.000000 0.000000
5.102587 0.719255 30.000000 0.000000
5.122597 0.716894 30.000000 0.000000
5.142607 0.714281 30.000000 0.000000
5.162617 0.717523 30.000000 0.000000
5.182627 0.712617 30.000000 0.000000
5.202638 0.717886 30.000000 0.000000
5.222648 0.719167 30.000000 0.000000
5.242658 0.711738 30.000000 0.000000
5.262668 0.721583 30.000000 0.000000
5.282678 0.712716 30.000000 0.000000
5.302688 0.715652 30.000000 0.000000
5.322698 0.721342 30.000000 0.000000
5.342709 0.710775 30.000000 0.000000
5.362719 0.719751 30.000000 0.000000
5.382729 0.715812 30.000000 0.000000
5.402739 0.713118 30.000000 0.000000
5.422749 0.722196 30.000000 0.000000
5.442759 0.710757 30.000000 0.000000
5.462769 0.717295 30.000000 0.000000
5.482780 0.719524 30.000000 0.000000
5.502790 0.711130 30.000000 0.000000
5.522800 0.720450 30.000000 0.000000
5.542810 0.712717 30.000000 0.000000
5.562820 0.715712 30.000000 0.000000
5.582830 0.721472 30.000000 0.000000
5.602840 0.710059 30.000000 0.000000
5.622851 0.719893 30.000000 0.000000
5.642861 0.716292 30.000000 0.000000
5.662871 0.713403 30.000000 0.000000
5.682881 0.721717 30.000000 0.000000
5.702891 0.710580 30.000000 0.000000
5.722901 0.717384 30.000000 0.000000
5.742911 0.718921 30.000000 0.000000
5.762922 0.710578 30.000000 0.000000
5.782932 0.720107 30.000000 0.000000
5.802942 0.712086 30.000000 0.000000
5.822952 0.714598 30.000000 0.000000
5.842962 0.720488 30.000000 0.000000
5.862972 0.708997 30.000000 0.000000
5.882982 0.714168 30.000000 0.000000
5.902993 0.714718 30.000000 0.000000
5.923003 0.711291 30.000000 0.000000
5.943013 0.719669 30.000000 0.000000
5.963023 0.709119 30.000000 0.000000
5.983033 0.714274 30.000000 0.000000
6.003043 0.715698 30.000000 0.000000
6.023053 0.709950 30.000000 0.000000
6.043064 0.719503 30.000000 0.000000
6.063074 0.711834 30.000000 0.000000
6.083084 0.714218 30.000000 0.000000
6.103094 0.719760 30.000000 0.000000
6.123104 0.707399 30.000000 0.000000
6.143114 0.714401 30.000000 0.000000
6.163124 0.715070 30.000000 0.000000
6.183135 0.710547 30.000000 0.000000
6.203145 0.718861 30.000000 0.000000
6.223155 0.708112 30.000000 0.000000
6.243165 0.715799 30.000000 0.000000
6.263175 0.716411 30.000000 0.000000
