serial number: JANUSZ_3_RI80_21414855
torque: 16
start_temp: 25 (26)
finish_temp: 25 (27)
note: firmware Lukasza ma interpolacje
0.000000 0.448838 25.000000 0.000000
0.020010 0.447874 25.000000 0.000000
0.040020 0.451700 25.000000 0.000000
0.060030 0.447203 25.000000 0.000000
0.080041 0.451992 25.000000 0.000000
0.100051 0.451984 25.000000 0.000000
0.120061 0.448173 25.000000 0.000000
0.140071 0.452305 25.000000 0.000000
0.160081 0.449397 25.000000 0.000000
0.180091 0.451481 25.000000 0.000000
0.200101 0.453466 25.000000 0.000000
0.220112 0.448926 25.000000 0.000000
0.240122 0.453274 25.000000 0.000000
0.260132 0.451166 25.000000 0.000000
0.280142 0.450612 25.000000 0.000000
0.300152 0.452981 25.000000 0.000000
0.320162 0.449286 25.000000 0.000000
0.340172 0.453247 25.000000 0.000000
0.360183 0.452818 25.000000 0.000000
0.380193 0.450286 25.000000 0.000000
0.400203 0.454094 25.000000 0.000000
0.420213 0.451324 25.000000 0.000000
0.440223 0.453574 25.000000 0.000000
0.460233 0.453396 25.000000 0.000000
0.480243 0.449961 25.000000 0.000000
0.500254 0.454866 25.000000 0.000000
0.520264 0.451944 25.000000 0.000000
0.540274 0.452909 25.000000 0.000000
0.560284 0.454806 25.000000 0.000000
0.580294 0.450069 25.000000 0.000000
0.600304 0.454076 25.000000 0.000000
0.620314 0.452652 25.000000 0.000000
0.640325 0.449455 25.000000 0.000000
0.660335 0.453793 25.000000 0.000000
0.680345 0.450490 25.000000 0.000000
0.700355 0.453308 25.000000 0.000000
0.720365 0.452920 25.000000 0.000000
0.740375 0.449981 25.000000 0.000000
0.760385 0.454285 25.000000 0.000000
0.780396 0.451712 25.000000 0.000000
0.800406 0.451046 25.000000 0.000000
0.820416 0.453060 25.000000 0.000000
0.840426 0.449158 25.000000 0.000000
0.860436 0.453732 25.000000 0.000000
0.880446 0.451865 25.000000 0.000000
0.900456 0.449280 25.000000 0.000000
0.920467 0.453280 25.000000 0.000000
0.940477 0.449446 25.000000 0.000000
0.960487 0.451089 25.000000 0.000000
0.980497 0.450513 25.000000 0.000000
1.000507 0.447543 25.000000 0.000000
1.020517 0.452063 25.000000 0.000000
1.040528 0.449818 25.000000 0.000000
1.060538 0.449356 25.000000 0.000000
1.080548 0.450965 25.000000 0.000000
1.100558 0.447886 25.000000 0.000000
1.120568 0.451432 25.000000 0.000000
1.140578 0.449083 25.000000 0.000000
1.160588 0.446385 25.000000 0.000000
1.180599 0.451067 25.000000 0.000000
1.200609 0.447119 25.000000 0.000000
1.220619 0.448158 25.000000 0.000000
1.240629 0.448992 25.000000 0.000000
1.260639 0.445605 25.000000 0.000000
1.280649 0.450584 25.000000 0.000000
1.300659 0.446814 25.000000 0.000000
1.320670 0.446423 25.000000 0.000000
1.340680 0.448931 25.000000 0.000000
1.360690 0.446118 25.000000 0.000000
1.380700 0.450192 25.000000 0.000000
1.400710 0.448355 25.000000 0.000000
1.420720 0.446117 25.000000 0.000000
1.440730 0.451007 25.000000 0.000000
1.460741 0.446580 25.000000 0.000000
1.480751 0.448489 25.000000 0.000000
1.500761 0.448957 25.000000 0.000000
1.520771 0.445261 25.000000 0.000000
1.540781 0.451187 25.000000 0.000000
1.560791 0.446568 25.000000 0.000000
1.580801 0.446304 25.000000 0.000000
1.600812 0.449585 25.000000 0.000000
1.620822 0.445500 25.000000 0.000000
1.640832 0.449552 25.000000 0.000000
1.660842 0.448149 25.000000 0.000000
1.680852 0.445547 25.000000 0.000000
1.700862 0.450454 25.000000 0.000000
1.720872 0.446589 25.000000 0.000000
1.740883 0.447596 25.000000 0.000000
1.760893 0.448761 25.000000 0.000000
1.780903 0.445421 25.000000 0.000000
1.800913 0.450583 25.000000 0.000000
1.820923 0.447298 25.000000 0.000000
1.840933 0.446625 25.000000 0.000000
1.860943 0.450555 25.000000 0.000000
1.880954 0.445257 25.000000 0.000000
1.900964 0.449055 25.000000 0.000000
1.920974 0.447988 25.000000 0.000000
1.940984 0.445381 25.000000 0.000000
1.960994 0.451423 25.000000 0.000000
1.981004 0.446126 25.000000 0.000000
2.001014 0.447605 25.000000 0.000000
2.021025 0.449771 25.000000 0.000000
2.041035 0.445766 25.000000 0.000000
2.061045 0.450709 25.000000 0.000000
2.081055 0.447807 25.000000 0.000000
2.101065 0.447118 25.000000 0.000000
2.121075 0.451580 25.000000 0.000000
2.141085 0.446584 25.000000 0.000000
2.161096 0.449247 25.000000 0.000000
2.181106 0.449666 25.000000 0.000000
2.201116 0.446450 25.000000 0.000000
2.221126 0.451868 25.000000 0.000000
2.241136 0.446699 25.000000 0.000000
2.261146 0.448691 25.000000 0.000000
2.281156 0.451613 25.000000 0.000000
2.301167 0.446983 25.000000 0.000000
2.321177 0.452367 25.000000 0.000000
2.341187 0.448882 25.000000 0.000000
2.361197 0.448452 25.000000 0.000000
2.381207 0.452319 25.000000 0.000000
2.401217 0.447016 25.000000 0.000000
2.421227 0.451219 25.000000 0.000000
2.441238 0.450773 25.000000 0.000000
2.461248 0.447935 25.000000 0.000000
2.481258 0.452830 25.000000 0.000000
2.501268 0.448242 25.000000 0.000000
2.521278 0.450153 25.000000 0.000000
2.541288 0.451891 25.000000 0.000000
2.561298 0.448093 25.000000 0.000000
2.581309 0.452434 25.000000 0.000000
2.601319 0.449657 25.000000 0.000000
2.621329 0.450086 25.000000 0.000000
2.641339 0.454009 25.000000 0.000000
2.661349 0.448249 25.000000 0.000000
2.681359 0.451942 25.000000 0.000000
2.701369 0.451727 25.000000 0.000000
2.721380 0.449727 25.000000 0.000000
2.741390 0.453967 25.000000 0.000000
2.761400 0.450443 25.000000 0.000000
2.781410 0.453133 25.000000 0.000000
2.801420 0.455699 25.000000 0.000000
2.821430 0.451076 25.000000 0.000000
2.841440 0.455750 25.000000 0.000000
2.861451 0.453224 25.000000 0.000000
2.881461 0.453509 25.000000 0.000000
2.901471 0.455746 25.000000 0.000000
2.921481 0.451478 25.000000 0.000000
2.941491 0.456357 25.000000 0.000000
2.961501 0.454876 25.000000 0.000000
2.981511 0.452664 25.000000 0.000000
3.001522 0.456321 25.000000 0.000000
3.021532 0.452286 25.000000 0.000000
3.041542 0.455733 25.000000 0.000000
3.061552 0.455992 25.000000 0.000000
3.081562 0.452206 25.000000 0.000000
3.101572 0.456670 25.000000 0.000000
3.121583 0.453725 25.000000 0.000000
3.141593 0.455261 25.000000 0.000000
3.161603 0.457248 25.000000 0.000000
3.181613 0.452627 25.000000 0.000000
3.201623 0.457520 25.000000 0.000000
3.221633 0.456191 25.000000 0.000000
3.241643 0.454698 25.000000 0.000000
3.261654 0.456928 25.000000 0.000000
3.281664 0.453603 25.000000 0.000000
3.301674 0.457528 25.000000 0.000000
3.321684 0.456988 25.000000 0.000000
3.341694 0.453512 25.000000 0.000000
3.361704 0.457753 25.000000 0.000000
3.381714 0.454071 25.000000 0.000000
3.401725 0.455975 25.000000 0.000000
3.421735 0.456513 25.000000 0.000000
3.441745 0.452363 25.000000 0.000000
3.461755 0.456831 25.000000 0.000000
3.481765 0.455159 25.000000 0.000000
3.501775 0.453682 25.000000 0.000000
3.521785 0.456213 25.000000 0.000000
3.541796 0.452904 25.000000 0.000000
3.561806 0.456240 25.000000 0.000000
3.581816 0.455484 25.000000 0.000000
3.601826 0.452379 25.000000 0.000000
3.621836 0.456684 25.000000 0.000000
3.641846 0.453690 25.000000 0.000000
3.661856 0.455083 25.000000 0.000000
3.681867 0.454574 25.000000 0.000000
3.701877 0.450748 25.000000 0.000000
3.721887 0.455726 25.000000 0.000000
3.741897 0.452866 25.000000 0.000000
3.761907 0.452360 25.000000 0.000000
3.781917 0.454914 25.000000 0.000000
3.801927 0.450978 25.000000 0.000000
3.821938 0.455757 25.000000 0.000000
3.841948 0.454190 25.000000 0.000000
3.861958 0.451180 25.000000 0.000000
3.881968 0.455403 25.000000 0.000000
3.901978 0.452517 25.000000 0.000000
3.921988 0.455200 25.000000 0.000000
3.941998 0.454674 25.000000 0.000000
3.962009 0.450718 25.000000 0.000000
3.982019 0.456097 25.000000 0.000000
4.002029 0.453223 25.000000 0.000000
4.022039 0.453067 25.000000 0.000000
4.042049 0.454481 25.000000 0.000000
4.062059 0.450263 25.000000 0.000000
4.082069 0.455400 25.000000 0.000000
4.102080 0.452381 25.000000 0.000000
4.122090 0.450231 25.000000 0.000000
4.142100 0.453694 25.000000 0.000000
4.162110 0.449943 25.000000 0.000000
4.182120 0.452875 25.000000 0.000000
4.202130 0.452949 25.000000 0.000000
4.222140 0.448866 25.000000 0.000000
4.242151 0.454812 25.000000 0.000000
4.262161 0.451050 25.000000 0.000000
4.282171 0.451033 25.000000 0.000000
4.302181 0.453491 25.000000 0.000000
4.322191 0.383619 25.000000 0.000000
4.342201 0.430320 25.000000 0.000000
4.362211 0.435352 25.000000 0.000000
4.382222 0.437633 25.000000 0.000000
4.402232 0.443985 25.000000 0.000000
4.422242 0.440842 25.000000 0.000000
4.442252 0.445108 25.000000 0.000000
4.462262 0.443135 25.000000 0.000000
4.482272 0.441236 25.000000 0.000000
4.502282 0.447770 25.000000 0.000000
4.522293 0.443699 25.000000 0.000000
4.542303 0.444734 25.000000 0.000000
4.562313 0.446484 25.000000 0.000000
4.582323 0.442634 25.000000 0.000000
4.602333 0.448638 25.000000 0.000000
4.622343 0.445061 25.000000 0.000000
4.642353 0.444086 25.000000 0.000000
4.662364 0.448232 25.000000 0.000000
4.682374 0.443924 25.000000 0.000000
4.702384 0.447245 25.000000 0.000000
4.722394 0.446505 25.000000 0.000000
4.742404 0.443603 25.000000 0.000000
4.762414 0.449538 25.000000 0.000000
4.782424 0.444827 25.000000 0.000000
4.802435 0.446634 25.000000 0.000000
4.822445 0.447544 25.000000 0.000000
4.842455 0.443139 25.000000 0.000000
4.862465 0.449833 25.000000 0.000000
4.882475 0.445240 25.000000 0.000000
4.902485 0.444420 25.000000 0.000000
4.922495 0.448756 25.000000 0.000000
4.942506 0.443253 25.000000 0.000000
4.962516 0.447655 25.000000 0.000000
4.982526 0.446290 25.000000 0.000000
5.002536 0.442105 25.000000 0.000000
5.022546 0.448823 25.000000 0.000000
5.042556 0.442768 25.000000 0.000000
5.062567 0.443290 25.000000 0.000000
5.082577 0.445051 25.000000 0.000000
5.102587 0.440124 25.000000 0.000000
5.122597 0.445672 25.000000 0.000000
5.142607 0.441328 25.000000 0.000000
5.162617 0.440656 25.000000 0.000000
5.182627 0.445008 25.000000 0.000000
5.202638 0.439307 25.000000 0.000000
5.222648 0.444334 25.000000 0.000000
5.242658 0.442902 25.000000 0.000000
5.262668 0.439689 25.000000 0.000000
5.282678 0.445921 25.000000 0.000000
5.302688 0.439928 25.000000 0.000000
5.322698 0.441930 25.000000 0.000000
5.342709 0.444121 25.000000 0.000000
5.362719 0.438572 25.000000 0.000000
5.382729 0.445749 25.000000 0.000000
5.402739 0.440994 25.000000 0.000000
5.422749 0.440529 25.000000 0.000000
5.442759 0.445176 25.000000 0.000000
5.462769 0.439214 25.000000 0.000000
5.482780 0.444096 25.000000 0.000000
5.502790 0.443088 25.000000 0.000000
5.522800 0.440736 25.000000 0.000000
5.542810 0.446553 25.000000 0.000000
5.562820 0.440020 25.000000 0.000000
5.582830 0.443994 25.000000 0.000000
5.602840 0.444147 25.000000 0.000000
5.622851 0.439185 25.000000 0.000000
5.642861 0.446089 25.000000 0.000000
5.662871 0.441435 25.000000 0.000000
5.682881 0.442340 25.000000 0.000000
5.702891 0.446116 25.000000 0.000000
5.722901 0.440364 25.000000 0.000000
5.742911 0.445579 25.000000 0.000000
5.762922 0.443109 25.000000 0.000000
5.782932 0.441258 25.000000 0.000000
5.802942 0.446304 25.000000 0.000000
5.822952 0.440940 25.000000 0.000000
5.842962 0.444206 25.000000 0.000000
5.862972 0.444915 25.000000 0.000000
5.882982 0.441204 25.000000 0.000000
5.902993 0.446000 25.000000 0.000000
5.923003 0.442414 25.000000 0.000000
5.943013 0.443608 25.000000 0.000000
5.963023 0.446866 25.000000 0.000000
5.983033 0.441576 25.000000 0.000000
6.003043 0.447037 25.000000 0.000000
6.023053 0.445512 25.000000 0.000000
6.043064 0.444041 25.000000 0.000000
6.063074 0.448872 25.000000 0.000000
6.083084 0.444078 25.000000 0.000000
6.103094 0.448039 25.000000 0.000000
6.123104 0.448247 25.000000 0.000000
6.143114 0.444286 25.000000 0.000000
6.163124 0.449289 25.000000 0.000000
6.183135 0.445417 25.000000 0.000000
6.203145 0.447934 25.000000 0.000000
6.223155 0.449962 25.000000 0.000000
6.243165 0.445146 25.000000 0.000000
6.263175 0.450220 25.000000 0.000000
