serial number: JANUSZ_4_RI80_21414847
torque: 16.0
start_temp: 30 (31)
finish_temp: 30 (32)
note: j4_pcb_3_4
0.000000 nan
0.021014 0.339213
0.042028 0.332984
0.063042 0.337370
0.084056 0.339052
0.105070 0.334262
0.126084 0.340606
0.147098 0.333718
0.168112 0.338873
0.189126 0.340011
0.210140 0.336645
0.231154 0.343339
0.252168 0.336162
0.273182 0.341209
0.294196 0.340890
0.315210 0.339026
0.336224 0.345062
0.357238 0.337351
0.378252 0.343106
0.399266 0.342223
0.420280 0.341323
0.441294 0.347045
0.462308 0.339735
0.483322 0.346050
0.504336 0.343550
0.525350 0.343540
0.546364 0.348180
0.567378 0.341001
0.588392 0.347877
0.609406 0.344818
0.630420 0.346282
0.651434 0.350499
0.672448 0.343659
0.693462 0.350530
0.714476 0.346462
0.735490 0.348824
0.756504 0.351696
0.777518 0.345159
0.798532 0.351733
0.819546 0.347046
0.840560 0.349728
0.861574 0.352219
0.882588 0.347361
0.903602 0.354120
0.924616 0.348748
0.945630 0.352173
0.966644 0.353257
0.987658 0.348949
1.008672 0.355204
1.029686 0.348853
1.050700 0.353043
1.071714 0.352754
1.092728 0.350331
1.113742 0.355844
1.134756 0.349523
1.155770 0.354821
1.176784 0.353793
1.197798 0.351760
1.218812 0.356444
1.239826 0.350108
1.260840 0.355585
1.281854 0.353649
1.302868 0.353471
1.323882 0.358049
1.344896 0.351950
1.365910 0.358235
1.386924 0.354803
1.407938 0.354581
1.428952 0.358066
1.449966 0.352353
1.470980 0.358371
1.491994 0.355255
1.513008 0.356881
1.534022 0.359825
1.555036 0.354689
1.576050 0.360647
1.597064 0.356872
1.618078 0.358506
1.639092 0.360169
1.660106 0.356558
1.681120 0.362494
1.702134 0.358201
1.723148 0.361624
1.744162 0.362690
1.765176 0.360431
1.786190 0.365374
1.807204 0.359957
1.828218 0.363549
1.849232 0.363672
1.870246 0.361923
1.891260 0.366482
1.912274 0.361459
1.933288 0.365108
1.954302 0.364332
1.975316 0.364043
1.996330 0.368349
2.017344 0.363902
2.038358 0.368211
2.059372 0.366265
2.080386 0.365969
2.101400 0.368971
2.122414 0.364761
2.143428 0.368733
2.164442 0.366359
2.185456 0.367698
2.206470 0.369717
2.227484 0.365846
2.248498 0.369989
2.269512 0.366640
2.290526 0.368096
2.311540 0.369237
2.332554 0.366963
2.353568 0.370660
2.374582 0.367148
2.395596 0.369158
2.416610 0.370118
2.437624 0.368491
2.458638 0.371551
2.479652 0.367981
2.500666 0.370162
2.521680 0.369725
2.542694 0.369042
2.563708 0.371763
2.584722 0.367771
2.605736 0.370029
2.626750 0.368772
2.647764 0.369393
2.668778 0.371513
2.689792 0.367574
2.710806 0.371080
2.731820 0.369014
2.752834 0.370399
2.773848 0.371947
2.794862 0.368082
2.815876 0.371750
2.836890 0.368812
2.857904 0.370631
2.878918 0.371336
2.899932 0.367218
2.920946 0.370711
2.941960 0.367065
2.962974 0.369627
2.983988 0.370472
3.005002 0.367173
3.026016 0.371166
3.047030 0.366788
3.068044 0.369526
3.089058 0.369613
3.110072 0.366361
3.131086 0.369956
3.152100 0.364359
3.173114 0.367650
3.194128 0.366965
3.215142 0.364551
3.236156 0.368381
3.257170 0.362584
3.278184 0.366702
3.299198 0.364545
3.320212 0.363397
3.341226 0.366541
3.362240 0.360629
3.383254 0.365366
3.404268 0.362307
3.425282 0.361741
3.446296 0.364500
3.467310 0.358603
3.488324 0.363737
3.509338 0.360298
3.530352 0.359677
3.551366 0.361642
3.572380 0.355013
3.593394 0.360689
3.614408 0.356653
3.635422 0.357854
3.656436 0.360088
3.677450 0.353681
3.698464 0.359414
3.719478 0.354318
3.740492 0.356134
3.761506 0.357381
3.782520 0.350620
3.803534 0.356656
3.824548 0.351246
3.845562 0.353860
3.866576 0.355022
3.887590 0.348874
3.908604 0.354952
3.929618 0.348814
3.950632 0.351586
3.971646 0.351527
3.992660 0.345550
4.013674 0.351842
4.034688 0.345451
4.055702 0.348726
4.076716 0.348289
4.097730 0.343623
4.118744 0.349981
4.139758 0.343435
4.160772 0.347684
4.181786 0.346778
4.202800 0.341806
4.223814 0.347600
4.244828 0.340070
4.265842 0.344533
4.286856 0.342641
4.307870 0.339801
4.328884 0.345606
4.349898 0.337926
4.370912 0.343104
4.391926 0.340535
4.412940 0.337944
4.433954 0.343381
4.454968 0.335421
4.475982 0.340973
4.496996 0.338022
4.518010 0.336469
4.539023 0.341496
4.560037 0.333003
4.581051 0.339241
4.602065 0.335215
4.623079 0.334495
4.644093 0.339519
4.665107 0.331223
4.686121 0.338008
4.707135 0.333050
4.728149 0.332810
4.749163 0.337612
4.770177 0.329185
4.791191 0.336461
4.812205 0.330931
4.833219 0.331599
4.854233 0.335346
4.875247 0.327227
4.896261 0.334721
4.917275 0.328475
4.938289 0.329589
4.959303 0.332920
4.980317 0.324820
5.001331 0.332126
5.022345 0.325539
5.043359 0.327437
5.064373 0.330542
5.085387 0.322277
5.106401 0.329999
5.127415 0.323382
5.148429 0.326110
5.169443 0.328420
5.190457 0.321383
5.211471 0.329290
5.232485 0.321381
5.253499 0.324762
5.274513 0.326713
5.295527 0.320685
5.316541 0.328929
5.337555 0.320483
5.358569 0.324995
5.379583 0.326135
5.400597 0.320544
5.421611 0.328478
5.442625 0.319899
5.463639 0.324801
5.484653 0.324976
5.505667 0.320335
5.526681 0.328117
5.547695 0.319692
5.568709 0.325742
5.589723 0.325510
5.610737 0.322487
5.631751 0.329951
5.652765 0.321265
5.673779 0.327359
5.694793 0.326041
5.715807 0.323873
5.736821 0.330557
5.757835 0.321267
5.778849 0.327934
5.799863 0.325813
5.820877 0.325446
5.841891 0.331666
5.862905 0.323257
5.883919 0.330239
5.904933 0.327476
5.925947 0.328137
5.946961 0.333544
5.967975 0.324898
5.988989 0.331820
6.010003 0.328321
6.031017 0.329707
6.052031 0.334984
6.073045 0.327933
6.094059 0.335027
6.115073 0.330482
6.136087 0.332700
6.157101 0.336683
6.178115 0.329696
6.199129 0.336540
6.220143 0.331226
6.241157 0.335088
6.262171 0.337980
6.283185 0.332249
