serial number: JANUSZ_4_RI80_21414847
torque: 16.0
start_temp: 30 (30)
finish_temp: 30 (31)
note: 1st_kalib_3_4_pcb_2
0.000000 nan
0.021014 0.370805
0.042028 0.363606
0.063042 0.368775
0.084056 0.368005
0.105070 0.367406
0.126084 0.372079
0.147098 0.365264
0.168112 0.370563
0.189126 0.368023
0.210140 0.368453
0.231154 0.371825
0.252168 0.365549
0.273182 0.370851
0.294196 0.367952
0.315210 0.369192
0.336224 0.372595
0.357238 0.366815
0.378252 0.372782
0.399266 0.369143
0.420280 0.371014
0.441294 0.373390
0.462308 0.367419
0.483322 0.372854
0.504336 0.368296
0.525350 0.370711
0.546364 0.372544
0.567378 0.367552
0.588392 0.372854
0.609406 0.367837
0.630420 0.371050
0.651434 0.371937
0.672448 0.367765
0.693462 0.373382
0.714476 0.367939
0.735490 0.371489
0.756504 0.371425
0.777518 0.367878
0.798532 0.372985
0.819546 0.367311
0.840560 0.371097
0.861574 0.369890
0.882588 0.366868
0.903602 0.371565
0.924616 0.365494
0.945630 0.370354
0.966644 0.369196
0.987658 0.367207
1.008672 0.371572
1.029686 0.365304
1.050700 0.370380
1.071714 0.367634
1.092728 0.366147
1.113742 0.369861
1.134756 0.363698
1.155770 0.368685
1.176784 0.365448
1.197798 0.364647
1.218812 0.368278
1.239826 0.361937
1.260840 0.367989
1.281854 0.363867
1.302868 0.364289
1.323882 0.366973
1.344896 0.359848
1.365910 0.366059
1.386924 0.361477
1.407938 0.362575
1.428952 0.364899
1.449966 0.358630
1.470980 0.364856
1.491994 0.359452
1.513008 0.361061
1.534022 0.362238
1.555036 0.356164
1.576050 0.362723
1.597064 0.356774
1.618078 0.359451
1.639092 0.360224
1.660106 0.354351
1.681120 0.360613
1.702134 0.353844
1.723148 0.357176
1.744162 0.356962
1.765176 0.351792
1.786190 0.357716
1.807204 0.349931
1.828218 0.354122
1.849232 0.353225
1.870246 0.348781
1.891260 0.354653
1.912274 0.346731
1.933288 0.351231
1.954302 0.349271
1.975316 0.345130
1.996330 0.350494
2.017344 0.341750
2.038358 0.346424
2.059372 0.344095
2.080386 0.341401
2.101400 0.346518
2.122414 0.337316
2.143428 0.343286
2.164442 0.339411
2.185456 0.337345
2.206470 0.342441
2.227484 0.332627
2.248498 0.338776
2.269512 0.334651
2.290526 0.333963
2.311540 0.338363
2.332554 0.328088
2.353568 0.334680
2.374582 0.328734
2.395596 0.329780
2.416610 0.333983
2.437624 0.324429
2.458638 0.332494
2.479652 0.325669
2.500666 0.327737
2.521680 0.330526
2.542694 0.320878
2.563708 0.329368
2.584722 0.321148
2.605736 0.323969
2.626750 0.326178
2.647764 0.317646
2.668778 0.326392
2.689792 0.317805
2.710806 0.322328
2.731820 0.323337
2.752834 0.316420
2.773848 0.325334
2.794862 0.315466
2.815876 0.321067
2.836890 0.321120
2.857904 0.315026
2.878918 0.323729
2.899932 0.313060
2.920946 0.320396
2.941960 0.318309
2.962974 0.313967
2.983988 0.322225
3.005002 0.310786
3.026016 0.319229
3.047030 0.316074
3.068044 0.313136
3.089058 0.320901
3.110072 0.309149
3.131086 0.318328
3.152100 0.313641
3.173114 0.312205
3.194128 0.319382
3.215142 0.307866
3.236156 0.317899
3.257170 0.311835
3.278184 0.313016
3.299198 0.319314
3.320212 0.308320
3.341226 0.318866
3.362240 0.311829
3.383254 0.314185
3.404268 0.318414
3.425282 0.308211
3.446296 0.319186
3.467310 0.310176
3.488324 0.314808
3.509338 0.317707
3.530352 0.309427
3.551366 0.320055
3.572380 0.310367
3.593394 0.316357
3.614408 0.317767
3.635422 0.309833
3.656436 0.320161
3.677450 0.309160
3.698464 0.315949
3.719478 0.315709
3.740492 0.311260
3.761506 0.320914
3.782520 0.309772
3.803534 0.318408
3.824548 0.316034
3.845562 0.313406
3.866576 0.322221
3.887590 0.310713
3.908604 0.319151
3.929618 0.315313
3.950632 0.314801
3.971646 0.321842
3.992660 0.310856
4.013674 0.321061
4.034688 0.315147
4.055702 0.316449
4.076716 0.322013
4.097730 0.311736
4.118744 0.321433
4.139758 0.314940
4.160772 0.318042
4.181786 0.322417
4.202800 0.313050
4.223814 0.323134
4.244828 0.315364
4.265842 0.320288
4.286856 0.323327
4.307870 0.315619
4.328884 0.325716
4.349898 0.316414
4.370912 0.322527
4.391926 0.323834
4.412940 0.317926
4.433954 0.327055
4.454968 0.317918
4.475982 0.324824
4.496996 0.324589
4.518010 0.320569
4.539023 0.329667
4.560037 0.319877
4.581051 0.327570
4.602065 0.325200
4.623079 0.323303
4.644093 0.331427
4.665107 0.321667
4.686121 0.329673
4.707135 0.326347
4.728149 0.325636
4.749163 0.332584
4.770177 0.322953
4.791191 0.331100
4.812205 0.326094
4.833219 0.327613
4.854233 0.333147
4.875247 0.324568
4.896261 0.333300
4.917275 0.327494
4.938289 0.329568
4.959303 0.333670
4.980317 0.326793
5.001331 0.335942
5.022345 0.329528
5.043359 0.333067
5.064373 0.335902
5.085387 0.330170
5.106401 0.338735
5.127415 0.331423
5.148429 0.336477
5.169443 0.338042
5.190457 0.334161
5.211471 0.343005
5.232485 0.335315
5.253499 0.340595
5.274513 0.340599
5.295527 0.337489
5.316541 0.345088
5.337555 0.337256
5.358569 0.344045
5.379583 0.342504
5.400597 0.341690
5.421611 0.348825
5.442625 0.340366
5.463639 0.347784
5.484653 0.345080
5.505667 0.345541
5.526681 0.352167
5.547695 0.344448
5.568709 0.351536
5.589723 0.348193
5.610737 0.349386
5.631751 0.354911
5.652765 0.347074
5.673779 0.354904
5.694793 0.350962
5.715807 0.352632
5.736821 0.357197
5.757835 0.350265
5.778849 0.358054
5.799863 0.353461
5.820877 0.356200
5.841891 0.359793
5.862905 0.354247
5.883919 0.361365
5.904933 0.356167
5.925947 0.359400
5.946961 0.361664
5.967975 0.357414
5.988989 0.363941
6.010003 0.358255
6.031017 0.362730
6.052031 0.364410
6.073045 0.360764
6.094059 0.367288
6.115073 0.361236
6.136087 0.365635
6.157101 0.365876
6.178115 0.363025
6.199129 0.368796
6.220143 0.362238
6.241157 0.366930
6.262171 0.366770
6.283185 0.365385
