serial number: JANUSZ_4_RI80_21414847
torque: 16.0
start_temp: 30 (32)
finish_temp: 30 (32)
note: 1st_kalib_3_4_pcb_2
0.000000 nan
0.021014 0.322540
0.042028 0.321440
0.063042 0.316848
0.084056 0.324409
0.105070 0.314458
0.126084 0.321667
0.147098 0.319426
0.168112 0.316351
0.189126 0.323344
0.210140 0.312769
0.231154 0.320367
0.252168 0.316461
0.273182 0.315393
0.294196 0.321816
0.315210 0.311284
0.336224 0.320344
0.357238 0.315244
0.378252 0.315450
0.399266 0.320923
0.420280 0.310202
0.441294 0.319422
0.462308 0.313651
0.483322 0.315120
0.504336 0.319844
0.525350 0.309852
0.546364 0.319480
0.567378 0.312836
0.588392 0.316168
0.609406 0.319521
0.630420 0.310592
0.651434 0.320459
0.672448 0.312381
0.693462 0.317037
0.714476 0.318905
0.735490 0.310789
0.756504 0.320470
0.777518 0.311171
0.798532 0.317364
0.819546 0.317896
0.840560 0.312433
0.861574 0.321013
0.882588 0.310896
0.903602 0.317666
0.924616 0.316347
0.945630 0.312704
0.966644 0.321163
0.987658 0.310746
1.008672 0.318772
1.029686 0.315594
1.050700 0.313978
1.071714 0.321886
1.092728 0.311190
1.113742 0.320293
1.134756 0.315929
1.155770 0.315959
1.176784 0.322439
1.197798 0.311969
1.218812 0.321367
1.239826 0.315205
1.260840 0.316251
1.281854 0.321180
1.302868 0.312549
1.323882 0.323001
1.344896 0.316201
1.365910 0.318780
1.386924 0.322367
1.407938 0.313580
1.428952 0.323467
1.449966 0.315451
1.470980 0.320028
1.491994 0.322244
1.513008 0.315326
1.534022 0.324773
1.555036 0.315704
1.576050 0.320944
1.597064 0.321720
1.618078 0.317152
1.639092 0.325987
1.660106 0.316917
1.681120 0.323311
1.702134 0.322228
1.723148 0.319099
1.744162 0.327503
1.765176 0.318364
1.786190 0.324796
1.807204 0.322459
1.828218 0.320713
1.849232 0.327186
1.870246 0.318478
1.891260 0.326564
1.912274 0.323271
1.933288 0.323899
1.954302 0.330364
1.975316 0.321470
1.996330 0.329931
2.017344 0.324924
2.038358 0.326027
2.059372 0.331041
2.080386 0.323263
2.101400 0.332169
2.122414 0.326573
2.143428 0.329042
2.164442 0.332012
2.185456 0.325649
2.206470 0.334348
2.227484 0.327509
2.248498 0.331033
2.269512 0.332907
2.290526 0.327946
2.311540 0.335782
2.332554 0.328648
2.353568 0.332824
2.374582 0.333547
2.395596 0.329986
2.416610 0.337115
2.437624 0.329589
2.458638 0.335539
2.479652 0.335398
2.500666 0.332669
2.521680 0.339636
2.542694 0.332415
2.563708 0.338877
2.584722 0.337064
2.605736 0.336316
2.626750 0.343156
2.647764 0.335611
2.668778 0.342662
2.689792 0.340010
2.710806 0.340612
2.731820 0.346491
2.752834 0.339372
2.773848 0.346008
2.794862 0.342145
2.815876 0.343895
2.836890 0.348180
2.857904 0.341707
2.878918 0.348877
2.899932 0.344543
2.920946 0.347224
2.941960 0.351041
2.962974 0.345488
2.983988 0.352601
3.005002 0.347738
3.026016 0.350852
3.047030 0.354135
3.068044 0.349346
3.089058 0.355649
3.110072 0.350026
3.131086 0.353192
3.152100 0.355451
3.173114 0.351544
3.194128 0.357369
3.215142 0.351787
3.236156 0.355915
3.257170 0.356806
3.278184 0.354405
3.299198 0.360203
3.320212 0.354453
3.341226 0.358748
3.362240 0.358318
3.383254 0.356944
3.404268 0.362268
3.425282 0.355749
3.446296 0.360639
3.467310 0.359693
3.488324 0.359039
3.509338 0.364052
3.530352 0.357485
3.551366 0.362319
3.572380 0.360772
3.593394 0.360673
3.614408 0.365008
3.635422 0.358957
3.656436 0.364038
3.677450 0.361703
3.698464 0.361759
3.719478 0.365254
3.740492 0.359702
3.761506 0.364663
3.782520 0.361453
3.803534 0.363149
3.824548 0.365879
3.845562 0.361068
3.866576 0.365738
3.887590 0.361535
3.908604 0.364000
3.929618 0.365880
3.950632 0.361180
3.971646 0.366337
3.992660 0.362183
4.013674 0.364678
4.034688 0.365811
4.055702 0.361843
4.076716 0.367127
4.097730 0.362525
4.118744 0.365554
4.139758 0.366163
4.160772 0.362525
4.181786 0.367311
4.202800 0.361827
4.223814 0.365350
4.244828 0.364983
4.265842 0.362842
4.286856 0.367269
4.307870 0.361861
4.328884 0.365995
4.349898 0.364824
4.370912 0.362883
4.391926 0.366379
4.412940 0.360494
4.433954 0.364988
4.454968 0.362806
4.475982 0.361553
4.496996 0.365594
4.518010 0.359633
4.539023 0.364009
4.560037 0.361375
4.581051 0.361216
4.602065 0.364669
4.623079 0.358796
4.644093 0.363749
4.665107 0.360219
4.686121 0.360361
4.707135 0.363142
4.728149 0.357222
4.749163 0.362507
4.770177 0.358943
4.791191 0.359788
4.812205 0.362032
4.833219 0.356049
4.854233 0.362113
4.875247 0.357694
4.896261 0.359397
4.917275 0.360876
4.938289 0.355177
4.959303 0.361007
4.980317 0.355653
5.001331 0.357937
5.022345 0.358302
5.043359 0.353164
5.064373 0.359085
5.085387 0.353394
5.106401 0.356457
5.127415 0.357118
5.148429 0.351936
5.169443 0.357488
5.190457 0.350403
5.211471 0.353753
5.232485 0.353090
5.253499 0.349485
5.274513 0.355156
5.295527 0.347873
5.316541 0.351875
5.337555 0.350108
5.358569 0.346507
5.379583 0.352011
5.400597 0.344362
5.421611 0.348777
5.442625 0.345751
5.463639 0.343604
5.484653 0.348349
5.505667 0.340135
5.526681 0.345379
5.547695 0.341772
5.568709 0.340399
5.589723 0.344964
5.610737 0.336410
5.631751 0.342091
5.652765 0.337261
5.673779 0.336693
5.694793 0.340811
5.715807 0.332011
5.736821 0.338914
5.757835 0.333413
5.778849 0.333781
5.799863 0.337449
5.820877 0.328478
5.841891 0.335914
5.862905 0.329079
5.883919 0.330717
5.904933 0.333933
5.925947 0.324742
5.946961 0.332518
5.967975 0.325207
5.988989 0.328143
6.010003 0.330199
6.031017 0.322383
6.052031 0.330351
6.073045 0.321872
6.094059 0.325773
6.115073 0.326637
6.136087 0.319959
6.157101 0.327910
6.178115 0.318846
6.199129 0.323566
6.220143 0.323633
6.241157 0.317740
6.262171 0.325718
6.283185 0.316253
