serial number: JANUSZ_4_RI80_21414847
torque: 16.0
start_temp: 30 (33)
finish_temp: 30 (32)
note: joint J4, pcb 3_4
0.000000 nan
0.021014 0.363687
0.042028 0.364234
0.063042 0.365482
0.084056 0.361585
0.105070 0.364792
0.126084 0.361914
0.147098 0.363196
0.168112 0.363933
0.189126 0.360353
0.210140 0.363818
0.231154 0.360194
0.252168 0.360832
0.273182 0.360611
0.294196 0.357166
0.315210 0.360630
0.336224 0.356653
0.357238 0.358158
0.378252 0.357865
0.399266 0.354477
0.420280 0.358286
0.441294 0.354279
0.462308 0.357061
0.483322 0.356527
0.504336 0.352453
0.525350 0.356032
0.546364 0.351718
0.567378 0.355194
0.588392 0.354482
0.609406 0.351331
0.630420 0.355285
0.651434 0.350306
0.672448 0.353579
0.693462 0.351946
0.714476 0.349649
0.735490 0.353252
0.756504 0.347768
0.777518 0.351256
0.798532 0.349318
0.819546 0.347252
0.840560 0.351196
0.861574 0.346041
0.882588 0.349759
0.903602 0.347234
0.924616 0.345420
0.945630 0.348896
0.966644 0.343327
0.987658 0.347212
1.008672 0.344865
1.029686 0.343597
1.050700 0.347006
1.071714 0.341326
1.092728 0.345742
1.113742 0.342608
1.134756 0.341759
1.155770 0.344887
1.176784 0.338941
1.197798 0.343701
1.218812 0.340056
1.239826 0.339881
1.260840 0.342884
1.281854 0.336339
1.302868 0.341127
1.323882 0.337073
1.344896 0.337979
1.365910 0.340914
1.386924 0.335080
1.407938 0.340003
1.428952 0.335053
1.449966 0.335497
1.470980 0.337842
1.491994 0.332016
1.513008 0.337513
1.534022 0.332599
1.555036 0.334037
1.576050 0.336424
1.597064 0.330073
1.618078 0.335931
1.639092 0.330655
1.660106 0.332636
1.681120 0.334818
1.702134 0.328834
1.723148 0.334643
1.744162 0.329232
1.765176 0.331740
1.786190 0.333772
1.807204 0.328615
1.828218 0.334398
1.849232 0.328433
1.870246 0.331245
1.891260 0.332987
1.912274 0.328596
1.933288 0.334717
1.954302 0.329054
1.975316 0.332898
1.996330 0.334510
2.017344 0.330635
2.038358 0.337106
2.059372 0.330084
2.080386 0.333538
2.101400 0.333966
2.122414 0.331540
2.143428 0.337395
2.164442 0.331368
2.185456 0.335457
2.206470 0.335113
2.227484 0.332859
2.248498 0.338208
2.269512 0.332850
2.290526 0.337218
2.311540 0.336744
2.332554 0.335335
2.353568 0.340470
2.374582 0.334660
2.395596 0.339467
2.416610 0.338223
2.437624 0.337962
2.458638 0.342166
2.479652 0.336409
2.500666 0.341018
2.521680 0.339256
2.542694 0.340182
2.563708 0.344054
2.584722 0.338445
2.605736 0.343251
2.626750 0.340867
2.647764 0.342493
2.668778 0.345485
2.689792 0.340408
2.710806 0.345284
2.731820 0.342835
2.752834 0.344811
2.773848 0.347051
2.794862 0.343016
2.815876 0.348073
2.836890 0.345133
2.857904 0.347267
2.878918 0.348977
2.899932 0.345402
2.920946 0.349745
2.941960 0.346168
2.962974 0.349082
2.983988 0.350062
3.005002 0.347459
3.026016 0.351766
3.047030 0.347897
3.068044 0.351284
3.089058 0.351480
3.110072 0.349609
3.131086 0.353408
3.152100 0.349135
3.173114 0.352695
3.194128 0.352176
3.215142 0.351443
3.236156 0.354928
3.257170 0.350092
3.278184 0.353484
3.299198 0.352676
3.320212 0.352932
3.341226 0.355834
3.362240 0.351522
3.383254 0.355574
3.404268 0.354276
3.425282 0.355228
3.446296 0.357656
3.467310 0.353506
3.488324 0.357413
3.509338 0.355822
3.530352 0.356908
3.551366 0.358819
3.572380 0.355049
3.593394 0.358810
3.614408 0.356590
3.635422 0.357934
3.656436 0.359575
3.677450 0.356537
3.698464 0.360298
3.719478 0.357552
3.740492 0.359015
3.761506 0.360373
3.782520 0.357225
3.803534 0.360630
3.824548 0.357738
3.845562 0.359373
3.866576 0.359997
3.887590 0.357919
3.908604 0.361261
3.929618 0.358084
3.950632 0.359745
3.971646 0.359897
3.992660 0.358733
4.013674 0.361830
4.034688 0.358499
4.055702 0.360694
4.076716 0.360576
4.097730 0.360495
4.118744 0.363176
4.139758 0.360424
4.160772 0.363414
4.181786 0.362397
4.202800 0.362507
4.223814 0.364651
4.244828 0.361848
4.265842 0.364432
4.286856 0.363145
4.307870 0.363867
4.328884 0.365588
4.349898 0.363186
4.370912 0.365345
4.391926 0.363705
4.412940 0.364641
4.433954 0.365972
4.454968 0.364192
4.475982 0.366506
4.496996 0.364666
4.518010 0.365345
4.539023 0.365541
4.560037 0.364376
4.581051 0.366505
4.602065 0.364665
4.623079 0.365712
4.644093 0.366118
4.665107 0.365531
4.686121 0.367217
4.707135 0.365371
4.728149 0.366721
4.749163 0.366177
4.770177 0.366554
4.791191 0.368272
4.812205 0.366286
4.833219 0.367534
4.854233 0.366549
4.875247 0.367429
4.896261 0.369338
4.917275 0.367644
4.938289 0.369314
4.959303 0.368241
4.980317 0.369079
5.001331 0.370012
5.022345 0.368364
5.043359 0.369957
5.064373 0.368517
5.085387 0.369501
5.106401 0.370332
5.127415 0.368760
5.148429 0.369959
5.169443 0.368460
5.190457 0.369550
5.211471 0.369867
5.232485 0.369869
5.253499 0.371196
5.274513 0.369352
5.295527 0.370557
5.316541 0.370475
5.337555 0.370595
5.358569 0.372038
5.379583 0.369938
5.400597 0.371583
5.421611 0.371107
5.442625 0.372229
5.463639 0.373268
5.484653 0.371258
5.505667 0.372866
5.526681 0.371541
5.547695 0.372703
5.568709 0.373135
5.589723 0.370660
5.610737 0.372659
5.631751 0.370583
5.652765 0.371766
5.673779 0.372139
5.694793 0.370126
5.715807 0.372124
5.736821 0.369959
5.757835 0.371842
5.778849 0.371674
5.799863 0.369358
5.820877 0.371650
5.841891 0.368975
5.862905 0.371446
5.883919 0.371153
5.904933 0.369381
5.925947 0.371417
5.946961 0.368644
5.967975 0.371462
5.988989 0.370577
6.010003 0.368327
6.031017 0.370086
6.052031 0.366447
6.073045 0.369478
6.094059 0.368501
6.115073 0.367625
6.136087 0.368942
6.157101 0.364873
6.178115 0.368029
6.199129 0.366383
6.220143 0.365876
6.241157 0.367344
6.262171 0.363234
6.283185 0.365951
