serial number: JANUSZ_4_RI80_21414847
torque: 16.0
start_temp: 31 (33)
finish_temp: 30 (33)
note: joint J4, pcb 3_4
0.000000 nan
0.021014 0.456739
0.042028 0.459744
0.063042 0.457053
0.084056 0.459762
0.105070 0.459983
0.126084 0.458627
0.147098 0.461570
0.168112 0.459003
0.189126 0.461668
0.210140 0.461169
0.231154 0.460517
0.252168 0.462515
0.273182 0.460781
0.294196 0.463252
0.315210 0.461799
0.336224 0.462348
0.357238 0.463782
0.378252 0.460973
0.399266 0.463515
0.420280 0.461895
0.441294 0.463090
0.462308 0.463836
0.483322 0.461765
0.504336 0.464011
0.525350 0.462088
0.546364 0.463989
0.567378 0.464589
0.588392 0.462664
0.609406 0.465295
0.630420 0.462037
0.651434 0.464000
0.672448 0.464329
0.693462 0.461833
0.714476 0.465273
0.735490 0.462001
0.756504 0.465372
0.777518 0.464619
0.798532 0.462907
0.819546 0.465742
0.840560 0.462418
0.861574 0.465641
0.882588 0.464156
0.903602 0.463340
0.924616 0.465357
0.945630 0.462069
0.966644 0.465508
0.987658 0.464150
1.008672 0.463046
1.029686 0.465736
1.050700 0.461518
1.071714 0.465195
1.092728 0.463161
1.113742 0.462752
1.134756 0.464897
1.155770 0.461100
1.176784 0.465436
1.197798 0.463063
1.218812 0.463618
1.239826 0.465661
1.260840 0.461371
1.281854 0.465450
1.302868 0.462915
1.323882 0.463608
1.344896 0.464780
1.365910 0.460631
1.386924 0.464553
1.407938 0.463495
1.428952 0.464876
1.449966 0.462850
1.470980 0.458848
1.491994 0.462838
1.513008 0.459178
1.534022 0.460823
1.555036 0.461735
1.576050 0.457644
1.597064 0.461972
1.618078 0.457628
1.639092 0.459629
1.660106 0.459537
1.681120 0.455875
1.702134 0.459889
1.723148 0.455048
1.744162 0.457940
1.765176 0.456597
1.786190 0.453446
1.807204 0.457298
1.828218 0.452720
1.849232 0.456311
1.870246 0.454193
1.891260 0.451034
1.912274 0.455120
1.933288 0.449804
1.954302 0.453889
1.975316 0.451705
1.996330 0.449570
2.017344 0.453106
2.038358 0.448037
2.059372 0.452125
2.080386 0.450071
2.101400 0.448048
2.122414 0.450745
2.143428 0.445954
2.164442 0.449722
2.185456 0.447155
2.206470 0.445593
2.227484 0.448364
2.248498 0.442584
2.269512 0.446946
2.290526 0.443718
2.311540 0.443657
2.332554 0.446161
2.353568 0.440814
2.374582 0.445557
2.395596 0.441312
2.416610 0.441198
2.437624 0.443273
2.458638 0.437424
2.479652 0.441810
2.500666 0.437729
2.521680 0.438326
2.542694 0.440180
2.563708 0.434562
2.584722 0.439071
2.605736 0.434697
2.626750 0.435467
2.647764 0.436423
2.668778 0.430568
2.689792 0.435622
2.710806 0.430601
2.731820 0.432179
2.752834 0.433627
2.773848 0.428070
2.794862 0.433671
2.815876 0.428472
2.836890 0.430881
2.857904 0.431211
2.878918 0.426361
2.899932 0.431549
2.920946 0.425742
2.941960 0.428434
2.962974 0.428330
2.983988 0.423621
3.005002 0.428530
3.026016 0.422784
3.047030 0.426028
3.068044 0.426123
3.089058 0.421589
3.110072 0.426493
3.131086 0.420087
3.152100 0.423690
3.173114 0.423719
3.194128 0.419656
3.215142 0.424581
3.236156 0.418052
3.257170 0.422050
3.278184 0.421062
3.299198 0.417540
3.320212 0.422487
3.341226 0.415751
3.362240 0.420303
3.383254 0.418821
3.404268 0.416801
3.425282 0.421453
3.446296 0.414246
3.467310 0.418974
3.488324 0.417633
3.509338 0.415196
3.530352 0.419668
3.551366 0.412369
3.572380 0.417035
3.593394 0.415402
3.614408 0.414057
3.635422 0.418180
3.656436 0.411150
3.677450 0.416429
3.698464 0.414143
3.719478 0.413833
3.740492 0.418022
3.761506 0.410984
3.782520 0.416666
3.803534 0.414084
3.824548 0.415316
3.845562 0.418635
3.866576 0.412028
3.887590 0.418111
3.908604 0.414547
3.929618 0.416382
3.950632 0.419995
3.971646 0.413946
3.992660 0.419572
4.013674 0.415950
4.034688 0.418213
4.055702 0.421172
4.076716 0.416511
4.097730 0.422246
4.118744 0.417914
4.139758 0.421380
4.160772 0.422945
4.181786 0.418745
4.202800 0.424550
4.223814 0.420255
4.244828 0.424484
4.265842 0.425115
4.286856 0.422322
4.307870 0.427424
4.328884 0.422894
4.349898 0.426824
4.370912 0.427301
4.391926 0.425500
4.412940 0.429728
4.433954 0.424483
4.454968 0.429124
4.475982 0.429207
4.496996 0.428019
4.518010 0.432407
4.539023 0.427320
4.560037 0.432179
4.581051 0.430548
4.602065 0.431037
4.623079 0.434283
4.644093 0.429446
4.665107 0.433926
4.686121 0.431711
4.707135 0.432777
4.728149 0.436160
4.749163 0.430943
4.770177 0.435964
4.791191 0.433382
4.812205 0.436012
4.833219 0.437716
4.854233 0.433240
4.875247 0.438018
4.896261 0.435151
4.917275 0.437514
4.938289 0.439234
4.959303 0.434914
4.980317 0.440163
5.001331 0.436211
5.022345 0.439833
5.043359 0.441047
5.064373 0.438122
5.085387 0.441319
5.106401 0.435849
5.127415 0.439706
5.148429 0.438741
5.169443 0.437435
5.190457 0.441770
5.211471 0.437232
5.232485 0.441355
5.253499 0.440577
5.274513 0.439788
5.295527 0.443266
5.316541 0.438788
5.337555 0.443260
5.358569 0.441857
5.379583 0.442182
5.400597 0.444867
5.421611 0.440425
5.442625 0.444599
5.463639 0.442045
5.484653 0.443322
5.505667 0.445421
5.526681 0.441309
5.547695 0.446491
5.568709 0.443805
5.589723 0.446334
5.610737 0.448364
5.631751 0.444183
5.652765 0.445854
5.673779 0.442610
5.694793 0.444701
5.715807 0.446040
5.736821 0.442923
5.757835 0.447531
5.778849 0.444394
5.799863 0.447561
5.820877 0.447902
5.841891 0.446100
5.862905 0.450587
5.883919 0.446595
5.904933 0.450487
5.925947 0.450013
5.946961 0.449343
5.967975 0.453338
5.988989 0.449590
6.010003 0.453424
6.031017 0.452754
6.052031 0.452940
6.073045 0.456042
6.094059 0.452907
6.115073 0.456300
6.136087 0.454788
6.157101 0.455957
6.178115 0.457620
6.199129 0.454916
6.220143 0.457883
6.241157 0.455937
6.262171 0.458193
6.283185 0.459193
