serial number: JANUSZ_4_RI80_21414847
torque: 16.0
start_temp: 30 (33)
finish_temp: 30 (32)
note: joint J4, pcb 3_4
0.000000 nan
0.021014 0.370255
0.042028 0.369636
0.063042 0.371932
0.084056 0.366652
0.105070 0.370863
0.126084 0.367677
0.147098 0.367460
0.168112 0.369339
0.189126 0.363851
0.210140 0.368199
0.231154 0.364270
0.252168 0.364603
0.273182 0.365891
0.294196 0.360309
0.315210 0.365421
0.336224 0.361491
0.357238 0.363362
0.378252 0.364132
0.399266 0.358796
0.420280 0.364074
0.441294 0.359123
0.462308 0.361035
0.483322 0.361706
0.504336 0.356885
0.525350 0.362399
0.546364 0.356553
0.567378 0.358918
0.588392 0.358715
0.609406 0.354126
0.630420 0.359920
0.651434 0.353833
0.672448 0.357240
0.693462 0.356817
0.714476 0.352588
0.735490 0.357941
0.756504 0.351552
0.777518 0.355439
0.798532 0.353984
0.819546 0.349384
0.840560 0.354290
0.861574 0.347110
0.882588 0.350488
0.903602 0.348752
0.924616 0.345799
0.945630 0.351379
0.966644 0.344429
0.987658 0.348735
1.008672 0.346351
1.029686 0.344102
1.050700 0.349342
1.071714 0.341493
1.092728 0.346572
1.113742 0.343736
1.134756 0.342122
1.155770 0.347201
1.176784 0.339407
1.197798 0.345022
1.218812 0.341621
1.239826 0.341274
1.260840 0.345838
1.281854 0.338005
1.302868 0.344063
1.323882 0.339857
1.344896 0.339402
1.365910 0.343926
1.386924 0.336233
1.407938 0.342420
1.428952 0.337617
1.449966 0.337649
1.470980 0.341321
1.491994 0.333567
1.513008 0.340517
1.534022 0.335662
1.555036 0.337169
1.576050 0.340826
1.597064 0.332572
1.618078 0.339878
1.639092 0.334542
1.660106 0.336314
1.681120 0.339369
1.702134 0.332152
1.723148 0.338998
1.744162 0.333127
1.765176 0.335612
1.786190 0.338176
1.807204 0.331826
1.828218 0.339028
1.849232 0.332869
1.870246 0.335961
1.891260 0.338651
1.912274 0.333123
1.933288 0.339907
1.954302 0.333452
1.975316 0.336743
1.996330 0.338455
2.017344 0.333363
2.038358 0.340085
2.059372 0.333349
2.080386 0.337453
2.101400 0.338282
2.122414 0.334466
2.143428 0.341427
2.164442 0.334422
2.185456 0.339066
2.206470 0.339510
2.227484 0.336715
2.248498 0.343044
2.269512 0.336249
2.290526 0.341025
2.311540 0.340329
2.332554 0.338689
2.353568 0.344561
2.374582 0.337411
2.395596 0.342925
2.416610 0.341739
2.437624 0.341389
2.458638 0.346890
2.479652 0.339951
2.500666 0.345542
2.521680 0.343889
2.542694 0.343774
2.563708 0.348080
2.584722 0.341249
2.605736 0.347018
2.626750 0.344460
2.647764 0.345423
2.668778 0.349343
2.689792 0.343304
2.710806 0.349672
2.731820 0.346571
2.752834 0.348555
2.773848 0.351451
2.794862 0.345933
2.815876 0.351986
2.836890 0.348275
2.857904 0.350715
2.878918 0.352703
2.899932 0.347900
2.920946 0.353786
2.941960 0.349418
2.962974 0.352947
2.983988 0.354451
3.005002 0.351112
3.026016 0.356793
3.047030 0.352113
3.068044 0.355858
3.089058 0.356186
3.110072 0.353754
3.131086 0.358919
3.152100 0.352966
3.173114 0.357255
3.194128 0.356945
3.215142 0.355380
3.236156 0.360056
3.257170 0.354359
3.278184 0.359313
3.299198 0.357878
3.320212 0.357297
3.341226 0.361441
3.362240 0.355571
3.383254 0.360925
3.404268 0.359024
3.425282 0.358872
3.446296 0.362477
3.467310 0.356572
3.488324 0.361872
3.509338 0.359347
3.530352 0.360504
3.551366 0.363543
3.572380 0.358286
3.593394 0.363622
3.614408 0.360478
3.635422 0.362083
3.656436 0.364450
3.677450 0.360007
3.698464 0.365095
3.719478 0.361094
3.740492 0.363069
3.761506 0.365051
3.782520 0.361784
3.803534 0.366661
3.824548 0.362073
3.845562 0.364837
3.866576 0.365732
3.887590 0.363577
3.908604 0.368464
3.929618 0.364118
3.950632 0.367196
3.971646 0.367001
3.992660 0.364668
4.013674 0.368611
4.034688 0.363754
4.055702 0.367366
4.076716 0.366000
4.097730 0.364860
4.118744 0.368699
4.139758 0.364277
4.160772 0.368190
4.181786 0.366635
4.202800 0.366693
4.223814 0.369766
4.244828 0.365578
4.265842 0.369503
4.286856 0.367611
4.307870 0.368407
4.328884 0.371042
4.349898 0.367307
4.370912 0.371538
4.391926 0.368888
4.412940 0.370120
4.433954 0.371697
4.454968 0.369304
4.475982 0.373463
4.496996 0.370180
4.518010 0.371645
4.539023 0.372819
4.560037 0.371255
4.581051 0.374859
4.602065 0.371638
4.623079 0.373408
4.644093 0.373657
4.665107 0.372063
4.686121 0.374664
4.707135 0.371603
4.728149 0.373251
4.749163 0.372719
4.770177 0.372552
4.791191 0.375719
4.812205 0.372829
4.833219 0.374975
4.854233 0.373486
4.875247 0.373856
4.896261 0.376326
4.917275 0.373801
4.938289 0.376456
4.959303 0.375358
4.980317 0.376217
5.001331 0.378086
5.022345 0.375581
5.043359 0.378394
5.064373 0.376113
5.085387 0.376827
5.106401 0.378329
5.127415 0.376407
5.148429 0.378867
5.169443 0.376694
5.190457 0.377414
5.211471 0.378502
5.232485 0.377182
5.253499 0.378777
5.274513 0.376199
5.295527 0.377982
5.316541 0.378047
5.337555 0.377483
5.358569 0.379371
5.379583 0.376743
5.400597 0.378957
5.421611 0.378701
5.442625 0.378970
5.463639 0.380404
5.484653 0.377918
5.505667 0.380349
5.526681 0.379134
5.547695 0.379752
5.568709 0.380675
5.589723 0.377862
5.610737 0.380638
5.631751 0.379048
5.652765 0.380041
5.673779 0.380765
5.694793 0.377674
5.715807 0.380296
5.736821 0.377805
5.757835 0.379649
5.778849 0.380339
5.799863 0.377205
5.820877 0.379888
5.841891 0.376344
5.862905 0.378585
5.883919 0.378868
5.904933 0.375855
5.925947 0.378737
5.946961 0.374773
5.967975 0.377569
5.988989 0.377221
6.010003 0.374696
6.031017 0.377831
6.052031 0.373535
6.073045 0.376510
6.094059 0.375465
6.115073 0.373314
6.136087 0.375778
6.157101 0.370688
6.178115 0.374109
6.199129 0.372222
6.220143 0.370713
6.241157 0.373391
6.262171 0.368768
6.283185 0.372631
