serial number: JANUSZ_3_RI70_21414867
torque: 8.0
start_temp: 30 (31)
finish_temp: 30 (30)
note: zdjety
0.000000 nan
0.021014 0.165774
0.042028 0.161674
0.063042 0.162854
0.084056 0.164045
0.105070 0.162147
0.126084 0.167437
0.147098 0.162771
0.168112 0.162751
0.189126 0.164854
0.210140 0.163342
0.231154 0.169124
0.252168 0.163184
0.273182 0.165693
0.294196 0.165483
0.315210 0.165659
0.336224 0.172435
0.357238 0.166093
0.378252 0.167253
0.399266 0.165129
0.420280 0.166180
0.441294 0.173713
0.462308 0.166936
0.483322 0.168833
0.504336 0.168087
0.525350 0.168011
0.546364 0.172933
0.567378 0.166845
0.588392 0.170462
0.609406 0.166718
0.630420 0.168696
0.651434 0.175982
0.672448 0.170669
0.693462 0.171547
0.714476 0.164212
0.735490 0.169640
0.756504 0.177417
0.777518 0.172253
0.798532 0.174038
0.819546 0.170268
0.840560 0.172081
0.861574 0.177202
0.882588 0.172487
0.903602 0.174246
0.924616 0.169413
0.945630 0.173390
0.966644 0.176133
0.987658 0.170824
1.008672 0.174676
1.029686 0.169531
1.050700 0.174213
1.071714 0.177585
1.092728 0.173204
1.113742 0.176455
1.134756 0.169003
1.155770 0.174852
1.176784 0.177253
1.197798 0.173426
1.218812 0.178130
1.239826 0.169514
1.260840 0.176607
1.281854 0.176853
1.302868 0.173734
1.323882 0.179842
1.344896 0.169093
1.365910 0.176816
1.386924 0.177142
1.407938 0.175186
1.428952 0.179760
1.449966 0.168836
1.470980 0.174165
1.491994 0.172598
1.513008 0.172520
1.534022 0.178020
1.555036 0.167404
1.576050 0.174782
1.597064 0.172531
1.618078 0.172455
1.639092 0.178674
1.660106 0.167890
1.681120 0.175734
1.702134 0.171577
1.723148 0.172542
1.744162 0.177962
1.765176 0.165682
1.786190 0.172776
1.807204 0.167896
1.828218 0.171052
1.849232 0.176266
1.870246 0.162924
1.891260 0.173612
1.912274 0.169506
1.933288 0.172441
1.954302 0.177020
1.975316 0.164940
1.996330 0.173431
2.017344 0.166142
2.038358 0.170460
2.059372 0.175982
2.080386 0.165812
2.101400 0.173622
2.122414 0.163021
2.143428 0.168418
2.164442 0.173904
2.185456 0.164057
2.206470 0.170636
2.227484 0.160863
2.248498 0.168791
2.269512 0.172876
2.290526 0.164116
2.311540 0.169780
2.332554 0.162579
2.353568 0.169406
2.374582 0.172130
2.395596 0.162338
2.416610 0.168182
2.437624 0.160863
2.458638 0.166975
2.479652 0.168131
2.500666 0.160934
2.521680 0.167760
2.542694 0.158786
2.563708 0.167682
2.584722 0.168845
2.605736 0.163019
2.626750 0.167022
2.647764 0.159613
2.668778 0.168672
2.689792 0.168702
2.710806 0.165331
2.731820 0.168075
2.752834 0.160269
2.773848 0.168381
2.794862 0.167664
2.815876 0.165348
2.836890 0.167640
2.857904 0.160500
2.878918 0.169284
2.899932 0.166355
2.920946 0.165578
2.941960 0.167273
2.962974 0.161692
2.983988 0.169606
3.005002 0.166537
3.026016 0.167497
3.047030 0.167157
3.068044 0.162817
3.089058 0.170765
3.110072 0.166308
3.131086 0.168693
3.152100 0.167860
3.173114 0.164156
3.194128 0.171754
3.215142 0.167123
3.236156 0.171118
3.257170 0.169214
3.278184 0.165270
3.299198 0.172642
3.320212 0.167587
3.341226 0.172410
3.362240 0.168528
3.383254 0.166401
3.404268 0.173086
3.425282 0.167796
3.446296 0.174777
3.467310 0.169142
3.488324 0.167229
3.509338 0.173270
3.530352 0.167772
3.551366 0.176056
3.572380 0.168732
3.593394 0.169130
3.614408 0.174240
3.635422 0.169126
3.656436 0.179105
3.677450 0.170527
3.698464 0.170353
3.719478 0.175393
3.740492 0.170387
3.761506 0.180956
3.782520 0.172370
3.803534 0.174315
3.824548 0.177576
3.845562 0.172494
3.866576 0.184179
3.887590 0.173315
3.908604 0.175241
3.929618 0.177224
3.950632 0.173436
3.971646 0.184647
3.992660 0.173104
4.013674 0.176085
4.034688 0.176609
4.055702 0.172450
4.076716 0.184128
4.097730 0.172595
4.118744 0.175592
4.139758 0.175308
4.160772 0.172032
4.181786 0.183466
4.202800 0.171767
4.223814 0.174377
4.244828 0.172882
4.265842 0.170263
4.286856 0.179848
4.307870 0.168084
4.328884 0.171999
4.349898 0.169397
4.370912 0.168402
4.391926 0.178677
4.412940 0.167272
4.433954 0.171230
4.454968 0.167232
4.475982 0.166880
4.496996 0.175448
4.518010 0.164860
4.539023 0.169981
4.560037 0.165003
4.581051 0.165829
4.602065 0.173654
4.623079 0.162379
4.644093 0.166641
4.665107 0.162026
4.686121 0.164422
4.707135 0.171270
4.728149 0.159855
4.749163 0.163990
4.770177 0.158139
4.791191 0.161467
4.812205 0.168257
4.833219 0.159126
4.854233 0.163657
4.875247 0.157952
4.896261 0.162077
4.917275 0.167054
4.938289 0.157550
4.959303 0.161250
4.980317 0.156618
5.001331 0.160874
5.022345 0.165662
5.043359 0.158800
5.064373 0.162891
5.085387 0.157569
5.106401 0.162466
5.127415 0.167864
5.148429 0.160368
5.169443 0.161868
5.190457 0.156871
5.211471 0.161454
5.232485 0.165357
5.253499 0.158515
5.274513 0.161914
5.295527 0.158437
5.316541 0.163227
5.337555 0.167045
5.358569 0.160674
5.379583 0.159760
5.400597 0.155294
5.421611 0.159938
5.442625 0.163887
5.463639 0.160224
5.484653 0.159475
5.505667 0.156598
5.526681 0.162190
5.547695 0.163705
5.568709 0.160158
5.589723 0.160403
5.610737 0.156596
5.631751 0.161755
5.652765 0.162863
5.673779 0.159457
5.694793 0.159364
5.715807 0.155927
5.736821 0.159548
5.757835 0.161120
5.778849 0.160143
5.799863 0.158478
5.820877 0.156256
5.841891 0.159658
5.862905 0.160953
5.883919 0.159942
5.904933 0.159087
5.925947 0.156965
5.946961 0.160042
5.967975 0.161612
5.988989 0.162037
6.010003 0.159599
6.031017 0.158079
6.052031 0.160052
6.073045 0.160015
6.094059 0.163342
6.115073 0.160508
6.136087 0.159210
6.157101 0.162310
6.178115 0.161645
6.199129 0.165417
6.220143 0.161857
6.241157 0.160957
6.262171 0.162243
6.283185 0.162167
