serial number: JANUSZ_3_RI70_21414867
torque: 8
start_temp: 30 (22)
finish_temp: 29 (22)
note: zdjęty z robota, soft z 19.07.22, oś 4, montaż TK
0.000000 0.181532 29.668605 0.000000
0.020010 0.179016 29.670520 0.000000
0.040020 0.180599 29.675676 0.000000
0.060030 0.178031 29.671277 0.000000
0.080041 0.177801 29.675949 0.000000
0.100051 0.179307 29.668712 0.000000
0.120061 0.177293 29.668478 0.000000
0.140071 0.179527 29.657718 0.000000
0.160081 0.178664 29.657459 0.000000
0.180091 0.177470 29.647059 0.000000
0.200101 0.180323 29.666667 0.000000
0.220112 0.177512 29.661376 0.000000
0.240122 0.178566 29.673203 0.000000
0.260132 0.178660 29.672316 0.000000
0.280142 0.175469 29.659091 0.000000
0.300152 0.178890 29.673469 0.000000
0.320162 0.178146 29.663617 0.000000
0.340172 0.175636 29.666098 0.000000
0.360183 0.177681 29.673171 0.000000
0.380193 0.174041 29.654270 0.000000
0.400203 0.177878 29.663733 0.000000
0.420213 0.178916 29.655914 0.000000
0.440223 0.178110 29.669268 0.000000
0.460233 0.180355 29.666053 0.000000
0.480243 0.177894 29.668449 0.000000
0.500254 0.179178 29.673203 0.000000
0.520264 0.178825 29.668571 0.000000
0.540274 0.177180 29.661017 0.000000
0.560284 0.178896 29.677852 0.000000
0.580294 0.176414 29.682540 0.000000
0.600304 0.175861 29.658228 0.000000
0.620314 0.177070 29.683114 0.000000
0.640325 0.176229 29.669838 0.000000
0.660335 0.179555 29.666667 0.000000
0.680345 0.179018 29.645111 0.000000
0.700355 0.177501 29.663952 0.000000
0.720365 0.179011 29.654379 0.000000
0.740375 0.178368 29.660645 0.000000
0.760385 0.180813 29.637677 0.000000
0.780396 0.179710 29.635200 0.000000
0.800406 0.178046 29.666667 0.000000
0.820416 0.179441 29.657718 0.000000
0.840426 0.177347 29.663102 0.000000
0.860436 0.177934 29.658228 0.000000
0.880446 0.181396 29.660606 0.000000
0.900456 0.179834 29.668508 0.000000
0.920467 0.182852 29.657534 0.000000
0.940477 0.181158 29.662983 0.000000
0.960487 0.180554 29.664596 0.000000
0.980497 0.183030 29.654379 0.000000
1.000507 0.182041 29.662526 0.000000
1.020517 0.183900 29.737576 0.000000
1.040528 0.183984 29.730261 0.000000
1.060538 0.182165 29.766055 0.000000
1.080548 0.184437 29.747475 0.000000
1.100558 0.182305 29.751020 0.000000
1.120568 0.182574 29.741294 0.000000
1.140578 0.183500 29.747763 0.000000
1.160588 0.183801 29.729524 0.000000
1.180599 0.185584 29.740718 0.000000
1.200609 0.182031 29.742833 0.000000
1.220619 0.182089 29.757009 0.000000
1.240629 0.184520 29.743842 0.000000
1.260639 0.182534 29.752066 0.000000
1.280649 0.184307 29.741333 0.000000
1.300659 0.184264 29.738632 0.000000
1.320670 0.181772 29.738117 0.000000
1.340680 0.184706 29.741856 0.000000
1.360690 0.181779 29.735261 0.000000
1.380700 0.183495 29.725051 0.000000
1.400710 0.185698 29.718904 0.000000
1.420720 0.184728 29.747826 0.000000
1.440730 0.186999 29.736373 0.000000
1.460741 0.183715 29.737000 0.000000
1.480751 0.184047 29.757282 0.000000
1.500761 0.186889 29.751220 0.000000
1.520771 0.185658 29.750000 0.000000
1.540781 0.186050 29.734694 0.000000
1.560791 0.185679 29.729258 0.000000
1.580801 0.186553 29.726111 0.000000
1.600812 0.189326 29.714375 0.000000
1.620822 0.184776 29.746888 0.000000
1.640832 0.186298 29.720000 0.000000
1.660842 0.186121 29.736621 0.000000
1.680852 0.185901 29.706549 0.000000
1.700862 0.188261 29.914771 0.000000
1.720872 0.185139 29.931492 0.000000
1.740883 0.185766 29.952848 0.000000
1.760893 0.188067 29.970719 0.000000
1.780903 0.185595 29.961117 0.000000
1.800913 0.187673 29.987034 0.000000
1.820923 0.186108 29.959080 0.000000
1.840933 0.185481 29.993671 0.000000
1.860943 0.189712 29.966027 0.000000
1.880954 0.185968 29.953370 0.000000
1.900964 0.188151 29.980690 0.000000
1.920974 0.187284 29.885030 0.000000
1.940984 0.185153 29.925269 0.000000
1.960994 0.187243 29.985175 0.000000
1.981004 0.185449 29.989945 0.000000
2.001014 0.187225 29.991200 0.000000
2.021025 0.186910 29.920000 0.000000
2.041035 0.182502 29.952000 0.000000
2.061045 0.185587 29.968435 0.000000
2.081055 0.185230 29.946441 0.000000
2.101065 0.185328 29.928917 0.000000
2.121075 0.187709 29.952973 0.000000
2.141085 0.182516 29.970492 0.000000
2.161096 0.185433 29.919195 0.000000
2.181106 0.184812 29.974762 0.000000
2.201116 0.183576 29.880476 0.000000
2.221126 0.184512 29.909262 0.000000
2.241136 0.181431 29.908222 0.000000
2.261146 0.185108 29.906667 0.000000
2.281156 0.183929 29.876943 0.000000
2.301167 0.178427 29.913224 0.000000
2.321177 0.181569 29.922685 0.000000
2.341187 0.179473 29.911304 0.000000
2.361197 0.179886 29.931852 0.000000
2.381207 0.182192 29.937368 0.000000
2.401217 0.176844 29.887083 0.000000
2.421227 0.180971 29.888800 0.000000
2.441238 0.178199 29.868343 0.000000
2.461248 0.175305 29.874483 0.000000
2.481258 0.178688 29.854211 0.000000
2.501268 0.174950 29.860933 0.000000
2.521278 0.176115 29.813082 0.000000
2.541288 0.176621 29.861667 0.000000
2.561298 0.174699 29.876324 0.000000
2.581309 0.180800 29.811892 0.000000
2.601319 0.177005 29.785319 0.000000
2.621329 0.177853 29.778250 0.000000
2.641339 0.177952 29.791950 0.000000
2.661349 0.174338 29.806218 0.000000
2.681359 0.180897 29.866400 0.000000
2.701369 0.177799 29.884045 0.000000
2.721380 0.175203 29.868736 0.000000
2.741390 0.177102 29.865695 0.000000
2.761400 0.174495 29.832000 0.000000
2.781410 0.179378 29.903158 0.000000
2.801420 0.179364 29.906353 0.000000
2.821430 0.173330 29.798901 0.000000
2.841440 0.177309 29.852026 0.000000
2.861451 0.171986 29.856421 0.000000
2.881461 0.172825 29.818443 0.000000
2.901471 0.175499 29.784691 0.000000
2.921481 0.172521 29.830466 0.000000
2.941491 0.178002 29.848158 0.000000
2.961501 0.173852 29.895435 0.000000
2.981511 0.169467 29.850667 0.000000
3.001522 0.175627 29.852026 0.000000
3.021532 0.173255 29.851340 0.000000
3.041542 0.176217 29.906250 0.000000
3.061552 0.174568 29.882105 0.000000
3.081562 0.171560 29.861915 0.000000
3.101572 0.177795 29.859200 0.000000
3.121583 0.172926 29.807957 0.000000
3.141593 0.175596 29.803704 0.000000
3.161603 0.178088 29.852000 0.000000
3.181613 0.174254 29.868272 0.000000
3.201623 0.178104 29.846093 0.000000
3.221633 0.173762 29.842811 0.000000
3.241643 0.170765 29.840899 0.000000
3.261654 0.176119 29.790390 0.000000
3.281664 0.171325 29.826735 0.000000
3.301674 0.174717 29.813836 0.000000
3.321684 0.174240 29.771200 0.000000
3.341694 0.169221 29.808649 0.000000
3.361704 0.176362 29.832727 0.000000
3.381714 0.172328 29.820923 0.000000
3.401725 0.172480 29.730617 0.000000
3.421735 0.175046 29.779879 0.000000
3.441745 0.170411 29.795052 0.000000
3.461755 0.174346 29.767742 0.000000
3.481765 0.171746 29.767312 0.000000
3.501775 0.168842 29.781436 0.000000
3.521785 0.176595 29.876645 0.000000
3.541796 0.171649 29.803487 0.000000
3.561806 0.174171 29.774872 0.000000
3.581816 0.174360 29.800449 0.000000
3.601826 0.171861 29.798033 0.000000
3.621836 0.177744 29.826400 0.000000
3.641846 0.170722 29.785714 0.000000
3.661856 0.170713 29.782275 0.000000
3.681867 0.174427 29.726871 0.000000
3.701877 0.169871 29.711503 0.000000
3.721887 0.176024 29.728718 0.000000
3.741897 0.173466 29.773048 0.000000
3.761907 0.171719 29.736879 0.000000
3.781917 0.177876 29.730196 0.000000
3.801927 0.170446 29.740508 0.000000
3.821938 0.171104 29.748500 0.000000
3.841948 0.172549 29.719116 0.000000
3.861958 0.169061 29.716108 0.000000
3.881968 0.175396 29.702745 0.000000
3.901978 0.169196 29.757766 0.000000
3.921988 0.167459 29.729048 0.000000
3.941998 0.173213 29.760235 0.000000
3.962009 0.165979 29.763452 0.000000
3.982019 0.170361 29.754430 0.000000
4.002029 0.168126 29.771077 0.000000
4.022039 0.165763 29.738305 0.000000
4.042049 0.174349 29.760503 0.000000
4.062059 0.166281 29.735721 0.000000
4.082069 0.168346 29.700244 0.000000
4.102080 0.170177 29.691957 0.000000
4.122090 0.166076 29.727097 0.000000
4.142100 0.171052 29.700750 0.000000
4.162110 0.165759 29.709800 0.000000
4.182120 0.168322 29.708434 0.000000
4.202130 0.174274 29.706509 0.000000
4.222140 0.166568 29.761026 0.000000
4.242151 0.169137 29.713374 0.000000
4.262161 0.167645 29.739896 0.000000
4.282171 0.167467 29.713563 0.000000
4.302181 0.173667 29.732593 0.000000
4.322191 0.164754 29.742857 0.000000
4.342201 0.166049 29.768834 0.000000
4.362211 0.168838 29.731640 0.000000
4.382222 0.165540 29.730378 0.000000
4.402232 0.169922 29.757516 0.000000
4.422242 0.164913 29.727363 0.000000
4.442252 0.166816 29.740838 0.000000
4.462262 0.171775 29.698971 0.000000
4.482272 0.162327 29.745584 0.000000
4.502282 0.167233 29.713086 0.000000
4.522293 0.166085 29.721818 0.000000
4.542303 0.165535 29.693333 0.000000
4.562313 0.171107 29.715976 0.000000
4.582323 0.162480 29.729020 0.000000
4.602333 0.167667 29.718012 0.000000
4.622343 0.170145 29.681489 0.000000
4.642353 0.166778 29.680220 0.000000
4.662364 0.170914 29.676025 0.000000
4.682374 0.166453 29.691515 0.000000
4.702384 0.168474 29.718072 0.000000
4.722394 0.172618 29.703218 0.000000
4.742404 0.166590 29.668958 0.000000
4.762414 0.172153 29.670573 0.000000
4.782424 0.170784 29.701875 0.000000
4.802435 0.170671 29.702788 0.000000
4.822445 0.173050 29.668639 0.000000
4.842455 0.167504 29.685279 0.000000
4.862465 0.173201 29.686494 0.000000
4.882475 0.175421 29.682174 0.000000
4.902485 0.172254 29.679535 0.000000
4.922495 0.174354 29.678272 0.000000
4.942506 0.170661 29.671795 0.000000
4.962516 0.174200 29.696051 0.000000
4.982526 0.177306 29.693256 0.000000
5.002536 0.170706 29.695000 0.000000
5.022546 0.176069 29.657692 0.000000
5.042556 0.174424 29.668842 0.000000
5.062567 0.172991 29.701366 0.000000
5.082577 0.176045 29.693735 0.000000
5.102587 0.171034 29.676632 0.000000
5.122597 0.175349 29.681282 0.000000
5.142607 0.177440 29.668508 0.000000
5.162617 0.176035 29.674556 0.000000
5.182627 0.179586 29.657516 0.000000
5.202638 0.176773 29.670526 0.000000
5.222648 0.178690 29.668874 0.000000
5.242658 0.179279 29.676301 0.000000
5.262668 0.174004 29.670939 0.000000
5.282678 0.178618 29.674899 0.000000
5.302688 0.177434 29.671958 0.000000
5.322698 0.177994 29.683544 0.000000
5.342709 0.179675 29.663067 0.000000
5.362719 0.176371 29.691459 0.000000
5.382729 0.179505 29.688742 0.000000
5.402739 0.179811 29.688939 0.000000
5.422749 0.176637 29.690414 0.000000
5.442759 0.180503 29.679211 0.000000
5.462769 0.178537 29.677861 0.000000
5.482780 0.181162 29.665235 0.000000
5.502790 0.180799 29.677471 0.000000
5.522800 0.176025 29.674157 0.000000
5.542810 0.182180 29.671233 0.000000
5.562820 0.181466 29.672131 0.000000
5.582830 0.181168 29.667848 0.000000
5.602840 0.184334 29.682564 0.000000
5.622851 0.180428 29.681319 0.000000
5.642861 0.182871 29.671233 0.000000
5.662871 0.183118 29.662921 0.000000
5.682881 0.180451 29.682927 0.000000
5.702891 0.183245 29.682432 0.000000
5.722901 0.181141 29.666022 0.000000
5.742911 0.183346 29.678421 0.000000
5.762922 0.184695 29.664671 0.000000
5.782932 0.181786 29.649123 0.000000
5.802942 0.186226 29.674167 0.000000
5.822952 0.184519 29.669944 0.000000
5.842962 0.183925 29.662078 0.000000
5.862972 0.183566 29.660621 0.000000
5.882982 0.180171 29.663556 0.000000
5.902993 0.183052 29.661389 0.000000
5.923003 0.183181 29.669171 0.000000
5.943013 0.179401 29.665926 0.000000
5.963023 0.182416 29.678411 0.000000
5.983033 0.180796 29.662486 0.000000
6.003043 0.182116 29.660131 0.000000
6.023053 0.183779 29.668639 0.000000
6.043064 0.179635 29.680233 0.000000
6.063074 0.182980 29.677568 0.000000
6.083084 0.180662 29.674162 0.000000
6.103094 0.178263 29.660377 0.000000
6.123104 0.180594 29.666667 0.000000
6.143114 0.178614 29.679558 0.000000
6.163124 0.181960 29.666667 0.000000
6.183135 0.181326 29.675385 0.000000
6.203145 0.177769 29.654611 0.000000
6.223155 0.181379 29.684706 0.000000
6.243165 0.179363 29.661290 0.000000
6.263175 0.180629 29.680000 0.000000
