serial number: JANUSZ_3_RI70_21414867
torque: 8
start_temp: 31 (24)
finish_temp: 31 (24)
note: zdjęty z robota, soft oryginalny, oś4
0.000000 0.225032 31.000000 0.000000
0.020010 0.231554 31.000000 0.000000
0.040020 0.232101 31.000000 0.000000
0.060030 0.224904 31.000000 0.000000
0.080041 0.233509 31.000000 0.000000
0.100051 0.225813 31.000000 0.000000
0.120061 0.228080 31.000000 0.000000
0.140071 0.232969 31.000000 0.000000
0.160081 0.226291 31.000000 0.000000
0.180091 0.233947 31.000000 0.000000
0.200101 0.231180 31.000000 0.000000
0.220112 0.228394 31.000000 0.000000
0.240122 0.235709 31.000000 0.000000
0.260132 0.227616 31.000000 0.000000
0.280142 0.233684 31.000000 0.000000
0.300152 0.233995 31.000000 0.000000
0.320162 0.227148 31.000000 0.000000
0.340172 0.236082 31.000000 0.000000
0.360183 0.229718 31.000000 0.000000
0.380193 0.232101 31.000000 0.000000
0.400203 0.235281 31.000000 0.000000
0.420213 0.226124 31.000000 0.000000
0.440223 0.232836 31.000000 0.000000
0.460233 0.229923 31.000000 0.000000
0.480243 0.228672 31.000000 0.000000
0.500254 0.235478 31.000000 0.000000
0.520264 0.224867 31.000000 0.000000
0.540274 0.230772 31.000000 0.000000
0.560284 0.230808 31.000000 0.000000
0.580294 0.224710 31.000000 0.000000
0.600304 0.231521 31.000000 0.000000
0.620314 0.224127 31.000000 0.000000
0.640325 0.227746 31.000000 0.000000
0.660335 0.231117 31.000000 0.000000
0.680345 0.221852 31.000000 0.000000
0.700355 0.228839 31.000000 0.000000
0.720365 0.226188 31.000000 0.000000
0.740375 0.224750 31.000000 0.000000
0.760385 0.231784 31.000000 0.000000
0.780396 0.220221 31.000000 0.000000
0.800406 0.227259 31.000000 0.000000
0.820416 0.227792 31.000000 0.000000
0.840426 0.223265 31.000000 0.000000
0.860436 0.231204 31.000000 0.000000
0.880446 0.222367 31.000000 0.000000
0.900456 0.227117 31.000000 0.000000
0.920467 0.230472 31.000000 0.000000
0.940477 0.219657 31.000000 0.000000
0.960487 0.228052 31.000000 0.000000
0.980497 0.222621 31.000000 0.000000
1.000507 0.220932 31.000000 0.000000
1.020517 0.226790 31.000000 0.000000
1.040528 0.215294 31.000000 0.000000
1.060538 0.224589 31.000000 0.000000
1.080548 0.223707 31.000000 0.000000
1.100558 0.217899 31.000000 0.000000
1.120568 0.226896 31.000000 0.000000
1.140578 0.217830 31.000000 0.000000
1.160588 0.223118 31.000000 0.000000
1.180599 0.226168 31.000000 0.000000
1.200609 0.213639 31.000000 0.000000
1.220619 0.224124 31.000000 0.000000
1.240629 0.219265 31.000000 0.000000
1.260639 0.219351 31.000000 0.000000
1.280649 0.225175 31.000000 0.000000
1.300659 0.212937 31.000000 0.000000
1.320670 0.222194 31.000000 0.000000
1.340680 0.220567 31.000000 0.000000
1.360690 0.212679 31.000000 0.000000
1.380700 0.222666 31.000000 0.000000
1.400710 0.213474 31.000000 0.000000
1.420720 0.220330 31.000000 0.000000
1.440730 0.223558 31.000000 0.000000
1.460741 0.210164 31.000000 0.000000
1.480751 0.221983 31.000000 0.000000
1.500761 0.215798 31.000000 0.000000
1.520771 0.214709 31.000000 0.000000
1.540781 0.220733 31.000000 0.000000
1.560791 0.208024 31.000000 0.000000
1.580801 0.218524 31.000000 0.000000
1.600812 0.216795 31.000000 0.000000
1.620822 0.209371 31.000000 0.000000
1.640832 0.221685 31.000000 0.000000
1.660842 0.209797 31.000000 0.000000
1.680852 0.216831 31.000000 0.000000
1.700862 0.220355 31.000000 0.000000
1.720872 0.205706 31.000000 0.000000
1.740883 0.220311 31.000000 0.000000
1.760893 0.211531 31.000000 0.000000
1.780903 0.213436 31.000000 0.000000
1.800913 0.221885 31.000000 0.000000
1.820923 0.206643 31.000000 0.000000
1.840933 0.218918 31.000000 0.000000
1.860943 0.214811 31.000000 0.000000
1.880954 0.204985 31.000000 0.000000
1.900964 0.220779 31.000000 0.000000
1.920974 0.207196 31.000000 0.000000
1.940984 0.215509 31.000000 0.000000
1.960994 0.219100 31.000000 0.000000
1.981004 0.203943 31.000000 0.000000
2.001014 0.221587 31.000000 0.000000
2.021025 0.211553 31.000000 0.000000
2.041035 0.212457 31.000000 0.000000
2.061045 0.221275 31.000000 0.000000
2.081055 0.204131 31.000000 0.000000
2.101065 0.218785 31.000000 0.000000
2.121075 0.214398 31.000000 0.000000
2.141085 0.205042 31.000000 0.000000
2.161096 0.221459 31.000000 0.000000
2.181106 0.205040 31.000000 0.000000
2.201116 0.215147 31.000000 0.000000
2.221126 0.216770 31.000000 0.000000
2.241136 0.202389 31.000000 0.000000
2.261146 0.221622 31.000000 0.000000
2.281156 0.208638 31.000000 0.000000
2.301167 0.207908 31.000000 0.000000
2.321177 0.218811 31.000000 0.000000
2.341187 0.202130 31.000000 0.000000
2.361197 0.219652 31.000000 0.000000
2.381207 0.214679 31.000000 0.000000
2.401217 0.204159 31.000000 0.000000
2.421227 0.222755 31.000000 0.000000
2.441238 0.204428 31.000000 0.000000
2.461248 0.214284 31.000000 0.000000
2.481258 0.214807 31.000000 0.000000
2.501268 0.200395 31.000000 0.000000
2.521278 0.219665 31.000000 0.000000
2.541288 0.205743 31.000000 0.000000
2.561298 0.206338 31.000000 0.000000
2.581309 0.218095 31.000000 0.000000
2.601319 0.200083 31.000000 0.000000
2.621329 0.217697 31.000000 0.000000
2.641339 0.211311 31.000000 0.000000
2.661349 0.202802 31.000000 0.000000
2.681359 0.221108 31.000000 0.000000
2.701369 0.200045 31.000000 0.000000
2.721380 0.210788 31.000000 0.000000
2.741390 0.211682 31.000000 0.000000
2.761400 0.197418 31.000000 0.000000
2.781410 0.217665 31.000000 0.000000
2.801420 0.202725 31.000000 0.000000
2.821430 0.202656 31.000000 0.000000
2.841440 0.217900 31.000000 0.000000
2.861451 0.198535 31.000000 0.000000
2.881461 0.215281 31.000000 0.000000
2.901471 0.208170 31.000000 0.000000
2.921481 0.201682 31.000000 0.000000
2.941491 0.220268 31.000000 0.000000
2.961501 0.200118 31.000000 0.000000
2.981511 0.209492 31.000000 0.000000
3.001522 0.213248 31.000000 0.000000
3.021532 0.199443 31.000000 0.000000
3.041542 0.218741 31.000000 0.000000
3.061552 0.203687 31.000000 0.000000
3.081562 0.203979 31.000000 0.000000
3.101572 0.217011 31.000000 0.000000
3.121583 0.197731 31.000000 0.000000
3.141593 0.214223 31.000000 0.000000
3.161603 0.206865 31.000000 0.000000
3.181613 0.202170 31.000000 0.000000
3.201623 0.221394 31.000000 0.000000
3.221633 0.200459 31.000000 0.000000
3.241643 0.208661 31.000000 0.000000
3.261654 0.211322 31.000000 0.000000
3.281664 0.200094 31.000000 0.000000
3.301674 0.218755 31.000000 0.000000
3.321684 0.203178 31.000000 0.000000
3.341694 0.203546 31.000000 0.000000
3.361704 0.216088 31.000000 0.000000
3.381714 0.198826 31.000000 0.000000
3.401725 0.216469 31.000000 0.000000
3.421735 0.208114 31.000000 0.000000
3.441745 0.204092 31.000000 0.000000
3.461755 0.220561 31.000000 0.000000
3.481765 0.202573 31.000000 0.000000
3.501775 0.210755 31.000000 0.000000
3.521785 0.213744 31.000000 0.000000
3.541796 0.203020 31.000000 0.000000
3.561806 0.220680 31.000000 0.000000
3.581816 0.205359 31.000000 0.000000
3.601826 0.210176 31.000000 0.000000
3.621836 0.220252 31.000000 0.000000
3.641846 0.203922 31.000000 0.000000
3.661856 0.219691 31.000000 0.000000
3.681867 0.211371 31.000000 0.000000
3.701877 0.208688 31.000000 0.000000
3.721887 0.222818 31.000000 0.000000
3.741897 0.205520 31.000000 0.000000
3.761907 0.214630 31.000000 0.000000
3.781917 0.214473 31.000000 0.000000
3.801927 0.205289 31.000000 0.000000
3.821938 0.221807 31.000000 0.000000
3.841948 0.207237 31.000000 0.000000
3.861958 0.214229 31.000000 0.000000
3.881968 0.222438 31.000000 0.000000
3.901978 0.206208 31.000000 0.000000
3.921988 0.221238 31.000000 0.000000
3.941998 0.212278 31.000000 0.000000
3.962009 0.211215 31.000000 0.000000
3.982019 0.222283 31.000000 0.000000
4.002029 0.206901 31.000000 0.000000
4.022039 0.219297 31.000000 0.000000
4.042049 0.219465 31.000000 0.000000
4.062059 0.211470 31.000000 0.000000
4.082069 0.225559 31.000000 0.000000
4.102080 0.212627 31.000000 0.000000
4.122090 0.222031 31.000000 0.000000
4.142100 0.227833 31.000000 0.000000
4.162110 0.211918 31.000000 0.000000
4.182120 0.224508 31.000000 0.000000
4.202130 0.215679 31.000000 0.000000
4.222140 0.216902 31.000000 0.000000
4.242151 0.227067 31.000000 0.000000
4.262161 0.211226 31.000000 0.000000
4.282171 0.222117 31.000000 0.000000
4.302181 0.218506 31.000000 0.000000
4.322191 0.212636 31.000000 0.000000
4.342201 0.225642 31.000000 0.000000
4.362211 0.212429 31.000000 0.000000
4.382222 0.220361 31.000000 0.000000
4.402232 0.223269 31.000000 0.000000
4.422242 0.211650 31.000000 0.000000
4.442252 0.223813 31.000000 0.000000
4.462262 0.215226 31.000000 0.000000
4.482272 0.216977 31.000000 0.000000
4.502282 0.224847 31.000000 0.000000
4.522293 0.210431 31.000000 0.000000
4.542303 0.222958 31.000000 0.000000
4.562313 0.219757 31.000000 0.000000
4.582323 0.216696 31.000000 0.000000
4.602333 0.228436 31.000000 0.000000
4.622343 0.214986 31.000000 0.000000
4.642353 0.221514 31.000000 0.000000
4.662364 0.225106 31.000000 0.000000
4.682374 0.217394 31.000000 0.000000
4.702384 0.227544 31.000000 0.000000
4.722394 0.217400 31.000000 0.000000
4.742404 0.216497 31.000000 0.000000
4.762414 0.222915 31.000000 0.000000
4.782424 0.213183 31.000000 0.000000
4.802435 0.224159 31.000000 0.000000
4.822445 0.220445 31.000000 0.000000
4.842455 0.219569 31.000000 0.000000
4.862465 0.227654 31.000000 0.000000
4.882475 0.215659 31.000000 0.000000
4.902485 0.221801 31.000000 0.000000
4.922495 0.223055 31.000000 0.000000
4.942506 0.215001 31.000000 0.000000
4.962516 0.224896 31.000000 0.000000
4.982526 0.213891 31.000000 0.000000
5.002536 0.217642 31.000000 0.000000
5.022546 0.223850 31.000000 0.000000
5.042556 0.213825 31.000000 0.000000
5.062567 0.224723 31.000000 0.000000
5.082577 0.217319 31.000000 0.000000
5.102587 0.214195 31.000000 0.000000
5.122597 0.221463 31.000000 0.000000
5.142607 0.212466 31.000000 0.000000
5.162617 0.221083 31.000000 0.000000
5.182627 0.221704 31.000000 0.000000
5.202638 0.213948 31.000000 0.000000
5.222648 0.224732 31.000000 0.000000
5.242658 0.215002 31.000000 0.000000
5.262668 0.219602 31.000000 0.000000
5.282678 0.224912 31.000000 0.000000
5.302688 0.212709 31.000000 0.000000
5.322698 0.223133 31.000000 0.000000
5.342709 0.216037 31.000000 0.000000
5.362719 0.214932 31.000000 0.000000
5.382729 0.224132 31.000000 0.000000
5.402739 0.214619 31.000000 0.000000
5.422749 0.222886 31.000000 0.000000
5.442759 0.222082 31.000000 0.000000
5.462769 0.214447 31.000000 0.000000
5.482780 0.224527 31.000000 0.000000
5.502790 0.216535 31.000000 0.000000
5.522800 0.221473 31.000000 0.000000
5.542810 0.226576 31.000000 0.000000
5.562820 0.215526 31.000000 0.000000
5.582830 0.223344 31.000000 0.000000
5.602840 0.217800 31.000000 0.000000
5.622851 0.217866 31.000000 0.000000
5.642861 0.224595 31.000000 0.000000
5.662871 0.213507 31.000000 0.000000
5.682881 0.221954 31.000000 0.000000
5.702891 0.221627 31.000000 0.000000
5.722901 0.217812 31.000000 0.000000
5.742911 0.227253 31.000000 0.000000
5.762922 0.217022 31.000000 0.000000
5.782932 0.222637 31.000000 0.000000
5.802942 0.226358 31.000000 0.000000
5.822952 0.218237 31.000000 0.000000
5.842962 0.228640 31.000000 0.000000
5.862972 0.220895 31.000000 0.000000
5.882982 0.221256 31.000000 0.000000
5.902993 0.226807 31.000000 0.000000
5.923003 0.217618 31.000000 0.000000
5.943013 0.226079 31.000000 0.000000
5.963023 0.222878 31.000000 0.000000
5.983033 0.219218 31.000000 0.000000
6.003043 0.228305 31.000000 0.000000
6.023053 0.218923 31.000000 0.000000
6.043064 0.224774 31.000000 0.000000
6.063074 0.226296 31.000000 0.000000
6.083084 0.219781 31.000000 0.000000
6.103094 0.229794 31.000000 0.000000
6.123104 0.222041 31.000000 0.000000
6.143114 0.223836 31.000000 0.000000
6.163124 0.229151 31.000000 0.000000
6.183135 0.221693 31.000000 0.000000
6.203145 0.230950 31.000000 0.000000
6.223155 0.227755 31.000000 0.000000
6.243165 0.224236 31.000000 0.000000
6.263175 0.231713 31.000000 0.000000
