serial number: JANUSZ_3_RI70_21414867
torque: 8
start_temp: 44 (29)
finish_temp: 44 (29)
note: asdf
0.000000 0.285530 44.000000 0.000000
0.020010 0.285372 44.000000 0.000000
0.040020 0.286755 44.000000 0.000000
0.060030 0.286196 44.000000 0.000000
0.080041 0.288340 44.000000 0.000000
0.100051 0.288591 44.000000 0.000000
0.120061 0.288465 44.000000 0.000000
0.140071 0.289610 44.000000 0.000000
0.160081 0.288581 44.000000 0.000000
0.180091 0.287030 44.000000 0.000000
0.200101 0.288465 44.000000 0.000000
0.220112 0.287636 44.000000 0.000000
0.240122 0.289156 44.000000 0.000000
0.260132 0.288881 44.000000 0.000000
0.280142 0.288606 44.000000 0.000000
0.300152 0.288538 44.000000 0.000000
0.320162 0.288442 44.000000 0.000000
0.340172 0.290641 44.000000 0.000000
0.360183 0.288614 44.000000 0.000000
0.380193 0.288264 44.000000 0.000000
0.400203 0.289600 44.000000 0.000000
0.420213 0.286984 44.000000 0.000000
0.440223 0.286442 44.000000 0.000000
0.460233 0.285787 44.000000 0.000000
0.480243 0.283740 44.000000 0.000000
0.500254 0.286602 44.000000 0.000000
0.520264 0.284459 44.000000 0.000000
0.540274 0.287712 44.000000 0.000000
0.560284 0.287172 44.000000 0.000000
0.580294 0.286222 44.000000 0.000000
0.600304 0.287999 44.000000 0.000000
0.620314 0.287312 44.000000 0.000000
0.640325 0.285480 44.000000 0.000000
0.660335 0.285194 44.000000 0.000000
0.680345 0.283339 44.000000 0.000000
0.700355 0.283742 44.000000 0.000000
0.720365 0.283710 44.000000 0.000000
0.740375 0.282524 44.000000 0.000000
0.760385 0.285457 44.000000 0.000000
0.780396 0.281756 44.000000 0.000000
0.800406 0.282017 44.000000 0.000000
0.820416 0.281717 44.000000 0.000000
0.840426 0.278781 44.000000 0.000000
0.860436 0.280055 44.000000 0.000000
0.880446 0.279600 44.000000 0.000000
0.900456 0.280056 44.000000 0.000000
0.920467 0.283693 44.000000 0.000000
0.940477 0.278480 44.000000 0.000000
0.960487 0.280317 44.000000 0.000000
0.980497 0.281189 44.000000 0.000000
1.000507 0.279578 44.000000 0.000000
1.020517 0.281745 44.000000 0.000000
1.040528 0.279076 44.000000 0.000000
1.060538 0.280680 44.000000 0.000000
1.080548 0.282085 44.000000 0.000000
1.100558 0.279699 44.000000 0.000000
1.120568 0.279602 44.000000 0.000000
1.140578 0.278553 44.000000 0.000000
1.160588 0.278619 44.000000 0.000000
1.180599 0.281597 44.000000 0.000000
1.200609 0.277581 44.000000 0.000000
1.220619 0.278513 44.000000 0.000000
1.240629 0.280119 44.000000 0.000000
1.260639 0.279249 44.000000 0.000000
1.280649 0.279750 44.000000 0.000000
1.300659 0.279252 43.998400 0.000000
1.320670 0.279675 43.995854 0.000000
1.340680 0.281386 44.000000 0.000000
1.360690 0.278502 44.000000 0.000000
1.380700 0.279783 44.000000 0.000000
1.400710 0.279347 44.000000 0.000000
1.420720 0.279663 44.000000 0.000000
1.440730 0.279599 44.000000 0.000000
1.460741 0.275759 44.000000 0.000000
1.480751 0.277615 44.000000 0.000000
1.500761 0.278993 44.000000 0.000000
1.520771 0.276961 44.000000 0.000000
1.540781 0.280194 44.000000 0.000000
1.560791 0.278285 44.000000 0.000000
1.580801 0.277614 44.000000 0.000000
1.600812 0.280016 44.000000 0.000000
1.620822 0.275323 44.000000 0.000000
1.640832 0.277093 44.000000 0.000000
1.660842 0.277216 44.000000 0.000000
1.680852 0.276756 44.000000 0.000000
1.700862 0.280179 44.000000 0.000000
1.720872 0.275313 44.000000 0.000000
1.740883 0.276556 44.000000 0.000000
1.760893 0.277331 44.000000 0.000000
1.780903 0.274753 44.000000 0.000000
1.800913 0.278334 44.000000 0.000000
1.820923 0.277123 44.000000 0.000000
1.840933 0.279804 44.000000 0.000000
1.860943 0.283898 44.000000 0.000000
1.880954 0.278793 44.000000 0.000000
1.900964 0.281651 44.000000 0.000000
1.920974 0.280256 43.991845 0.000000
1.940984 0.279526 43.991750 0.000000
1.960994 0.282002 44.000000 0.000000
1.981004 0.275916 44.000000 0.000000
2.001014 0.278709 44.000000 0.000000
2.021025 0.280004 44.000000 0.000000
2.041035 0.276336 44.000000 0.000000
2.061045 0.278581 44.000000 0.000000
2.081055 0.275827 44.000000 0.000000
2.101065 0.277964 44.000000 0.000000
2.121075 0.280763 44.000000 0.000000
2.141085 0.278051 44.000000 0.000000
2.161096 0.281280 44.000000 0.000000
2.181106 0.278455 44.000000 0.000000
2.201116 0.277586 44.000000 0.000000
2.221126 0.279343 44.000000 0.000000
2.241136 0.276564 44.000000 0.000000
2.261146 0.279767 44.000000 0.000000
2.281156 0.280717 44.000000 0.000000
2.301167 0.278529 44.000000 0.000000
2.321177 0.283274 44.000000 0.000000
2.341187 0.280885 44.000000 0.000000
2.361197 0.282240 44.000000 0.000000
2.381207 0.284049 44.000000 0.000000
2.401217 0.279657 44.000000 0.000000
2.421227 0.283332 44.000000 0.000000
2.441238 0.281509 44.000000 0.000000
2.461248 0.282499 44.000000 0.000000
2.481258 0.285242 44.000000 0.000000
2.501268 0.280718 44.000000 0.000000
2.521278 0.281566 44.000000 0.000000
2.541288 0.283286 44.000000 0.000000
2.561298 0.280775 44.000000 0.000000
2.581309 0.286206 44.000000 0.000000
2.601319 0.280692 44.000000 0.000000
2.621329 0.283064 44.000000 0.000000
2.641339 0.284290 44.000000 0.000000
2.661349 0.279620 44.000000 0.000000
2.681359 0.281795 44.000000 0.000000
2.701369 0.280865 44.000000 0.000000
2.721380 0.279569 44.000000 0.000000
2.741390 0.283753 44.000000 0.000000
2.761400 0.276882 44.000000 0.000000
2.781410 0.278860 44.000000 0.000000
2.801420 0.280207 44.000000 0.000000
2.821430 0.274648 44.000000 0.000000
2.841440 0.279842 44.000000 0.000000
2.861451 0.275028 44.000000 0.000000
2.881461 0.276447 44.000000 0.000000
2.901471 0.278949 44.000000 0.000000
2.921481 0.274293 44.000000 0.000000
2.941491 0.280175 44.000000 0.000000
2.961501 0.276640 44.000000 0.000000
2.981511 0.276525 44.000000 0.000000
3.001522 0.282532 44.000000 0.000000
3.021532 0.278666 44.000000 0.000000
3.041542 0.282043 44.000000 0.000000
3.061552 0.282066 44.000000 0.000000
3.081562 0.275089 44.000000 0.000000
3.101572 0.280173 44.000000 0.000000
3.121583 0.276093 44.000000 0.000000
3.141593 0.280125 44.000000 0.000000
3.161603 0.283189 44.000000 0.000000
3.181613 0.276302 44.000000 0.000000
3.201623 0.280863 44.000000 0.000000
3.221633 0.279003 44.000000 0.000000
3.241643 0.275806 44.000000 0.000000
3.261654 0.282363 44.000000 0.000000
3.281664 0.276896 44.000000 0.000000
3.301674 0.282008 44.000000 0.000000
3.321684 0.279156 44.000000 0.000000
3.341694 0.274983 44.000000 0.000000
3.361704 0.282463 44.000000 0.000000
3.381714 0.279198 44.000000 0.000000
3.401725 0.277595 44.000000 0.000000
3.421735 0.279787 44.000000 0.000000
3.441745 0.275327 43.994831 0.000000
3.461755 0.279548 43.999509 0.000000
3.481765 0.277872 44.000000 0.000000
3.501775 0.274869 44.000000 0.000000
3.521785 0.282287 44.000000 0.000000
3.541796 0.276902 44.000000 0.000000
3.561806 0.280041 44.000000 0.000000
3.581816 0.280195 44.000000 0.000000
3.601826 0.276327 44.000000 0.000000
3.621836 0.282903 44.000000 0.000000
3.641846 0.276727 44.000000 0.000000
3.661856 0.276990 44.000000 0.000000
3.681867 0.281425 44.000000 0.000000
3.701877 0.276613 44.000000 0.000000
3.721887 0.283395 44.000000 0.000000
3.741897 0.279648 44.000000 0.000000
3.761907 0.278967 44.000000 0.000000
3.781917 0.283774 44.000000 0.000000
3.801927 0.278264 44.000000 0.000000
3.821938 0.281322 44.000000 0.000000
3.841948 0.282557 44.000000 0.000000
3.861958 0.279515 44.000000 0.000000
3.881968 0.285942 44.000000 0.000000
3.901978 0.280697 44.000000 0.000000
3.921988 0.281226 44.000000 0.000000
3.941998 0.285344 44.000000 0.000000
3.962009 0.279715 44.000000 0.000000
3.982019 0.284169 44.000000 0.000000
4.002029 0.279696 44.000000 0.000000
4.022039 0.276485 44.000000 0.000000
4.042049 0.282832 44.000000 0.000000
4.062059 0.277041 44.000000 0.000000
4.082069 0.279971 44.000000 0.000000
4.102080 0.281130 44.000000 0.000000
4.122090 0.277886 44.000000 0.000000
4.142100 0.282886 44.000000 0.000000
4.162110 0.280740 44.000000 0.000000
4.182120 0.281382 44.000000 0.000000
4.202130 0.282733 44.000000 0.000000
4.222140 0.277314 44.000000 0.000000
4.242151 0.282171 44.000000 0.000000
4.262161 0.277834 44.000000 0.000000
4.282171 0.276658 44.000000 0.000000
4.302181 0.280489 44.000000 0.000000
4.322191 0.276969 44.000000 0.000000
4.342201 0.280377 44.000000 0.000000
4.362211 0.278004 44.000000 0.000000
4.382222 0.274389 44.000000 0.000000
4.402232 0.281491 44.000000 0.000000
4.422242 0.276564 44.000000 0.000000
4.442252 0.276541 44.000000 0.000000
4.462262 0.218030 43.994040 0.000000
4.482272 0.252026 43.994643 0.000000
4.502282 0.265071 44.000000 0.000000
4.522293 0.262975 44.000000 0.000000
4.542303 0.265606 44.000000 0.000000
4.562313 0.273272 44.000000 0.000000
4.582323 0.270224 44.000000 0.000000
4.602333 0.275317 44.000000 0.000000
4.622343 0.272165 44.000000 0.000000
4.642353 0.271313 44.000000 0.000000
4.662364 0.275577 44.000000 0.000000
4.682374 0.269125 44.000000 0.000000
4.702384 0.270127 44.000000 0.000000
4.722394 0.270368 44.000000 0.000000
4.742404 0.264686 43.994320 0.000000
4.762414 0.268360 43.999779 0.000000
4.782424 0.266014 44.000000 0.000000
4.802435 0.266682 44.000000 0.000000
4.822445 0.268465 44.000000 0.000000
4.842455 0.265760 44.000000 0.000000
4.862465 0.268784 44.000000 0.000000
4.882475 0.267197 44.000000 0.000000
4.902485 0.265727 44.000000 0.000000
4.922495 0.271593 44.000000 0.000000
4.942506 0.267249 44.000000 0.000000
4.962516 0.269070 44.000000 0.000000
4.982526 0.268573 44.000000 0.000000
5.002536 0.264890 44.000000 0.000000
5.022546 0.269751 44.000000 0.000000
5.042556 0.265225 44.000000 0.000000
5.062567 0.264067 44.000000 0.000000
5.082577 0.268801 44.000000 0.000000
5.102587 0.266786 44.000000 0.000000
5.122597 0.268790 44.000000 0.000000
5.142607 0.268619 44.000000 0.000000
5.162617 0.267690 44.000000 0.000000
5.182627 0.271306 44.000000 0.000000
5.202638 0.268068 44.000000 0.000000
5.222648 0.268467 44.000000 0.000000
5.242658 0.270960 44.000000 0.000000
5.262668 0.269539 44.000000 0.000000
5.282678 0.272427 44.000000 0.000000
5.302688 0.269828 44.000000 0.000000
5.322698 0.270629 44.000000 0.000000
5.342709 0.273562 44.000000 0.000000
5.362719 0.268637 44.000000 0.000000
5.382729 0.270497 44.000000 0.000000
5.402739 0.271266 44.000000 0.000000
5.422749 0.269415 44.000000 0.000000
5.442759 0.272305 44.000000 0.000000
5.462769 0.270540 44.000000 0.000000
5.482780 0.272600 44.000000 0.000000
5.502790 0.277010 44.000000 0.000000
5.522800 0.275492 44.000000 0.000000
5.542810 0.277656 44.000000 0.000000
5.562820 0.275444 44.000000 0.000000
5.582830 0.278774 44.000000 0.000000
5.602840 0.278131 44.000000 0.000000
5.622851 0.276977 44.000000 0.000000
5.642861 0.277325 44.000000 0.000000
5.662871 0.279947 44.000000 0.000000
5.682881 0.280396 44.000000 0.000000
5.702891 0.281547 44.000000 0.000000
5.722901 0.280261 44.000000 0.000000
5.742911 0.281589 44.000000 0.000000
5.762922 0.279434 44.000000 0.000000
5.782932 0.278239 44.000000 0.000000
5.802942 0.280941 44.000000 0.000000
5.822952 0.279534 44.000000 0.000000
5.842962 0.280437 44.000000 0.000000
5.862972 0.280604 44.000000 0.000000
5.882982 0.279902 44.000000 0.000000
5.902993 0.284045 44.000000 0.000000
5.923003 0.283318 44.000000 0.000000
5.943013 0.283819 44.000000 0.000000
5.963023 0.284910 44.000000 0.000000
5.983033 0.282097 44.000000 0.000000
6.003043 0.283118 44.000000 0.000000
6.023053 0.285249 44.000000 0.000000
6.043064 0.282791 44.000000 0.000000
6.063074 0.287206 44.000000 0.000000
6.083084 0.282571 44.000000 0.000000
6.103094 0.285062 44.000000 0.000000
6.123104 0.284518 44.000000 0.000000
6.143114 0.284540 44.000000 0.000000
6.163124 0.285532 44.000000 0.000000
6.183135 0.283523 43.997347 0.000000
6.203145 0.283827 43.996962 0.000000
6.223155 0.283872 44.000000 0.000000
6.243165 0.282214 44.000000 0.000000
6.263175 0.283273 44.000000 0.000000
