serial number: JANUSZ_3_RI70_21414867
torque: 8
start_temp: 30 (23)
finish_temp: 29 (24)
note: telepie sie na wysokim speedzie, rezonacja?, przepuszczono
0.000000 0.128235 29.662835 0.000000
0.020010 0.138437 29.670103 0.000000
0.040020 0.136988 29.659574 0.000000
0.060030 0.133565 29.660793 0.000000
0.080041 0.140113 29.659686 0.000000
0.100051 0.131480 29.650794 0.000000
0.120061 0.137594 29.666667 0.000000
0.140071 0.138351 29.657407 0.000000
0.160081 0.129445 29.658537 0.000000
0.180091 0.141075 29.664921 0.000000
0.200101 0.133381 29.654618 0.000000
0.220112 0.135824 29.672897 0.000000
0.240122 0.137878 29.663366 0.000000
0.260132 0.130929 29.660079 0.000000
0.280142 0.138905 29.663265 0.000000
0.300152 0.135059 29.656652 0.000000
0.320162 0.131890 33.193966 0.000000
0.340172 0.138541 29.663265 0.000000
0.360183 0.130590 29.662745 0.000000
0.380193 0.137388 29.665025 0.000000
0.400203 0.136172 29.654545 0.000000
0.420213 0.129988 29.650407 0.000000
0.440223 0.139131 29.664921 0.000000
0.460233 0.130032 29.654902 0.000000
0.480243 0.134643 29.657407 0.000000
0.500254 0.138338 29.653465 0.000000
0.520264 0.127375 29.660232 0.000000
0.540274 0.137548 29.666667 0.000000
0.560284 0.133342 29.648536 0.000000
0.580294 0.131412 29.662338 0.000000
0.600304 0.139217 29.671795 0.000000
0.620314 0.127525 29.665399 0.000000
0.640325 0.135926 29.655172 0.000000
0.660335 0.132615 29.657778 0.000000
0.680345 0.128224 29.658635 0.000000
0.700355 0.136041 29.670000 0.000000
0.720365 0.128949 29.666667 0.000000
0.740375 0.132356 29.657658 0.000000
0.760385 0.136106 29.655502 0.000000
0.780396 0.126080 29.660232 0.000000
0.800406 0.135199 29.658905 0.000000
0.820416 0.131032 29.660741 0.000000
0.840426 0.130661 29.670996 0.000000
0.860436 0.137142 29.660905 0.000000
0.880446 0.125844 29.651045 0.000000
0.900456 0.134452 29.660194 0.000000
0.920467 0.133937 29.662222 0.000000
0.940477 0.126064 29.666667 0.000000
0.960487 0.134178 29.670000 0.000000
0.980497 0.125890 29.661654 0.000000
1.000507 0.130142 29.662100 0.000000
1.020517 0.134755 29.666667 0.000000
1.040528 0.121102 29.664234 0.000000
1.060538 0.132936 29.673267 0.000000
1.080548 0.126163 29.664062 0.000000
1.100558 0.127767 29.661017 0.000000
1.120568 0.132887 29.666667 0.000000
1.140578 0.120813 29.660714 0.000000
1.160588 0.131124 29.666667 0.000000
1.180599 0.129842 29.668085 0.000000
1.200609 0.122450 29.671440 0.000000
1.220619 0.130438 29.646049 0.000000
1.240629 0.123437 30.000000 0.000000
1.260639 0.128784 30.000000 0.000000
1.280649 0.131932 30.000000 0.000000
1.300659 0.118163 30.000000 0.000000
1.320670 0.132526 30.000000 0.000000
1.340680 0.127400 30.000000 0.000000
1.360690 0.125212 30.000000 0.000000
1.380700 0.129963 30.000000 0.000000
1.400710 0.117719 29.997263 0.000000
1.420720 0.129314 29.989565 0.000000
1.440730 0.129331 29.999748 0.000000
1.460741 0.120347 30.000000 0.000000
1.480751 0.132401 30.000000 0.000000
1.500761 0.117886 29.989418 0.000000
1.520771 0.127143 30.000000 0.000000
1.540781 0.129823 30.000000 0.000000
1.560791 0.116452 30.000000 0.000000
1.580801 0.131790 30.000000 0.000000
1.600812 0.120670 30.000000 0.000000
1.620822 0.122683 29.987500 0.000000
1.640832 0.128506 30.000000 0.000000
1.660842 0.116120 30.000000 0.000000
1.680852 0.128533 29.984571 0.000000
1.700862 0.130296 29.964528 0.000000
1.720872 0.121067 29.981503 0.000000
1.740883 0.135664 30.000000 0.000000
1.760893 0.121539 29.994624 0.000000
1.780903 0.131246 30.000000 0.000000
1.800913 0.133506 30.000000 0.000000
1.820923 0.116482 29.978811 0.000000
1.840933 0.132871 29.977518 0.000000
1.860943 0.123984 29.955056 0.000000
1.880954 0.124740 29.958462 0.000000
1.900964 0.132605 29.934000 0.000000
1.920974 0.117019 29.988063 0.000000
1.940984 0.131961 29.963235 0.000000
1.960994 0.128025 29.938667 0.000000
1.981004 0.117425 29.933721 0.000000
2.001014 0.134423 29.896889 0.000000
2.021025 0.117836 29.881875 0.000000
2.041035 0.131550 29.901143 0.000000
2.061045 0.133206 29.914967 0.000000
2.081055 0.116730 29.967293 0.000000
2.101065 0.131319 29.930588 0.000000
2.121075 0.123210 29.891492 0.000000
2.141085 0.122458 29.854340 0.000000
2.161096 0.132610 29.875745 0.000000
2.181106 0.115310 29.837551 0.000000
2.201116 0.130908 29.862857 0.000000
2.221126 0.127740 29.879529 0.000000
2.241136 0.115986 29.914353 0.000000
2.261146 0.137797 29.786866 0.000000
2.281156 0.118203 29.813613 0.000000
2.301167 0.131388 29.819714 0.000000
2.321177 0.132753 29.773245 0.000000
2.341187 0.114579 29.800214 0.000000
2.361197 0.135404 29.760916 0.000000
2.381207 0.122114 29.752350 0.000000
2.401217 0.121499 29.733846 0.000000
2.421227 0.132829 29.715245 0.000000
2.441238 0.113537 29.700204 0.000000
2.461248 0.134115 29.668000 0.000000
2.481258 0.127333 29.667209 0.000000
2.501268 0.116996 29.672235 0.000000
2.521278 0.134426 29.666765 0.000000
2.541288 0.117562 29.664948 0.000000
2.561298 0.130043 29.650000 0.000000
2.581309 0.131190 29.635897 0.000000
2.601319 0.113851 29.561730 0.000000
2.621329 0.134951 29.578947 0.000000
2.641339 0.120953 29.625081 0.000000
2.661349 0.121473 29.552308 0.000000
2.681359 0.131698 29.615890 0.000000
2.701369 0.109866 29.569353 0.000000
2.721380 0.132249 29.569023 0.000000
2.741390 0.121165 29.537680 0.000000
2.761400 0.113168 29.514451 0.000000
2.781410 0.132580 29.492647 0.000000
2.801420 0.112731 29.534527 0.000000
2.821430 0.124013 29.531233 0.000000
2.841440 0.126524 29.524390 0.000000
2.861451 0.110900 29.518085 0.000000
2.881461 0.134497 29.529091 0.000000
2.901471 0.117875 29.501361 0.000000
2.921481 0.120255 29.525641 0.000000
2.941491 0.132450 29.500000 0.000000
2.961501 0.108255 29.524752 0.000000
2.981511 0.131503 29.520597 0.000000
3.001522 0.119812 29.512308 0.000000
3.021532 0.114452 29.514620 0.000000
3.041542 0.132844 29.492857 0.000000
3.061552 0.113579 29.515152 0.000000
3.081562 0.125668 29.517241 0.000000
3.101572 0.128906 29.503106 0.000000
3.121583 0.110817 29.510753 0.000000
3.141593 0.133326 29.503759 0.000000
3.161603 0.116160 29.497436 0.000000
3.181613 0.117762 29.500000 0.000000
3.201623 0.131977 29.489796 0.000000
3.221633 0.110904 29.517766 0.000000
3.241643 0.129710 29.507353 0.000000
3.261654 0.117576 29.505263 0.000000
3.281664 0.114639 29.502959 0.000000
3.301674 0.131475 29.500000 0.000000
3.321684 0.110783 29.509804 0.000000
3.341694 0.123120 29.506849 0.000000
3.361704 0.124345 29.494118 0.000000
3.381714 0.108748 29.510638 0.000000
3.401725 0.134077 29.507463 0.000000
3.421735 0.114335 29.505051 0.000000
3.441745 0.123403 29.506667 0.000000
3.461755 0.133168 29.500000 0.000000
3.481765 0.114009 29.502646 0.000000
3.501775 0.133946 29.503759 0.000000
3.521785 0.123043 29.500000 0.000000
3.541796 0.120246 29.500000 0.000000
3.561806 0.136219 29.503650 0.000000
3.581816 0.117757 29.497382 0.000000
3.601826 0.128110 29.503546 0.000000
3.621836 0.132672 29.503185 0.000000
3.641846 0.114691 29.500000 0.000000
3.661856 0.135477 29.500000 0.000000
3.681867 0.119076 29.500000 0.000000
3.701877 0.125816 29.496644 0.000000
3.721887 0.137352 29.486111 0.000000
3.741897 0.117169 29.497297 0.000000
3.761907 0.132052 29.496241 0.000000
3.781917 0.122164 29.508197 0.000000
3.801927 0.118495 29.509317 0.000000
3.821938 0.135244 29.503650 0.000000
3.841948 0.117854 29.510417 0.000000
3.861958 0.131078 29.489209 0.000000
3.881968 0.134367 29.496774 0.000000
3.901978 0.118300 29.505747 0.000000
3.921988 0.138363 29.492308 0.000000
3.941998 0.122862 29.508380 0.000000
3.962009 0.130891 29.500000 0.000000
3.982019 0.138257 29.500000 0.000000
4.002029 0.120828 29.508287 0.000000
4.022039 0.133842 29.500000 0.000000
4.042049 0.126296 29.491525 0.000000
4.062059 0.126446 29.503311 0.000000
4.082069 0.141347 29.481203 0.000000
4.102080 0.120541 29.510870 0.000000
4.122090 0.132253 29.507353 0.000000
4.142100 0.130546 29.493976 0.000000
4.162110 0.120626 29.500000 0.000000
4.182120 0.140230 29.503876 0.000000
4.202130 0.122441 29.500000 0.000000
4.222140 0.127553 29.493056 0.000000
4.242151 0.131391 29.500000 0.000000
4.262161 0.118609 29.502793 0.000000
4.282171 0.135736 29.492308 0.000000
4.302181 0.125619 29.491525 0.000000
4.322191 0.123093 29.503185 0.000000
4.342201 0.136954 29.500000 0.000000
4.362211 0.118825 29.491892 0.000000
4.382222 0.133167 29.492537 0.000000
4.402232 0.130014 29.491018 0.000000
4.422242 0.125557 29.493750 0.000000
4.442252 0.139119 29.511450 0.000000
4.462262 0.121911 29.505376 0.000000
4.482272 0.131858 29.496296 0.000000
4.502282 0.135800 29.486842 0.000000
4.522293 0.123975 29.494118 0.000000
4.542303 0.135001 29.515152 0.000000
4.562313 0.121883 29.505376 0.000000
4.582323 0.122674 29.509934 0.000000
4.602333 0.133146 29.503448 0.000000
4.622343 0.120302 29.497238 0.000000
4.642353 0.134239 29.500000 0.000000
4.662364 0.129806 29.502924 0.000000
4.682374 0.124244 29.496815 0.000000
4.702384 0.134693 29.496403 0.000000
4.722394 0.120273 29.508108 0.000000
4.742404 0.129663 29.503597 0.000000
4.762414 0.135973 29.500000 0.000000
4.782424 0.123050 29.493976 0.000000
4.802435 0.134622 29.500000 0.000000
4.822445 0.121037 29.494565 0.000000
4.842455 0.124642 29.496689 0.000000
4.862465 0.132194 29.489933 0.000000
4.882475 0.120431 29.497207 0.000000
4.902485 0.130762 29.503650 0.000000
4.922495 0.124105 29.505747 0.000000
4.942506 0.122780 29.484277 0.000000
4.962516 0.130837 29.496503 0.000000
4.982526 0.122710 29.494505 0.000000
5.002536 0.130810 29.485294 0.000000
5.022546 0.133049 29.493671 0.000000
5.042556 0.119567 29.494253 0.000000
5.062567 0.129495 29.489051 0.000000
5.082577 0.121844 29.491892 0.000000
5.102587 0.128865 29.482517 0.000000
5.122597 0.132760 29.496689 0.000000
5.142607 0.119800 29.494382 0.000000
5.162617 0.129104 29.485294 0.000000
5.182627 0.122786 29.500000 0.000000
5.202638 0.121947 29.500000 0.000000
5.222648 0.132700 29.514925 0.000000
5.242658 0.118509 29.505319 0.000000
5.262668 0.127775 29.492958 0.000000
5.282678 0.129201 29.496933 0.000000
5.302688 0.119092 29.491329 0.000000
5.322698 0.134031 29.484848 0.000000
5.342709 0.122084 29.500000 0.000000
5.362719 0.129924 29.500000 0.000000
5.382729 0.131002 29.500000 0.000000
5.402739 0.120796 29.483146 0.000000
5.422749 0.128191 29.474820 0.000000
5.442759 0.125953 29.494318 0.000000
5.462769 0.125768 29.509677 0.000000
5.482780 0.132558 29.500000 0.000000
5.502790 0.120311 29.502703 0.000000
5.522800 0.130456 29.492754 0.000000
5.542810 0.129960 29.490683 0.000000
5.562820 0.110432 29.600000 0.000000
5.582830 0.122078 29.686636 0.000000
5.602840 0.121221 29.669065 0.000000
5.622851 0.129836 29.666667 0.000000
5.642861 0.133327 29.657658 0.000000
5.662871 0.122520 29.661654 0.000000
5.682881 0.133738 29.664948 0.000000
5.702891 0.129788 29.652344 0.000000
5.722901 0.128481 29.665198 0.000000
5.742911 0.136844 29.655172 0.000000
5.762922 0.123392 29.660517 0.000000
5.782932 0.135019 29.668342 0.000000
5.802942 0.133573 29.661157 0.000000
5.822952 0.125762 29.661157 0.000000
5.842962 0.135405 29.663265 0.000000
5.862972 0.127027 29.659091 0.000000
5.882982 0.132901 29.658768 0.000000
5.902993 0.135370 29.649770 0.000000
5.923003 0.127180 29.664062 0.000000
5.943013 0.137871 29.664921 0.000000
5.963023 0.132115 29.646586 0.000000
5.983033 0.131085 29.659193 0.000000
6.003043 0.137742 29.648780 0.000000
6.023053 0.127128 29.666667 0.000000
6.043064 0.135836 29.665000 0.000000
6.063074 0.135554 29.654008 0.000000
6.083084 0.130505 29.662393 0.000000
6.103094 0.136002 29.646465 0.000000
6.123104 0.129937 29.660232 0.000000
6.143114 0.135155 29.655172 0.000000
6.163124 0.136592 29.652968 0.000000
6.183135 0.127425 29.662745 0.000000
6.203145 0.136145 29.651282 0.000000
6.223155 0.131652 29.665339 0.000000
6.243165 0.132285 29.660550 0.000000
6.263175 0.137310 29.661692 0.000000
