serial number: JANUSZ_3_RI70_21414867
torque: 8
start_temp: 31 (32)
finish_temp: 30 (31)
note: na PCB 3 3
0.000000 0.193864 30.332688 0.000000
0.020010 0.195200 30.298723 0.000000
0.040020 0.196076 30.340857 0.000000
0.060030 0.195257 30.318222 0.000000
0.080041 0.197200 30.322500 0.000000
0.100051 0.194256 30.319762 0.000000
0.120061 0.196488 30.329744 0.000000
0.140071 0.197736 30.310625 0.000000
0.160081 0.194670 30.319565 0.000000
0.180091 0.195831 30.312977 0.000000
0.200101 0.194383 30.324841 0.000000
0.220112 0.194324 30.301860 0.000000
0.240122 0.196639 30.290000 0.000000
0.260132 0.193278 30.313333 0.000000
0.280142 0.195244 30.316547 0.000000
0.300152 0.196277 30.333333 0.000000
0.320162 0.194546 30.313591 0.000000
0.340172 0.194533 30.300323 0.000000
0.360183 0.191892 30.322034 0.000000
0.380193 0.192670 30.319739 0.000000
0.400203 0.193799 30.288296 0.000000
0.420213 0.190487 30.314681 0.000000
0.440223 0.191003 30.287164 0.000000
0.460233 0.190503 30.330424 0.000000
0.480243 0.191231 30.324337 0.000000
0.500254 0.191734 30.327500 0.000000
0.520264 0.189577 30.317053 0.000000
0.540274 0.190742 30.280839 0.000000
0.560284 0.191096 30.307651 0.000000
0.580294 0.189484 30.317377 0.000000
0.600304 0.189528 30.295504 0.000000
0.620314 0.188266 30.305393 0.000000
0.640325 0.189880 30.319241 0.000000
0.660335 0.189938 30.300000 0.000000
0.680345 0.186815 30.319149 0.000000
0.700355 0.187164 30.318841 0.000000
0.720365 0.185631 30.310296 0.000000
0.740375 0.186929 30.247168 0.000000
0.760385 0.188172 30.225038 0.000000
0.780396 0.187017 30.162737 0.000000
0.800406 0.186938 30.093973 0.000000
0.820416 0.188069 30.105405 0.000000
0.840426 0.185173 30.065263 0.000000
0.860436 0.184629 30.066260 0.000000
0.880446 0.185141 30.026882 0.000000
0.900456 0.186856 30.014615 0.000000
0.920467 0.186653 30.016522 0.000000
0.940477 0.185342 30.004767 0.000000
0.960487 0.185608 30.003768 0.000000
0.980497 0.185555 30.000000 0.000000
1.000507 0.185465 30.000000 0.000000
1.020517 0.185597 30.014493 0.000000
1.040528 0.184767 30.000000 0.000000
1.060538 0.185505 30.000000 0.000000
1.080548 0.185101 30.000000 0.000000
1.100558 0.183704 30.000000 0.000000
1.120568 0.184162 30.000000 0.000000
1.140578 0.185464 30.000000 0.000000
1.160588 0.187073 30.000000 0.000000
1.180599 0.187440 30.000000 0.000000
1.200609 0.186546 30.000000 0.000000
1.220619 0.186916 30.000000 0.000000
1.240629 0.187415 30.000000 0.000000
1.260639 0.187829 30.000000 0.000000
1.280649 0.186590 30.000000 0.000000
1.300659 0.186982 30.000000 0.000000
1.320670 0.188155 30.000000 0.000000
1.340680 0.188271 30.000000 0.000000
1.360690 0.187163 30.000000 0.000000
1.380700 0.187413 30.000000 0.000000
1.400710 0.186947 30.000000 0.000000
1.420720 0.188798 30.000000 0.000000
1.440730 0.188395 30.000000 0.000000
1.460741 0.189081 30.000000 0.000000
1.480751 0.190013 30.000000 0.000000
1.500761 0.190274 30.000000 0.000000
1.520771 0.191217 30.000000 0.000000
1.540781 0.191115 30.000000 0.000000
1.560791 0.191941 30.000000 0.000000
1.580801 0.192398 30.000000 0.000000
1.600812 0.193176 30.000000 0.000000
1.620822 0.192794 30.000000 0.000000
1.640832 0.192694 30.000000 0.000000
1.660842 0.193563 30.000000 0.000000
1.680852 0.195035 30.000000 0.000000
1.700862 0.193163 30.000000 0.000000
1.720872 0.193266 30.000000 0.000000
1.740883 0.194326 30.000000 0.000000
1.760893 0.195174 30.000000 0.000000
1.780903 0.196443 30.000000 0.000000
1.800913 0.194885 30.000000 0.000000
1.820923 0.195747 30.000000 0.000000
1.840933 0.196260 30.000000 0.000000
1.860943 0.194575 30.000000 0.000000
1.880954 0.195077 30.000000 0.000000
1.900964 0.193439 30.000000 0.000000
1.920974 0.193467 30.000000 0.000000
1.940984 0.195370 30.000000 0.000000
1.960994 0.193633 30.000000 0.000000
1.981004 0.194426 30.000000 0.000000
2.001014 0.194103 30.000000 0.000000
2.021025 0.194437 30.000000 0.000000
2.041035 0.194862 30.000000 0.000000
2.061045 0.193196 30.000000 0.000000
2.081055 0.193998 30.000000 0.000000
2.101065 0.193911 30.000000 0.000000
2.121075 0.193395 30.000000 0.000000
2.141085 0.194099 30.000000 0.000000
2.161096 0.193173 30.000000 0.000000
2.181106 0.193775 30.000000 0.000000
2.201116 0.196028 30.000000 0.000000
2.221126 0.192798 30.000000 0.000000
2.241136 0.194156 30.000000 0.000000
2.261146 0.193527 30.000000 0.000000
2.281156 0.193685 30.000000 0.000000
2.301167 0.196055 30.000000 0.000000
2.321177 0.192123 30.000000 0.000000
2.341187 0.194253 30.000000 0.000000
2.361197 0.195132 30.000000 0.000000
2.381207 0.192588 30.000000 0.000000
2.401217 0.194373 30.000000 0.000000
2.421227 0.192717 30.000000 0.000000
2.441238 0.192431 30.000000 0.000000
2.461248 0.193624 30.000000 0.000000
2.481258 0.190957 30.000000 0.000000
2.501268 0.192369 30.000000 0.000000
2.521278 0.190834 30.000000 0.000000
2.541288 0.189134 30.000000 0.000000
2.561298 0.190536 30.000000 0.000000
2.581309 0.188096 30.000000 0.000000
2.601319 0.190530 30.000000 0.000000
2.621329 0.191937 30.000000 0.000000
2.641339 0.189020 30.000000 0.000000
2.661349 0.190600 30.000000 0.000000
2.681359 0.188314 30.000000 0.000000
2.701369 0.189008 30.000000 0.000000
2.721380 0.191979 30.000000 0.000000
2.741390 0.187567 30.000000 0.000000
2.761400 0.190712 30.000000 0.000000
2.781410 0.189689 30.000000 0.000000
2.801420 0.187984 30.000000 0.000000
2.821430 0.188666 30.000000 0.000000
2.841440 0.184896 30.000000 0.000000
2.861451 0.188516 30.000000 0.000000
2.881461 0.188518 30.000000 0.000000
2.901471 0.184383 30.000000 0.000000
2.921481 0.185616 30.000000 0.000000
2.941491 0.184250 30.000000 0.000000
2.961501 0.186320 30.000000 0.000000
2.981511 0.187926 30.000000 0.000000
3.001522 0.182248 30.000000 0.000000
3.021532 0.183307 30.000000 0.000000
3.041542 0.185146 30.000000 0.000000
3.061552 0.182759 30.000000 0.000000
3.081562 0.184864 30.000000 0.000000
3.101572 0.181513 30.000000 0.000000
3.121583 0.184122 30.000000 0.000000
3.141593 0.147522 30.370755 0.000000
3.161603 0.171675 30.290000 0.000000
3.181613 0.179854 30.254386 0.000000
3.201623 0.179462 30.274194 0.000000
3.221633 0.181969 30.251880 0.000000
3.241643 0.183134 30.252688 0.000000
3.261654 0.178843 30.258621 0.000000
3.281664 0.183688 30.244726 0.000000
3.301674 0.184108 30.251397 0.000000
3.321684 0.182677 30.262745 0.000000
3.341694 0.185181 30.242424 0.000000
3.361704 0.182673 30.259434 0.000000
3.381714 0.186352 30.247967 0.000000
3.401725 0.187158 30.241379 0.000000
3.421735 0.181420 30.253968 0.000000
3.441745 0.184949 30.245283 0.000000
3.461755 0.182714 30.248677 0.000000
3.481765 0.184361 30.247148 0.000000
3.501775 0.186186 30.250000 0.000000
3.521785 0.181164 30.246753 0.000000
3.541796 0.185388 30.242424 0.000000
3.561806 0.185612 30.244444 0.000000
3.581816 0.183190 30.255725 0.000000
3.601826 0.185855 30.238095 0.000000
3.621836 0.183245 30.250000 0.000000
3.641846 0.187402 30.236000 0.000000
3.661856 0.187948 30.235294 0.000000
3.681867 0.183369 30.255061 0.000000
3.701877 0.187915 30.233333 0.000000
3.721887 0.186217 30.256216 0.000000
3.741897 0.186492 30.241699 0.000000
3.761907 0.186501 30.243094 0.000000
3.781917 0.183010 30.257642 0.000000
3.801927 0.188820 30.234513 0.000000
3.821938 0.188681 30.244318 0.000000
3.841948 0.185981 30.252964 0.000000
3.861958 0.188215 30.240838 0.000000
3.881968 0.186286 30.253659 0.000000
3.901978 0.189788 30.243802 0.000000
3.921988 0.190161 30.251429 0.000000
3.941998 0.185132 30.247967 0.000000
3.962009 0.190782 30.246244 0.000000
3.982019 0.188976 30.245967 0.000000
4.002029 0.188771 30.243137 0.000000
4.022039 0.189885 30.218935 0.000000
4.042049 0.186087 30.244541 0.000000
4.062059 0.190875 30.238938 0.000000
4.082069 0.189852 30.244048 0.000000
4.102080 0.187325 30.247059 0.000000
4.122090 0.190483 30.247368 0.000000
4.142100 0.188365 30.248780 0.000000
4.162110 0.191055 30.245763 0.000000
4.182120 0.189786 30.244186 0.000000
4.202130 0.185251 30.246964 0.000000
4.222140 0.191113 30.238806 0.000000
4.242151 0.188002 30.237838 0.000000
4.262161 0.187933 30.238268 0.000000
4.282171 0.188575 30.245746 0.000000
4.302181 0.186310 30.246696 0.000000
4.322191 0.191115 30.238739 0.000000
4.342201 0.188646 30.244318 0.000000
4.362211 0.186689 30.253968 0.000000
4.382222 0.190433 30.239362 0.000000
4.402232 0.187343 30.258373 0.000000
4.422242 0.189257 30.233755 0.000000
4.442252 0.188410 30.244828 0.000000
4.462262 0.185450 30.245059 0.000000
4.482272 0.191600 30.239796 0.000000
4.502282 0.188442 30.247368 0.000000
4.522293 0.187385 30.248000 0.000000
4.542303 0.188342 30.247253 0.000000
4.562313 0.184052 30.238298 0.000000
4.582323 0.188264 30.240909 0.000000
4.602333 0.184291 30.245714 0.000000
4.622343 0.182607 30.236830 0.000000
4.642353 0.187453 30.240638 0.000000
4.662364 0.183391 30.265403 0.000000
4.682374 0.185289 30.233633 0.000000
4.702384 0.183341 30.237556 0.000000
4.722394 0.180159 30.248031 0.000000
4.742404 0.184451 30.241546 0.000000
4.762414 0.180241 30.255102 0.000000
4.782424 0.180110 30.233083 0.000000
4.802435 0.183087 30.252747 0.000000
4.822445 0.179968 30.248963 0.000000
4.842455 0.183583 30.244444 0.000000
4.862465 0.180521 30.241075 0.000000
4.882475 0.179046 30.244962 0.000000
4.902485 0.184572 30.236842 0.000000
4.922495 0.179981 30.254698 0.000000
4.942506 0.180717 30.225354 0.000000
4.962516 0.180930 30.256983 0.000000
4.982526 0.176971 30.255725 0.000000
5.002536 0.182075 30.241546 0.000000
5.022546 0.176870 30.252475 0.000000
5.042556 0.177590 30.246212 0.000000
5.062567 0.180562 30.243386 0.000000
5.082577 0.176691 30.255144 0.000000
5.102587 0.179956 30.244635 0.000000
5.122597 0.176828 30.247660 0.000000
5.142607 0.176192 30.245166 0.000000
5.162617 0.180819 30.239796 0.000000
5.182627 0.175917 30.231818 0.000000
5.202638 0.177813 30.242063 0.000000
5.222648 0.180573 30.248478 0.000000
5.242658 0.177068 30.248213 0.000000
5.262668 0.181734 30.240196 0.000000
5.282678 0.179116 30.260000 0.000000
5.302688 0.179190 30.220974 0.000000
5.322698 0.183317 30.235628 0.000000
5.342709 0.178280 30.244500 0.000000
5.362719 0.181852 30.236106 0.000000
5.382729 0.181519 30.247784 0.000000
5.402739 0.179870 30.249071 0.000000
5.422749 0.183500 30.247368 0.000000
5.442759 0.179519 30.258065 0.000000
5.462769 0.180988 30.245944 0.000000
5.482780 0.184454 30.241556 0.000000
5.502790 0.179975 30.244444 0.000000
5.522800 0.183881 30.232929 0.000000
5.542810 0.180779 30.249293 0.000000
5.562820 0.181073 30.282609 0.000000
5.582830 0.184880 30.328467 0.000000
5.602840 0.180729 30.346369 0.000000
5.622851 0.184191 30.323171 0.000000
5.642861 0.184005 30.340580 0.000000
5.662871 0.182507 30.331200 0.000000
5.682881 0.186784 30.329118 0.000000
5.702891 0.183475 30.331394 0.000000
5.722901 0.184307 30.307333 0.000000
5.742911 0.188714 30.304962 0.000000
5.762922 0.183639 30.314792 0.000000
5.782932 0.186989 30.288493 0.000000
5.802942 0.184509 30.330331 0.000000
5.822952 0.184997 30.338624 0.000000
5.842962 0.189800 30.328244 0.000000
5.862972 0.185803 30.331429 0.000000
5.882982 0.188701 30.325333 0.000000
5.902993 0.190392 30.335758 0.000000
5.923003 0.188406 30.317708 0.000000
5.943013 0.191834 30.325758 0.000000
5.963023 0.189363 30.335366 0.000000
5.983033 0.191033 30.325917 0.000000
6.003043 0.195275 30.317209 0.000000
6.023053 0.190115 30.335135 0.000000
6.043064 0.193301 30.306573 0.000000
6.063074 0.193274 30.315804 0.000000
6.083084 0.193229 30.331492 0.000000
6.103094 0.196341 30.324127 0.000000
6.123104 0.192816 30.336185 0.000000
6.143114 0.194600 30.305732 0.000000
6.163124 0.196904 30.330769 0.000000
6.183135 0.194366 30.327869 0.000000
6.203145 0.195510 30.330769 0.000000
6.223155 0.194736 30.330701 0.000000
6.243165 0.195423 30.319763 0.000000
6.263175 0.198001 30.322903 0.000000
