serial number: JANUSZ_3_RI70_21414867
torque: 8
start_temp: 30 (16)
finish_temp: 30 (22)
note: zdjęty z robota, soft oryginalny, oś4, montaż TK
0.000000 0.145571 30.000000 0.000000
0.020010 0.149152 30.000000 0.000000
0.040020 0.154753 30.000000 0.000000
0.060030 0.143952 30.000000 0.000000
0.080041 0.159788 30.000000 0.000000
0.100051 0.149180 30.000000 0.000000
0.120061 0.145410 30.000000 0.000000
0.140071 0.156502 30.000000 0.000000
0.160081 0.142754 30.000000 0.000000
0.180091 0.155607 30.000000 0.000000
0.200101 0.152897 30.000000 0.000000
0.220112 0.143745 30.000000 0.000000
0.240122 0.157891 30.000000 0.000000
0.260132 0.142272 30.000000 0.000000
0.280142 0.147673 30.000000 0.000000
0.300152 0.152445 30.000000 0.000000
0.320162 0.142037 30.000000 0.000000
0.340172 0.155515 30.000000 0.000000
0.360183 0.142569 30.000000 0.000000
0.380193 0.141747 30.000000 0.000000
0.400203 0.154927 30.000000 0.000000
0.420213 0.143111 30.000000 0.000000
0.440223 0.152186 30.000000 0.000000
0.460233 0.145577 30.000000 0.000000
0.480243 0.140543 30.000000 0.000000
0.500254 0.154414 30.000000 0.000000
0.520264 0.139598 30.000000 0.000000
0.540274 0.148517 30.000000 0.000000
0.560284 0.152616 30.000000 0.000000
0.580294 0.141394 30.000000 0.000000
0.600304 0.154373 30.000000 0.000000
0.620314 0.140715 30.000000 0.000000
0.640325 0.143428 30.000000 0.000000
0.660335 0.155898 30.000000 0.000000
0.680345 0.142976 30.000000 0.000000
0.700355 0.154779 30.000000 0.000000
0.720365 0.146532 30.000000 0.000000
0.740375 0.141103 30.000000 0.000000
0.760385 0.156158 30.000000 0.000000
0.780396 0.142761 30.000000 0.000000
0.800406 0.151387 30.000000 0.000000
0.820416 0.150966 30.000000 0.000000
0.840426 0.140975 30.000000 0.000000
0.860436 0.153907 30.000000 0.000000
0.880446 0.141830 30.000000 0.000000
0.900456 0.147563 30.000000 0.000000
0.920467 0.158246 30.000000 0.000000
0.940477 0.141097 30.000000 0.000000
0.960487 0.153449 30.000000 0.000000
0.980497 0.142421 30.000000 0.000000
1.000507 0.141694 30.000000 0.000000
1.020517 0.157538 30.000000 0.000000
1.040528 0.141549 30.000000 0.000000
1.060538 0.149307 30.000000 0.000000
1.080548 0.150715 30.000000 0.000000
1.100558 0.139603 30.000000 0.000000
1.120568 0.156128 30.000000 0.000000
1.140578 0.143564 30.000000 0.000000
1.160588 0.147936 30.000000 0.000000
1.180599 0.154842 30.000000 0.000000
1.200609 0.137249 30.000000 0.000000
1.220619 0.151722 30.000000 0.000000
1.240629 0.145627 30.000000 0.000000
1.260639 0.142934 30.000000 0.000000
1.280649 0.156198 30.000000 0.000000
1.300659 0.139202 30.000000 0.000000
1.320670 0.148799 30.000000 0.000000
1.340680 0.148897 30.000000 0.000000
1.360690 0.141273 30.000000 0.000000
1.380700 0.159094 30.000000 0.000000
1.400710 0.143913 30.000000 0.000000
1.420720 0.146916 30.000000 0.000000
1.440730 0.154418 30.000000 0.000000
1.460741 0.137116 30.000000 0.000000
1.480751 0.154382 30.000000 0.000000
1.500761 0.145703 30.000000 0.000000
1.520771 0.142850 30.000000 0.000000
1.540781 0.153731 30.000000 0.000000
1.560791 0.135759 30.000000 0.000000
1.580801 0.148588 30.000000 0.000000
1.600812 0.150316 30.000000 0.000000
1.620822 0.139188 30.000000 0.000000
1.640832 0.157520 30.000000 0.000000
1.660842 0.139486 30.000000 0.000000
1.680852 0.148571 30.000000 0.000000
1.700862 0.154247 30.000000 0.000000
1.720872 0.139265 30.000000 0.000000
1.740883 0.158674 30.000000 0.000000
1.760893 0.147076 30.000000 0.000000
1.780903 0.145381 30.000000 0.000000
1.800913 0.154972 30.000000 0.000000
1.820923 0.138492 30.000000 0.000000
1.840933 0.154367 30.000000 0.000000
1.860943 0.151266 30.000000 0.000000
1.880954 0.139096 30.000000 0.000000
1.900964 0.155528 30.000000 0.000000
1.920974 0.136811 30.000000 0.000000
1.940984 0.147095 30.000000 0.000000
1.960994 0.152856 30.000000 0.000000
1.981004 0.135791 30.000000 0.000000
2.001014 0.153802 30.000000 0.000000
2.021025 0.140308 30.000000 0.000000
2.041035 0.140839 30.000000 0.000000
2.061045 0.151274 30.000000 0.000000
2.081055 0.134018 30.000000 0.000000
2.101065 0.150472 30.000000 0.000000
2.121075 0.143555 30.000000 0.000000
2.141085 0.130790 30.000000 0.000000
2.161096 0.152431 30.000000 0.000000
2.181106 0.135123 30.000000 0.000000
2.201116 0.145501 30.000000 0.000000
2.221126 0.144869 30.000000 0.000000
2.241136 0.129043 30.000000 0.000000
2.261146 0.149501 30.000000 0.000000
2.281156 0.135567 30.000000 0.000000
2.301167 0.134555 30.000000 0.000000
2.321177 0.146640 30.000000 0.000000
2.341187 0.127016 30.000000 0.000000
2.361197 0.143581 30.000000 0.000000
2.381207 0.137627 30.000000 0.000000
2.401217 0.129493 30.000000 0.000000
2.421227 0.151213 30.000000 0.000000
2.441238 0.126844 30.000000 0.000000
2.461248 0.135502 30.000000 0.000000
2.481258 0.135427 30.000000 0.000000
2.501268 0.123411 30.000000 0.000000
2.521278 0.150760 30.000000 0.000000
2.541288 0.133426 30.000000 0.000000
2.561298 0.130456 30.000000 0.000000
2.581309 0.140798 30.000000 0.000000
2.601319 0.123019 30.000000 0.000000
2.621329 0.143414 30.000000 0.000000
2.641339 0.133690 30.000000 0.000000
2.661349 0.126642 30.000000 0.000000
2.681359 0.144506 30.000000 0.000000
2.701369 0.121135 30.000000 0.000000
2.721380 0.133388 30.000000 0.000000
2.741390 0.134301 30.000000 0.000000
2.761400 0.124085 30.000000 0.000000
2.781410 0.145880 30.000000 0.000000
2.801420 0.126782 30.000000 0.000000
2.821430 0.125881 30.000000 0.000000
2.841440 0.140180 30.000000 0.000000
2.861451 0.122183 30.000000 0.000000
2.881461 0.141061 30.000000 0.000000
2.901471 0.126915 30.000000 0.000000
2.921481 0.120877 30.000000 0.000000
2.941491 0.139515 30.000000 0.000000
2.961501 0.118924 30.000000 0.000000
2.981511 0.133885 30.000000 0.000000
3.001522 0.134181 30.000000 0.000000
3.021532 0.131239 30.000000 0.000000
3.041542 0.149704 30.000000 0.000000
3.061552 0.133156 30.000000 0.000000
3.081562 0.136361 30.000000 0.000000
3.101572 0.149427 30.000000 0.000000
3.121583 0.130634 30.000000 0.000000
3.141593 0.147400 30.000000 0.000000
3.161603 0.137127 30.000000 0.000000
3.181613 0.132937 30.000000 0.000000
3.201623 0.151244 30.000000 0.000000
3.221633 0.132823 30.000000 0.000000
3.241643 0.142855 30.000000 0.000000
3.261654 0.144338 30.000000 0.000000
3.281664 0.131987 30.000000 0.000000
3.301674 0.149226 30.000000 0.000000
3.321684 0.134343 30.000000 0.000000
3.341694 0.138655 30.000000 0.000000
3.361704 0.148348 30.000000 0.000000
3.381714 0.129650 30.000000 0.000000
3.401725 0.144640 30.000000 0.000000
3.421735 0.134137 30.000000 0.000000
3.441745 0.134314 30.000000 0.000000
3.461755 0.151895 30.000000 0.000000
3.481765 0.132932 30.000000 0.000000
3.501775 0.141760 30.000000 0.000000
3.521785 0.143744 30.000000 0.000000
3.541796 0.131048 30.000000 0.000000
3.561806 0.149760 30.000000 0.000000
3.581816 0.134842 30.000000 0.000000
3.601826 0.140826 30.000000 0.000000
3.621836 0.150048 30.000000 0.000000
3.641846 0.132086 30.000000 0.000000
3.661856 0.147680 30.000000 0.000000
3.681867 0.141393 30.000000 0.000000
3.701877 0.137974 30.000000 0.000000
3.721887 0.152139 30.000000 0.000000
3.741897 0.131583 30.000000 0.000000
3.761907 0.144586 30.000000 0.000000
3.781917 0.145930 30.000000 0.000000
3.801927 0.131816 30.000000 0.000000
3.821938 0.148501 30.000000 0.000000
3.841948 0.131862 30.000000 0.000000
3.861958 0.138249 30.000000 0.000000
3.881968 0.146510 30.000000 0.000000
3.901978 0.127619 30.000000 0.000000
3.921988 0.144281 30.000000 0.000000
3.941998 0.136822 30.000000 0.000000
3.962009 0.131217 30.000000 0.000000
3.982019 0.145497 30.000000 0.000000
4.002029 0.127092 30.000000 0.000000
4.022039 0.142679 30.000000 0.000000
4.042049 0.143745 30.000000 0.000000
4.062059 0.127557 30.000000 0.000000
4.082069 0.143726 30.000000 0.000000
4.102080 0.128788 30.000000 0.000000
4.122090 0.139233 30.000000 0.000000
4.142100 0.143829 30.000000 0.000000
4.162110 0.124412 30.000000 0.000000
4.182120 0.143559 30.000000 0.000000
4.202130 0.136230 30.000000 0.000000
4.222140 0.129791 30.000000 0.000000
4.242151 0.143300 30.000000 0.000000
4.262161 0.125297 30.000000 0.000000
4.282171 0.144006 30.000000 0.000000
4.302181 0.142069 30.000000 0.000000
4.322191 0.125727 30.000000 0.000000
4.342201 0.141906 30.000000 0.000000
4.362211 0.128749 30.000000 0.000000
4.382222 0.139676 30.000000 0.000000
4.402232 0.141435 30.000000 0.000000
4.422242 0.124524 30.000000 0.000000
4.442252 0.144524 30.000000 0.000000
4.462262 0.134642 30.000000 0.000000
4.482272 0.130003 30.000000 0.000000
4.502282 0.142223 30.000000 0.000000
4.522293 0.127260 30.000000 0.000000
4.542303 0.145720 30.000000 0.000000
4.562313 0.138398 30.000000 0.000000
4.582323 0.123618 30.000000 0.000000
4.602333 0.143639 30.000000 0.000000
4.622343 0.130673 30.000000 0.000000
4.642353 0.141839 30.000000 0.000000
4.662364 0.140437 30.000000 0.000000
4.682374 0.125749 30.000000 0.000000
4.702384 0.148395 30.000000 0.000000
4.722394 0.139007 30.000000 0.000000
4.742404 0.133110 30.000000 0.000000
4.762414 0.142530 30.000000 0.000000
4.782424 0.127744 30.000000 0.000000
4.802435 0.145934 30.000000 0.000000
4.822445 0.137676 30.000000 0.000000
4.842455 0.128927 30.000000 0.000000
4.862465 0.147431 30.000000 0.000000
4.882475 0.134185 30.000000 0.000000
4.902485 0.142091 30.000000 0.000000
4.922495 0.139855 30.000000 0.000000
4.942506 0.128890 30.000000 0.000000
4.962516 0.150482 30.000000 0.000000
4.982526 0.139938 30.000000 0.000000
5.002536 0.134096 30.000000 0.000000
5.022546 0.143752 30.000000 0.000000
5.042556 0.130524 30.000000 0.000000
5.062567 0.150387 30.000000 0.000000
5.082577 0.143304 30.000000 0.000000
5.102587 0.134881 30.000000 0.000000
5.122597 0.153152 30.000000 0.000000
5.142607 0.136624 30.000000 0.000000
5.162617 0.144254 30.000000 0.000000
5.182627 0.144275 30.000000 0.000000
5.202638 0.137555 30.000000 0.000000
5.222648 0.158550 30.000000 0.000000
5.242658 0.141826 30.000000 0.000000
5.262668 0.137678 30.000000 0.000000
5.282678 0.147800 30.000000 0.000000
5.302688 0.136005 30.000000 0.000000
5.322698 0.154681 30.000000 0.000000
5.342709 0.144520 30.000000 0.000000
5.362719 0.140595 30.000000 0.000000
5.382729 0.155613 30.000000 0.000000
5.402739 0.139754 30.000000 0.000000
5.422749 0.147954 30.000000 0.000000
5.442759 0.146455 30.000000 0.000000
5.462769 0.140067 30.000000 0.000000
5.482780 0.157626 30.000000 0.000000
5.502790 0.142024 30.000000 0.000000
5.522800 0.142849 30.000000 0.000000
5.542810 0.151588 30.000000 0.000000
5.562820 0.139089 30.000000 0.000000
5.582830 0.156052 30.000000 0.000000
5.602840 0.145117 30.000000 0.000000
5.622851 0.143093 30.000000 0.000000
5.642861 0.156398 30.000000 0.000000
5.662871 0.141746 30.000000 0.000000
5.682881 0.152568 30.000000 0.000000
5.702891 0.149105 30.000000 0.000000
5.722901 0.140835 30.000000 0.000000
5.742911 0.156278 30.000000 0.000000
5.762922 0.144873 30.000000 0.000000
5.782932 0.148431 30.000000 0.000000
5.802942 0.155405 30.000000 0.000000
5.822952 0.143461 30.000000 0.000000
5.842962 0.155658 30.000000 0.000000
5.862972 0.143898 30.000000 0.000000
5.882982 0.145008 30.000000 0.000000
5.902993 0.158231 30.000000 0.000000
5.923003 0.144389 30.000000 0.000000
5.943013 0.152647 30.000000 0.000000
5.963023 0.149454 30.000000 0.000000
5.983033 0.141631 30.000000 0.000000
6.003043 0.159052 30.000000 0.000000
6.023053 0.149470 30.000000 0.000000
6.043064 0.153078 30.000000 0.000000
6.063074 0.158465 30.000000 0.000000
6.083084 0.145713 30.000000 0.000000
6.103094 0.159332 30.000000 0.000000
6.123104 0.150839 30.000000 0.000000
6.143114 0.150369 30.000000 0.000000
6.163124 0.160161 30.000000 0.000000
6.183135 0.144623 30.000000 0.000000
6.203145 0.152829 30.000000 0.000000
6.223155 0.150321 30.000000 0.000000
6.243165 0.144803 30.000000 0.000000
6.263175 0.161625 30.000000 0.000000
