serial number: JANUSZ_3_RI70_21414867
torque: 8.0
start_temp: 30 (31)
finish_temp: 30 (30)
note: zdjety
0.000000 nan
0.021014 0.165805
0.042028 0.163560
0.063042 0.163977
0.084056 0.164433
0.105070 0.165093
0.126084 0.167889
0.147098 0.164798
0.168112 0.165576
0.189126 0.166447
0.210140 0.166270
0.231154 0.169463
0.252168 0.167315
0.273182 0.166747
0.294196 0.164158
0.315210 0.165747
0.336224 0.171474
0.357238 0.168993
0.378252 0.169715
0.399266 0.167386
0.420280 0.167982
0.441294 0.172324
0.462308 0.169881
0.483322 0.171593
0.504336 0.169441
0.525350 0.170787
0.546364 0.175276
0.567378 0.171449
0.588392 0.172021
0.609406 0.169235
0.630420 0.172302
0.651434 0.177621
0.672448 0.174044
0.693462 0.175428
0.714476 0.172743
0.735490 0.174998
0.756504 0.178225
0.777518 0.174148
0.798532 0.175974
0.819546 0.174169
0.840560 0.176202
0.861574 0.178739
0.882588 0.175790
0.903602 0.178760
0.924616 0.176290
0.945630 0.178018
0.966644 0.179720
0.987658 0.176719
1.008672 0.179663
1.029686 0.174479
1.050700 0.177914
1.071714 0.179305
1.092728 0.175785
1.113742 0.178944
1.134756 0.173480
1.155770 0.178774
1.176784 0.179982
1.197798 0.177582
1.218812 0.179410
1.239826 0.172205
1.260840 0.178006
1.281854 0.180019
1.302868 0.177387
1.323882 0.179877
1.344896 0.173542
1.365910 0.177224
1.386924 0.178490
1.407938 0.176135
1.428952 0.179414
1.449966 0.171444
1.470980 0.177313
1.491994 0.176352
1.513008 0.174496
1.534022 0.179113
1.555036 0.171910
1.576050 0.177662
1.597064 0.174134
1.618078 0.173644
1.639092 0.178766
1.660106 0.170883
1.681120 0.175552
1.702134 0.172761
1.723148 0.173306
1.744162 0.178473
1.765176 0.169706
1.786190 0.174996
1.807204 0.172281
1.828218 0.174571
1.849232 0.178550
1.870246 0.168172
1.891260 0.174594
1.912274 0.170926
1.933288 0.173532
1.954302 0.176817
1.975316 0.166496
1.996330 0.173225
2.017344 0.168643
2.038358 0.171064
2.059372 0.176173
2.080386 0.166580
2.101400 0.172572
2.122414 0.168252
2.143428 0.171694
2.164442 0.175468
2.185456 0.166354
2.206470 0.171723
2.227484 0.168751
2.248498 0.172983
2.269512 0.175685
2.290526 0.165333
2.311540 0.171218
2.332554 0.165665
2.353568 0.171171
2.374582 0.174613
2.395596 0.165950
2.416610 0.169221
2.437624 0.163364
2.458638 0.167733
2.479652 0.171891
2.500666 0.165674
2.521680 0.168829
2.542694 0.162482
2.563708 0.167454
2.584722 0.171365
2.605736 0.165097
2.626750 0.166886
2.647764 0.160169
2.668778 0.167314
2.689792 0.170567
2.710806 0.165453
2.731820 0.167432
2.752834 0.162520
2.773848 0.168879
2.794862 0.171008
2.815876 0.167098
2.836890 0.168352
2.857904 0.163995
2.878918 0.170428
2.899932 0.170330
2.920946 0.168459
2.941960 0.168026
2.962974 0.163715
2.983988 0.170349
3.005002 0.170392
3.026016 0.170119
3.047030 0.170376
3.068044 0.166890
3.089058 0.171719
3.110072 0.170261
3.131086 0.170369
3.152100 0.170954
3.173114 0.166960
3.194128 0.171888
3.215142 0.170356
3.236156 0.172203
3.257170 0.170728
3.278184 0.168317
3.299198 0.174902
3.320212 0.171805
3.341226 0.175489
3.362240 0.172283
3.383254 0.171142
3.404268 0.175834
3.425282 0.173012
3.446296 0.177265
3.467310 0.173833
3.488324 0.172220
3.509338 0.176260
3.530352 0.173056
3.551366 0.178562
3.572380 0.174464
3.593394 0.173448
3.614408 0.177454
3.635422 0.173921
3.656436 0.181316
3.677450 0.174897
3.698464 0.175436
3.719478 0.179545
3.740492 0.175037
3.761506 0.183188
3.782520 0.176034
3.803534 0.176157
3.824548 0.179658
3.845562 0.175021
3.866576 0.184876
3.887590 0.177407
3.908604 0.177979
3.929618 0.180218
3.950632 0.175910
3.971646 0.185528
3.992660 0.177766
4.013674 0.178129
4.034688 0.179541
4.055702 0.175983
4.076716 0.185335
4.097730 0.175791
4.118744 0.177066
4.139758 0.177247
4.160772 0.174378
4.181786 0.183928
4.202800 0.174641
4.223814 0.177175
4.244828 0.176040
4.265842 0.173350
4.286856 0.182179
4.307870 0.172475
4.328884 0.174153
4.349898 0.174820
4.370912 0.173198
4.391926 0.181476
4.412940 0.172333
4.433954 0.173102
4.454968 0.171277
4.475982 0.170846
4.496996 0.179780
4.518010 0.171157
4.539023 0.171780
4.560037 0.169152
4.581051 0.168596
4.602065 0.176048
4.623079 0.167030
4.644093 0.170371
4.665107 0.165885
4.686121 0.167409
4.707135 0.174566
4.728149 0.166074
4.749163 0.167125
4.770177 0.164559
4.791191 0.166004
4.812205 0.171963
4.833219 0.163923
4.854233 0.165427
4.875247 0.161678
4.896261 0.164034
4.917275 0.168856
4.938289 0.161971
4.959303 0.163392
4.980317 0.160693
5.001331 0.163745
5.022345 0.169836
5.043359 0.161720
5.064373 0.161512
5.085387 0.159792
5.106401 0.161784
5.127415 0.166736
5.148429 0.159801
5.169443 0.160432
5.190457 0.159170
5.211471 0.161519
5.232485 0.166400
5.253499 0.160905
5.274513 0.160363
5.295527 0.159606
5.316541 0.163047
5.337555 0.167561
5.358569 0.162132
5.379583 0.161999
5.400597 0.161301
5.421611 0.163319
5.442625 0.168466
5.463639 0.163040
5.484653 0.161967
5.505667 0.160289
5.526681 0.162498
5.547695 0.166256
5.568709 0.161378
5.589723 0.159213
5.610737 0.158548
5.631751 0.160295
5.652765 0.164772
5.673779 0.160585
5.694793 0.157996
5.715807 0.158327
5.736821 0.159257
5.757835 0.164142
5.778849 0.161833
5.799863 0.160286
5.820877 0.158575
5.841891 0.160518
5.862905 0.163119
5.883919 0.160997
5.904933 0.158963
5.925947 0.157757
5.946961 0.159117
5.967975 0.160764
5.988989 0.160430
6.010003 0.159486
6.031017 0.158925
6.052031 0.159551
6.073045 0.162635
6.094059 0.164044
6.115073 0.161558
6.136087 0.161027
6.157101 0.161116
6.178115 0.163638
6.199129 0.164453
6.220143 0.162133
6.241157 0.161746
6.262171 0.162504
6.283185 0.164080
