serial number: JANUSZ_3_RI70_21414867
torque: 8
start_temp: 25 (20)
finish_temp: 25 (20)
note: telepie sie na wysokim speedzie, rezonacja?, przepuszczono
0.000000 0.083577 25.000000 0.000000
0.020010 0.088706 25.000000 0.000000
0.040020 0.089665 25.000000 0.000000
0.060030 0.087202 25.000000 0.000000
0.080041 0.087710 25.000000 0.000000
0.100051 0.086283 25.000000 0.000000
0.120061 0.091282 25.000000 0.000000
0.140071 0.088971 25.000000 0.000000
0.160081 0.082234 25.000000 0.000000
0.180091 0.087755 25.000000 0.000000
0.200101 0.085425 25.000000 0.000000
0.220112 0.089511 25.000000 0.000000
0.240122 0.087324 25.000000 0.000000
0.260132 0.084358 25.000000 0.000000
0.280142 0.085621 25.000000 0.000000
0.300152 0.087176 25.000000 0.000000
0.320162 0.084820 25.000000 0.000000
0.340172 0.087831 25.000000 0.000000
0.360183 0.084376 25.000000 0.000000
0.380193 0.085948 25.000000 0.000000
0.400203 0.088072 25.000000 0.000000
0.420213 0.084491 25.000000 0.000000
0.440223 0.087549 25.000000 0.000000
0.460233 0.085605 25.000000 0.000000
0.480243 0.088705 25.000000 0.000000
0.500254 0.084571 25.000000 0.000000
0.520264 0.082294 25.000000 0.000000
0.540274 0.088146 25.000000 0.000000
0.560284 0.087949 25.000000 0.000000
0.580294 0.086810 25.000000 0.000000
0.600304 0.089260 25.000000 0.000000
0.620314 0.082346 25.000000 0.000000
0.640325 0.089011 25.000000 0.000000
0.660335 0.085074 25.000000 0.000000
0.680345 0.085087 25.000000 0.000000
0.700355 0.089162 25.000000 0.000000
0.720365 0.082018 25.000000 0.000000
0.740375 0.087668 25.000000 0.000000
0.760385 0.086188 25.000000 0.000000
0.780396 0.082471 25.000000 0.000000
0.800406 0.086124 25.000000 0.000000
0.820416 0.085741 25.000000 0.000000
0.840426 0.083914 25.000000 0.000000
0.860436 0.086570 25.000000 0.000000
0.880446 0.081555 25.000000 0.000000
0.900456 0.087916 25.000000 0.000000
0.920467 0.084140 25.000000 0.000000
0.940477 0.083498 25.000000 0.000000
0.960487 0.083573 25.000000 0.000000
0.980497 0.081212 25.000000 0.000000
1.000507 0.082243 25.000000 0.000000
1.020517 0.085899 25.000000 0.000000
1.040528 0.080884 25.000000 0.000000
1.060538 0.083743 25.000000 0.000000
1.080548 0.081252 25.000000 0.000000
1.100558 0.081413 25.000000 0.000000
1.120568 0.083482 25.000000 0.000000
1.140578 0.077318 25.000000 0.000000
1.160588 0.086014 25.000000 0.000000
1.180599 0.082812 25.000000 0.000000
1.200609 0.081983 25.000000 0.000000
1.220619 0.084023 25.000000 0.000000
1.240629 0.080491 25.000000 0.000000
1.260639 0.083365 25.000000 0.000000
1.280649 0.085040 25.000000 0.000000
1.300659 0.077767 25.000000 0.000000
1.320670 0.084045 25.000000 0.000000
1.340680 0.077202 25.000000 0.000000
1.360690 0.081924 25.000000 0.000000
1.380700 0.086230 25.000000 0.000000
1.400710 0.076986 25.000000 0.000000
1.420720 0.084373 25.000000 0.000000
1.440730 0.083044 25.000000 0.000000
1.460741 0.078222 25.000000 0.000000
1.480751 0.084067 25.000000 0.000000
1.500761 0.078659 25.000000 0.000000
1.520771 0.081514 25.000000 0.000000
1.540781 0.085237 25.000000 0.000000
1.560791 0.074692 25.000000 0.000000
1.580801 0.084592 25.000000 0.000000
1.600812 0.079166 25.000000 0.000000
1.620822 0.085546 25.000000 0.000000
1.640832 0.085624 25.000000 0.000000
1.660842 0.077298 25.000000 0.000000
1.680852 0.085048 25.000000 0.000000
1.700862 0.084789 25.000000 0.000000
1.720872 0.079800 25.000000 0.000000
1.740883 0.085172 25.000000 0.000000
1.760893 0.077405 25.000000 0.000000
1.780903 0.084428 25.000000 0.000000
1.800913 0.085724 25.000000 0.000000
1.820923 0.076744 25.000000 0.000000
1.840933 0.086054 25.000000 0.000000
1.860943 0.080739 25.000000 0.000000
1.880954 0.084157 25.000000 0.000000
1.900964 0.082511 25.000000 0.000000
1.920974 0.075956 25.000000 0.000000
1.940984 0.085163 25.000000 0.000000
1.960994 0.086322 25.000000 0.000000
1.981004 0.078379 25.000000 0.000000
2.001014 0.085343 25.000000 0.000000
2.021025 0.073148 25.000000 0.000000
2.041035 0.084370 25.000000 0.000000
2.061045 0.086167 25.000000 0.000000
2.081055 0.077776 25.000000 0.000000
2.101065 0.086375 25.000000 0.000000
2.121075 0.079294 25.000000 0.000000
2.141085 0.082716 25.000000 0.000000
2.161096 0.084310 25.000000 0.000000
2.181106 0.075613 25.000000 0.000000
2.201116 0.087971 25.000000 0.000000
2.221126 0.084889 25.000000 0.000000
2.241136 0.078481 25.000000 0.000000
2.261146 0.087218 25.000000 0.000000
2.281156 0.076345 25.000000 0.000000
2.301167 0.091664 25.000000 0.000000
2.321177 0.089653 25.000000 0.000000
2.341187 0.078249 25.000000 0.000000
2.361197 0.086195 25.000000 0.000000
2.381207 0.078424 25.000000 0.000000
2.401217 0.081431 25.000000 0.000000
2.421227 0.087635 25.000000 0.000000
2.441238 0.074258 25.000000 0.000000
2.461248 0.088133 25.000000 0.000000
2.481258 0.080756 25.000000 0.000000
2.501268 0.076947 25.000000 0.000000
2.521278 0.089942 25.000000 0.000000
2.541288 0.076517 25.000000 0.000000
2.561298 0.087060 25.000000 0.000000
2.581309 0.083750 25.000000 0.000000
2.601319 0.074505 25.000000 0.000000
2.621329 0.084689 25.000000 0.000000
2.641339 0.076377 25.000000 0.000000
2.661349 0.081498 25.000000 0.000000
2.681359 0.088065 25.000000 0.000000
2.701369 0.071429 25.000000 0.000000
2.721380 0.086989 25.000000 0.000000
2.741390 0.077326 25.000000 0.000000
2.761400 0.076302 25.000000 0.000000
2.781410 0.087282 25.000000 0.000000
2.801420 0.072420 25.000000 0.000000
2.821430 0.083692 25.000000 0.000000
2.841440 0.080511 25.000000 0.000000
2.861451 0.072818 25.000000 0.000000
2.881461 0.087681 25.000000 0.000000
2.901471 0.076688 25.000000 0.000000
2.921481 0.079826 25.000000 0.000000
2.941491 0.085570 25.000000 0.000000
2.961501 0.070195 25.000000 0.000000
2.981511 0.089636 25.000000 0.000000
3.001522 0.077273 25.000000 0.000000
3.021532 0.076670 25.000000 0.000000
3.041542 0.084420 25.000000 0.000000
3.061552 0.072701 25.000000 0.000000
3.081562 0.085351 25.000000 0.000000
3.101572 0.081472 25.000000 0.000000
3.121583 0.071871 25.000000 0.000000
3.141593 0.074663 25.000000 0.000000
3.161603 0.074501 25.000000 0.000000
3.181613 0.082410 25.000000 0.000000
3.201623 0.088186 25.000000 0.000000
3.221633 0.070901 25.000000 0.000000
3.241643 0.088995 25.000000 0.000000
3.261654 0.075659 25.000000 0.000000
3.281664 0.080637 25.000000 0.000000
3.301674 0.087981 25.000000 0.000000
3.321684 0.073821 25.000000 0.000000
3.341694 0.085017 25.000000 0.000000
3.361704 0.083897 25.000000 0.000000
3.381714 0.075260 25.000000 0.000000
3.401725 0.088388 25.000000 0.000000
3.421735 0.075609 25.000000 0.000000
3.441745 0.082095 25.000000 0.000000
3.461755 0.088281 25.000000 0.000000
3.481765 0.073437 25.000000 0.000000
3.501775 0.089140 25.000000 0.000000
3.521785 0.077827 25.000000 0.000000
3.541796 0.080463 25.000000 0.000000
3.561806 0.088872 25.000000 0.000000
3.581816 0.076482 25.000000 0.000000
3.601826 0.086109 25.000000 0.000000
3.621836 0.085979 25.000000 0.000000
3.641846 0.076316 25.000000 0.000000
3.661856 0.091932 25.000000 0.000000
3.681867 0.078421 25.000000 0.000000
3.701877 0.084703 25.000000 0.000000
3.721887 0.089631 25.000000 0.000000
3.741897 0.077112 25.000000 0.000000
3.761907 0.090958 25.000000 0.000000
3.781917 0.079435 25.000000 0.000000
3.801927 0.083321 25.000000 0.000000
3.821938 0.091476 25.000000 0.000000
3.841948 0.079813 25.000000 0.000000
3.861958 0.088541 25.000000 0.000000
3.881968 0.086368 25.000000 0.000000
3.901978 0.079059 25.000000 0.000000
3.921988 0.093215 25.000000 0.000000
3.941998 0.080192 25.000000 0.000000
3.962009 0.085414 25.000000 0.000000
3.982019 0.089887 25.000000 0.000000
4.002029 0.081620 25.000000 0.000000
4.022039 0.090362 25.000000 0.000000
4.042049 0.084205 25.000000 0.000000
4.062059 0.082091 25.000000 0.000000
4.082069 0.092187 25.000000 0.000000
4.102080 0.081425 25.000000 0.000000
4.122090 0.087639 25.000000 0.000000
4.142100 0.085762 25.000000 0.000000
4.162110 0.080285 25.000000 0.000000
4.182120 0.092453 25.000000 0.000000
4.202130 0.080061 25.000000 0.000000
4.222140 0.086380 25.000000 0.000000
4.242151 0.088609 25.000000 0.000000
4.262161 0.080093 25.000000 0.000000
4.282171 0.089086 25.000000 0.000000
4.302181 0.081560 25.000000 0.000000
4.322191 0.083205 25.000000 0.000000
4.342201 0.091681 25.000000 0.000000
4.362211 0.079584 25.000000 0.000000
4.382222 0.087055 25.000000 0.000000
4.402232 0.082714 25.000000 0.000000
4.422242 0.083271 25.000000 0.000000
4.442252 0.091609 25.000000 0.000000
4.462262 0.080869 25.000000 0.000000
4.482272 0.084101 25.000000 0.000000
4.502282 0.086083 25.000000 0.000000
4.522293 0.082108 25.000000 0.000000
4.542303 0.087501 25.000000 0.000000
4.562313 0.080749 25.000000 0.000000
4.582323 0.080422 25.000000 0.000000
4.602333 0.088063 25.000000 0.000000
4.622343 0.078578 25.000000 0.000000
4.642353 0.088691 25.000000 0.000000
4.662364 0.082754 25.000000 0.000000
4.682374 0.083972 25.000000 0.000000
4.702384 0.089215 25.000000 0.000000
4.722394 0.078837 25.000000 0.000000
4.742404 0.083771 25.000000 0.000000
4.762414 0.086209 25.000000 0.000000
4.782424 0.083349 25.000000 0.000000
4.802435 0.087132 25.000000 0.000000
4.822445 0.079515 25.000000 0.000000
4.842455 0.083416 25.000000 0.000000
4.862465 0.088831 25.000000 0.000000
4.882475 0.079897 25.000000 0.000000
4.902485 0.086430 25.000000 0.000000
4.922495 0.081535 25.000000 0.000000
4.942506 0.084675 25.000000 0.000000
4.962516 0.086032 25.000000 0.000000
4.982526 0.078767 25.000000 0.000000
5.002536 0.081734 25.000000 0.000000
5.022546 0.085920 25.000000 0.000000
5.042556 0.081899 25.000000 0.000000
5.062567 0.087882 25.000000 0.000000
5.082577 0.078912 25.000000 0.000000
5.102587 0.082426 25.000000 0.000000
5.122597 0.087740 25.000000 0.000000
5.142607 0.078232 25.000000 0.000000
5.162617 0.083855 25.000000 0.000000
5.182627 0.081078 25.000000 0.000000
5.202638 0.085476 25.000000 0.000000
5.222648 0.086090 25.000000 0.000000
5.242658 0.079188 25.000000 0.000000
5.262668 0.082929 25.000000 0.000000
5.282678 0.085420 25.000000 0.000000
5.302688 0.080709 25.000000 0.000000
5.322698 0.085586 25.000000 0.000000
5.342709 0.077055 25.000000 0.000000
5.362719 0.085979 25.000000 0.000000
5.382729 0.085327 25.000000 0.000000
5.402739 0.080216 25.000000 0.000000
5.422749 0.084999 25.000000 0.000000
5.442759 0.081674 25.000000 0.000000
5.462769 0.085362 25.000000 0.000000
5.482780 0.087454 25.000000 0.000000
5.502790 0.080729 25.000000 0.000000
5.522800 0.085253 25.000000 0.000000
5.542810 0.088345 25.000000 0.000000
5.562820 0.082133 25.000000 0.000000
5.582830 0.086560 25.000000 0.000000
5.602840 0.079668 25.000000 0.000000
5.622851 0.086217 25.000000 0.000000
5.642861 0.088877 25.000000 0.000000
5.662871 0.082820 25.000000 0.000000
5.682881 0.087276 25.000000 0.000000
5.702891 0.087293 25.000000 0.000000
5.722901 0.086237 25.000000 0.000000
5.742911 0.090199 25.000000 0.000000
5.762922 0.081998 25.000000 0.000000
5.782932 0.089286 25.000000 0.000000
5.802942 0.088259 25.000000 0.000000
5.822952 0.084972 25.000000 0.000000
5.842962 0.087127 25.000000 0.000000
5.862972 0.082557 25.000000 0.000000
5.882982 0.088786 25.000000 0.000000
5.902993 0.089336 25.000000 0.000000
5.923003 0.084800 25.000000 0.000000
5.943013 0.086958 25.000000 0.000000
5.963023 0.085201 25.000000 0.000000
5.983033 0.086077 25.000000 0.000000
6.003043 0.089117 25.000000 0.000000
6.023053 0.082652 25.000000 0.000000
6.043064 0.088724 25.000000 0.000000
6.063074 0.088919 25.000000 0.000000
6.083084 0.084647 25.000000 0.000000
6.103094 0.087456 25.000000 0.000000
6.123104 0.085822 25.000000 0.000000
6.143114 0.087355 25.000000 0.000000
6.163124 0.090938 25.000000 0.000000
6.183135 0.082898 25.000000 0.000000
6.203145 0.088355 25.000000 0.000000
6.223155 0.085477 25.000000 0.000000
6.243165 0.087633 25.000000 0.000000
6.263175 0.088373 25.000000 0.000000
