serial number: JANUSZ_3_RI70_21414867
torque: 8
start_temp: 30 (31)
finish_temp: 29 (30)
note: na PCB 3 3
0.000000 0.175860 29.216596 0.000000
0.020010 0.179819 29.211636 0.000000
0.040020 0.180012 29.218630 0.000000
0.060030 0.177190 29.207129 0.000000
0.080041 0.178652 29.218592 0.000000
0.100051 0.177772 29.256140 0.000000
0.120061 0.176968 29.204348 0.000000
0.140071 0.178236 29.184638 0.000000
0.160081 0.175682 29.172427 0.000000
0.180091 0.177211 29.193684 0.000000
0.200101 0.178527 29.219871 0.000000
0.220112 0.176963 29.199802 0.000000
0.240122 0.177541 29.232754 0.000000
0.260132 0.175910 29.234792 0.000000
0.280142 0.177746 29.219401 0.000000
0.300152 0.179020 29.172778 0.000000
0.320162 0.175395 29.190148 0.000000
0.340172 0.175340 29.218108 0.000000
0.360183 0.175125 29.155455 0.000000
0.380193 0.175638 29.187760 0.000000
0.400203 0.175514 29.196028 0.000000
0.420213 0.172620 29.226286 0.000000
0.440223 0.172965 29.248627 0.000000
0.460233 0.174109 29.286988 0.000000
0.480243 0.172927 29.249200 0.000000
0.500254 0.172846 29.244196 0.000000
0.520264 0.171581 29.289897 0.000000
0.540274 0.173556 29.235210 0.000000
0.560284 0.174253 29.268758 0.000000
0.580294 0.172154 29.250628 0.000000
0.600304 0.171374 29.256757 0.000000
0.620314 0.169891 29.217540 0.000000
0.640325 0.170610 29.297297 0.000000
0.660335 0.170107 29.273333 0.000000
0.680345 0.167985 29.288868 0.000000
0.700355 0.168173 29.230380 0.000000
0.720365 0.170876 29.304524 0.000000
0.740375 0.169304 29.260690 0.000000
0.760385 0.167921 29.226939 0.000000
0.780396 0.166824 29.212560 0.000000
0.800406 0.169132 29.233023 0.000000
0.820416 0.169869 29.270850 0.000000
0.840426 0.168068 29.256338 0.000000
0.860436 0.167267 29.261176 0.000000
0.880446 0.167367 29.244086 0.000000
0.900456 0.168727 29.264946 0.000000
0.920467 0.166152 29.247947 0.000000
0.940477 0.165699 29.246820 0.000000
0.960487 0.165270 29.242767 0.000000
0.980497 0.166816 29.249718 0.000000
1.000507 0.166305 29.204335 0.000000
1.020517 0.165296 29.241046 0.000000
1.040528 0.164825 29.250048 0.000000
1.060538 0.166245 29.250233 0.000000
1.080548 0.167511 29.281019 0.000000
1.100558 0.166983 29.266852 0.000000
1.120568 0.166993 29.274967 0.000000
1.140578 0.167234 29.240000 0.000000
1.160588 0.168308 29.223871 0.000000
1.180599 0.167463 29.259211 0.000000
1.200609 0.167111 29.234366 0.000000
1.220619 0.167743 29.263333 0.000000
1.240629 0.169615 29.278596 0.000000
1.260639 0.169220 29.203015 0.000000
1.280649 0.167239 29.213784 0.000000
1.300659 0.167593 29.245877 0.000000
1.320670 0.170557 29.270061 0.000000
1.340680 0.171156 29.263949 0.000000
1.360690 0.170208 29.305882 0.000000
1.380700 0.170862 29.221699 0.000000
1.400710 0.170860 29.243226 0.000000
1.420720 0.172056 29.232849 0.000000
1.440730 0.170835 29.166133 0.000000
1.460741 0.172594 29.226346 0.000000
1.480751 0.173206 29.192583 0.000000
1.500761 0.174327 29.232941 0.000000
1.520771 0.173944 29.246737 0.000000
1.540781 0.172318 29.244865 0.000000
1.560791 0.171846 29.185631 0.000000
1.580801 0.172797 29.191899 0.000000
1.600812 0.172661 29.250061 0.000000
1.620822 0.173134 29.206931 0.000000
1.640832 0.172946 29.229930 0.000000
1.660842 0.173443 29.226042 0.000000
1.680852 0.174993 29.179059 0.000000
1.700862 0.173729 29.202953 0.000000
1.720872 0.175277 29.273269 0.000000
1.740883 0.175351 29.230704 0.000000
1.760893 0.175844 29.198192 0.000000
1.780903 0.175942 29.238270 0.000000
1.800913 0.174355 29.232055 0.000000
1.820923 0.175740 29.258109 0.000000
1.840933 0.178170 29.241333 0.000000
1.860943 0.176259 29.181951 0.000000
1.880954 0.176894 29.157098 0.000000
1.900964 0.175590 29.230423 0.000000
1.920974 0.175901 29.225306 0.000000
1.940984 0.178458 29.186000 0.000000
1.960994 0.175632 29.140397 0.000000
1.981004 0.177409 29.142353 0.000000
2.001014 0.177241 29.154085 0.000000
2.021025 0.178931 29.163886 0.000000
2.041035 0.179475 29.175730 0.000000
2.061045 0.176359 29.188611 0.000000
2.081055 0.177120 29.168317 0.000000
2.101065 0.180767 29.151622 0.000000
2.121075 0.179329 29.167296 0.000000
2.141085 0.179641 29.164375 0.000000
2.161096 0.177543 29.131594 0.000000
2.181106 0.178415 29.158542 0.000000
2.201116 0.182501 29.160510 0.000000
2.221126 0.178810 29.201633 0.000000
2.241136 0.179750 29.122814 0.000000
2.261146 0.178702 29.118261 0.000000
2.281156 0.177267 29.124835 0.000000
2.301167 0.179585 29.155402 0.000000
2.321177 0.175546 29.151049 0.000000
2.341187 0.178204 29.139802 0.000000
2.361197 0.179126 29.159724 0.000000
2.381207 0.176254 29.149701 0.000000
2.401217 0.177742 29.131368 0.000000
2.421227 0.175510 29.119172 0.000000
2.441238 0.177132 29.132995 0.000000
2.461248 0.177966 29.125935 0.000000
2.481258 0.173996 29.134013 0.000000
2.501268 0.174758 29.170392 0.000000
2.521278 0.174852 29.144615 0.000000
2.541288 0.142133 29.440573 0.000000
2.561298 0.170307 29.352231 0.000000
2.581309 0.171596 29.354315 0.000000
2.601319 0.175150 29.303682 0.000000
2.621329 0.176808 29.320000 0.000000
2.641339 0.172693 29.320513 0.000000
2.661349 0.176314 29.368221 0.000000
2.681359 0.173602 29.299048 0.000000
2.701369 0.173072 29.311912 0.000000
2.721380 0.175257 29.316588 0.000000
2.741390 0.170394 29.255185 0.000000
2.761400 0.175573 29.300520 0.000000
2.781410 0.175384 29.257968 0.000000
2.801420 0.172652 29.280316 0.000000
2.821430 0.175507 29.282060 0.000000
2.841440 0.171905 29.315200 0.000000
2.861451 0.173975 29.263165 0.000000
2.881461 0.175119 29.295960 0.000000
2.901471 0.170482 29.273924 0.000000
2.921481 0.173434 29.281897 0.000000
2.941491 0.171721 29.278125 0.000000
2.961501 0.170329 29.251884 0.000000
2.981511 0.173178 29.246884 0.000000
3.001522 0.169011 29.267818 0.000000
3.021532 0.173028 29.296557 0.000000
3.041542 0.173715 29.268936 0.000000
3.061552 0.170213 29.236293 0.000000
3.081562 0.173741 29.232203 0.000000
3.101572 0.169887 29.230800 0.000000
3.121583 0.172286 29.253763 0.000000
3.141593 0.174917 29.200415 0.000000
3.161603 0.169025 29.188710 0.000000
3.181613 0.174129 29.284040 0.000000
3.201623 0.172245 29.310000 0.000000
3.221633 0.171104 29.337225 0.000000
3.241643 0.172575 29.337215 0.000000
3.261654 0.168579 29.343473 0.000000
3.281664 0.173073 29.340588 0.000000
3.301674 0.172797 29.337266 0.000000
3.321684 0.168753 29.315271 0.000000
3.341694 0.172959 29.293333 0.000000
3.361704 0.170037 29.325828 0.000000
3.381714 0.172248 29.313774 0.000000
3.401725 0.173703 29.342778 0.000000
3.421735 0.167822 29.304632 0.000000
3.441745 0.172924 29.276108 0.000000
3.461755 0.172214 29.340420 0.000000
3.481765 0.170096 29.312038 0.000000
3.501775 0.171748 29.257179 0.000000
3.521785 0.167337 29.303626 0.000000
3.541796 0.171522 29.325517 0.000000
3.561806 0.172182 29.327536 0.000000
3.581816 0.167413 29.336425 0.000000
3.601826 0.173480 29.325030 0.000000
3.621836 0.169667 29.272866 0.000000
3.641846 0.171811 29.276398 0.000000
3.661856 0.172342 29.318042 0.000000
3.681867 0.167102 29.300933 0.000000
3.701877 0.174029 29.318453 0.000000
3.721887 0.173082 29.333333 0.000000
3.741897 0.171827 29.313860 0.000000
3.761907 0.173186 29.310199 0.000000
3.781917 0.169894 29.242588 0.000000
3.801927 0.175038 29.320207 0.000000
3.821938 0.174888 29.288633 0.000000
3.841948 0.170700 29.294493 0.000000
3.861958 0.175479 29.297778 0.000000
3.881968 0.171864 29.293510 0.000000
3.901978 0.171731 29.285905 0.000000
3.921988 0.172478 29.266395 0.000000
3.941998 0.169753 29.233651 0.000000
3.962009 0.176186 29.252343 0.000000
3.982019 0.172921 29.268611 0.000000
4.002029 0.170433 29.282264 0.000000
4.022039 0.173570 29.272308 0.000000
4.042049 0.172009 29.306347 0.000000
4.062059 0.176110 29.280203 0.000000
4.082069 0.174209 29.269489 0.000000
4.102080 0.171406 29.271456 0.000000
4.122090 0.177327 29.255949 0.000000
4.142100 0.174392 29.290789 0.000000
4.162110 0.174755 29.297500 0.000000
4.182120 0.172918 29.241389 0.000000
4.202130 0.170871 29.190995 0.000000
4.222140 0.177302 29.222659 0.000000
4.242151 0.174050 29.288511 0.000000
4.262161 0.171777 29.287048 0.000000
4.282171 0.174478 29.250701 0.000000
4.302181 0.172522 29.232814 0.000000
4.322191 0.175427 29.253822 0.000000
4.342201 0.173020 29.242517 0.000000
4.362211 0.169893 29.216311 0.000000
4.382222 0.177387 29.221656 0.000000
4.402232 0.172865 29.245897 0.000000
4.422242 0.172573 29.201359 0.000000
4.442252 0.171441 29.215944 0.000000
4.462262 0.168788 29.190052 0.000000
4.482272 0.174817 29.231910 0.000000
4.502282 0.170184 29.183014 0.000000
4.522293 0.169870 29.208230 0.000000
4.542303 0.173194 29.190850 0.000000
4.562313 0.169485 29.159310 0.000000
4.582323 0.171228 29.224286 0.000000
4.602333 0.167772 29.201905 0.000000
4.622343 0.165643 29.215660 0.000000
4.642353 0.173039 29.221350 0.000000
4.662364 0.168927 29.180759 0.000000
4.682374 0.167952 29.141033 0.000000
4.702384 0.169287 29.218108 0.000000
4.722394 0.167171 29.182887 0.000000
4.742404 0.171996 29.142889 0.000000
4.762414 0.167031 29.139597 0.000000
4.782424 0.165817 29.196895 0.000000
4.802435 0.170275 29.173506 0.000000
4.822445 0.165602 29.193073 0.000000
4.842455 0.167704 29.181414 0.000000
4.862465 0.164826 29.170667 0.000000
4.882475 0.162502 29.157636 0.000000
4.902485 0.168717 29.136196 0.000000
4.922495 0.163553 29.141557 0.000000
4.942506 0.162798 29.165872 0.000000
4.962516 0.164020 29.164737 0.000000
4.982526 0.159974 29.139223 0.000000
5.002536 0.165583 29.072174 0.000000
5.022546 0.160792 29.082278 0.000000
5.042556 0.161881 29.181081 0.000000
5.062567 0.166872 29.208516 0.000000
5.082577 0.162206 29.142514 0.000000
5.102587 0.164640 29.185672 0.000000
5.122597 0.162824 29.163846 0.000000
5.142607 0.160676 29.153180 0.000000
5.162617 0.166125 29.106024 0.000000
5.182627 0.161198 29.138480 0.000000
5.202638 0.161459 29.161121 0.000000
5.222648 0.165237 29.113766 0.000000
5.242658 0.160695 29.103137 0.000000
5.262668 0.165908 29.135738 0.000000
5.282678 0.162958 29.092308 0.000000
5.302688 0.162575 29.130090 0.000000
5.322698 0.167318 29.118170 0.000000
5.342709 0.162611 29.154348 0.000000
5.362719 0.164095 29.113892 0.000000
5.382729 0.165313 29.159733 0.000000
5.402739 0.163250 29.120930 0.000000
5.422749 0.167812 29.199277 0.000000
5.442759 0.162725 29.114491 0.000000
5.462769 0.162953 29.116881 0.000000
5.482780 0.166503 29.099737 0.000000
5.502790 0.162039 29.142574 0.000000
5.522800 0.165226 29.155191 0.000000
5.542810 0.164750 29.204903 0.000000
5.562820 0.164134 29.197091 0.000000
5.582830 0.167511 29.151688 0.000000
5.602840 0.163673 29.178378 0.000000
5.622851 0.165071 29.174141 0.000000
5.642861 0.167850 29.170133 0.000000
5.662871 0.164100 29.220000 0.000000
5.682881 0.168211 29.216341 0.000000
5.702891 0.166773 29.159264 0.000000
5.722901 0.167855 29.202066 0.000000
5.742911 0.171544 29.199728 0.000000
5.762922 0.166898 29.157970 0.000000
5.782932 0.171412 29.172184 0.000000
5.802942 0.171562 29.226755 0.000000
5.822952 0.170062 29.191362 0.000000
5.842962 0.172169 29.144054 0.000000
5.862972 0.168980 29.226667 0.000000
5.882982 0.171740 29.225397 0.000000
5.902993 0.175312 29.175944 0.000000
5.923003 0.172204 29.208696 0.000000
5.943013 0.175741 29.209870 0.000000
5.963023 0.173027 29.189686 0.000000
5.983033 0.174494 29.176915 0.000000
6.003043 0.177545 29.139007 0.000000
6.023053 0.174297 29.229418 0.000000
6.043064 0.176893 29.229535 0.000000
6.063074 0.177132 29.213147 0.000000
6.083084 0.174780 29.226731 0.000000
6.103094 0.175765 29.210070 0.000000
6.123104 0.173788 29.168136 0.000000
6.143114 0.175232 29.203810 0.000000
6.163124 0.176942 29.188777 0.000000
6.183135 0.173447 29.242353 0.000000
6.203145 0.176302 29.216815 0.000000
6.223155 0.176385 29.192152 0.000000
6.243165 0.177431 29.242653 0.000000
6.263175 0.179027 29.248511 0.000000
