serial number: JANUSZ_3_RI70_21414867
torque: 8.0
start_temp: 30 (31)
finish_temp: 30 (31)
note: zdjety
0.000000 nan
0.021014 0.172311
0.042028 0.169724
0.063042 0.170498
0.084056 0.167996
0.105070 0.172807
0.126084 0.170676
0.147098 0.166509
0.168112 0.169370
0.189126 0.168362
0.210140 0.172960
0.231154 0.173178
0.252168 0.170490
0.273182 0.171583
0.294196 0.169596
0.315210 0.173437
0.336224 0.173719
0.357238 0.172272
0.378252 0.172760
0.399266 0.170920
0.420280 0.174136
0.441294 0.176599
0.462308 0.175767
0.483322 0.175621
0.504336 0.172133
0.525350 0.176454
0.546364 0.179250
0.567378 0.177282
0.588392 0.176760
0.609406 0.173488
0.630420 0.176974
0.651434 0.177950
0.672448 0.177817
0.693462 0.177816
0.714476 0.174839
0.735490 0.178407
0.756504 0.180802
0.777518 0.180547
0.798532 0.180591
0.819546 0.179362
0.840560 0.180150
0.861574 0.182235
0.882588 0.182444
0.903602 0.181462
0.924616 0.175920
0.945630 0.181369
0.966644 0.184611
0.987658 0.184568
1.008672 0.184266
1.029686 0.180868
1.050700 0.185096
1.071714 0.185959
1.092728 0.186249
1.113742 0.185466
1.134756 0.183066
1.155770 0.186793
1.176784 0.188595
1.197798 0.186194
1.218812 0.186313
1.239826 0.183560
1.260840 0.187192
1.281854 0.188010
1.302868 0.186538
1.323882 0.186035
1.344896 0.181553
1.365910 0.185399
1.386924 0.185265
1.407938 0.185181
1.428952 0.186734
1.449966 0.183117
1.470980 0.186162
1.491994 0.184539
1.513008 0.182395
1.534022 0.184533
1.555036 0.180487
1.576050 0.182706
1.597064 0.179955
1.618078 0.180170
1.639092 0.184330
1.660106 0.179652
1.681120 0.183255
1.702134 0.182457
1.723148 0.181575
1.744162 0.185586
1.765176 0.180510
1.786190 0.181762
1.807204 0.180560
1.828218 0.181941
1.849232 0.183939
1.870246 0.177267
1.891260 0.179991
1.912274 0.179192
1.933288 0.181098
1.954302 0.184387
1.975316 0.177001
1.996330 0.178900
2.017344 0.177795
2.038358 0.178651
2.059372 0.182859
2.080386 0.177671
2.101400 0.179564
2.122414 0.175826
2.143428 0.177341
2.164442 0.181396
2.185456 0.174489
2.206470 0.177448
2.227484 0.174059
2.248498 0.176074
2.269512 0.178972
2.290526 0.172739
2.311540 0.174148
2.332554 0.172332
2.353568 0.174884
2.374582 0.177996
2.395596 0.169918
2.416610 0.171410
2.437624 0.170533
2.458638 0.173475
2.479652 0.176591
2.500666 0.169500
2.521680 0.171047
2.542694 0.170317
2.563708 0.172711
2.584722 0.176617
2.605736 0.169984
2.626750 0.169917
2.647764 0.168253
2.668778 0.171519
2.689792 0.175243
2.710806 0.170011
2.731820 0.171347
2.752834 0.169410
2.773848 0.173293
2.794862 0.176135
2.815876 0.171124
2.836890 0.169797
2.857904 0.168748
2.878918 0.171787
2.899932 0.175049
2.920946 0.171911
2.941960 0.170296
2.962974 0.169296
2.983988 0.172627
3.005002 0.174677
3.026016 0.171905
3.047030 0.170607
3.068044 0.169150
3.089058 0.173357
3.110072 0.175737
3.131086 0.174012
3.152100 0.172286
3.173114 0.171956
3.194128 0.175119
3.215142 0.176511
3.236156 0.176476
3.257170 0.174825
3.278184 0.174083
3.299198 0.175927
3.320212 0.176865
3.341226 0.177681
3.362240 0.175763
3.383254 0.174609
3.404268 0.177573
3.425282 0.176960
3.446296 0.177285
3.467310 0.175859
3.488324 0.175860
3.509338 0.178938
3.530352 0.176789
3.551366 0.179460
3.572380 0.176582
3.593394 0.176716
3.614408 0.178176
3.635422 0.177698
3.656436 0.181968
3.677450 0.177067
3.698464 0.178158
3.719478 0.181013
3.740492 0.180279
3.761506 0.185422
3.782520 0.179843
3.803534 0.180352
3.824548 0.182884
3.845562 0.181523
3.866576 0.186135
3.887590 0.181269
3.908604 0.181386
3.929618 0.181656
3.950632 0.180259
3.971646 0.187644
3.992660 0.183491
4.013674 0.182527
4.034688 0.183492
4.055702 0.182139
4.076716 0.189301
4.097730 0.182584
4.118744 0.182636
4.139758 0.182763
4.160772 0.182112
4.181786 0.188696
4.202800 0.181410
4.223814 0.180747
4.244828 0.181202
4.265842 0.180963
4.286856 0.187671
4.307870 0.181615
4.328884 0.181146
4.349898 0.179724
4.370912 0.178236
4.391926 0.183325
4.412940 0.176930
4.433954 0.177233
4.454968 0.176741
4.475982 0.175101
4.496996 0.180481
4.518010 0.174859
4.539023 0.173939
4.560037 0.172499
4.581051 0.172851
4.602065 0.178116
4.623079 0.171687
4.644093 0.171635
4.665107 0.169810
4.686121 0.169570
4.707135 0.173928
4.728149 0.168704
4.749163 0.168544
4.770177 0.168547
4.791191 0.169576
4.812205 0.173571
4.833219 0.167604
4.854233 0.166473
4.875247 0.166738
4.896261 0.167841
4.917275 0.171838
4.938289 0.166024
4.959303 0.166239
4.980317 0.165914
5.001331 0.165542
5.022345 0.169868
5.043359 0.165297
5.064373 0.164944
5.085387 0.165873
5.106401 0.164718
5.127415 0.169326
5.148429 0.166473
5.169443 0.166494
5.190457 0.166480
5.211471 0.166080
5.232485 0.172039
5.253499 0.166447
5.274513 0.164889
5.295527 0.166220
5.316541 0.166752
5.337555 0.173985
5.358569 0.169347
5.379583 0.166647
5.400597 0.168969
5.421611 0.167174
5.442625 0.173928
5.463639 0.168367
5.484653 0.165644
5.505667 0.167616
5.526681 0.166208
5.547695 0.172715
5.568709 0.167780
5.589723 0.165260
5.610737 0.167414
5.631751 0.165636
5.652765 0.172988
5.673779 0.166548
5.694793 0.163113
5.715807 0.165497
5.736821 0.164518
5.757835 0.171772
5.778849 0.167387
5.799863 0.165187
5.820877 0.166953
5.841891 0.164299
5.862905 0.170916
5.883919 0.166259
5.904933 0.163576
5.925947 0.165377
5.946961 0.163145
5.967975 0.170906
5.988989 0.167547
6.010003 0.165335
6.031017 0.166808
6.052031 0.164607
6.073045 0.170302
6.094059 0.167282
6.115073 0.164675
6.136087 0.167244
6.157101 0.164790
6.178115 0.170459
6.199129 0.169136
6.220143 0.167428
6.241157 0.169676
6.262171 0.166920
6.283185 0.172619
