serial number: JANUSZ_3_RI70_21414871
torque: 12
start_temp: 28 (29)
finish_temp: 28 (29)
note: duże opory, ten zjebany
0.000000 0.275642 28.000000 0.000000
0.020010 0.277948 28.000000 0.000000
0.040020 0.279806 28.000000 0.000000
0.060030 0.275389 28.000000 0.000000
0.080041 0.279757 28.000000 0.000000
0.100051 0.278231 28.000000 0.000000
0.120061 0.276037 28.000000 0.000000
0.140071 0.279310 28.000000 0.000000
0.160081 0.275099 28.000000 0.000000
0.180091 0.277681 28.000000 0.000000
0.200101 0.279085 28.000000 0.000000
0.220112 0.273512 28.000000 0.000000
0.240122 0.279379 28.000000 0.000000
0.260132 0.275690 28.000000 0.000000
0.280142 0.275184 28.000000 0.000000
0.300152 0.279240 28.000000 0.000000
0.320162 0.272059 28.000000 0.000000
0.340172 0.278147 28.000000 0.000000
0.360183 0.276571 28.000000 0.000000
0.380193 0.271990 28.000000 0.000000
0.400203 0.279491 28.000000 0.000000
0.420213 0.270794 28.000000 0.000000
0.440223 0.274930 28.000000 0.000000
0.460233 0.275984 28.000000 0.000000
0.480243 0.270448 28.000000 0.000000
0.500254 0.276523 28.000000 0.000000
0.520264 0.271597 28.000000 0.000000
0.540274 0.273801 28.000000 0.000000
0.560284 0.276546 28.000000 0.000000
0.580294 0.270925 28.000000 0.000000
0.600304 0.276021 28.000000 0.000000
0.620314 0.274007 28.000000 0.000000
0.640325 0.270448 28.000000 0.000000
0.660335 0.275453 28.000000 0.000000
0.680345 0.269434 28.000000 0.000000
0.700355 0.273124 28.000000 0.000000
0.720365 0.276076 28.000000 0.000000
0.740375 0.267422 28.000000 0.000000
0.760385 0.275561 28.000000 0.000000
0.780396 0.270272 28.000000 0.000000
0.800406 0.271270 28.000000 0.000000
0.820416 0.276084 28.000000 0.000000
0.840426 0.266898 28.000000 0.000000
0.860436 0.274629 28.000000 0.000000
0.880446 0.271237 28.000000 0.000000
0.900456 0.267435 28.000000 0.000000
0.920467 0.273941 28.000000 0.000000
0.940477 0.266462 28.000000 0.000000
0.960487 0.272393 28.000000 0.000000
0.980497 0.272234 28.000000 0.000000
1.000507 0.265406 28.000000 0.000000
1.020517 0.272675 28.000000 0.000000
1.040528 0.267558 28.000000 0.000000
1.060538 0.269493 28.000000 0.000000
1.080548 0.271256 28.000000 0.000000
1.100558 0.265037 28.000000 0.000000
1.120568 0.271398 28.000000 0.000000
1.140578 0.270617 28.000000 0.000000
1.160588 0.265822 28.000000 0.000000
1.180599 0.272337 28.000000 0.000000
1.200609 0.266622 28.000000 0.000000
1.220619 0.271427 28.000000 0.000000
1.240629 0.273767 28.000000 0.000000
1.260639 0.264390 28.000000 0.000000
1.280649 0.273754 28.000000 0.000000
1.300659 0.267671 28.000000 0.000000
1.320670 0.269429 28.000000 0.000000
1.340680 0.272396 28.000000 0.000000
1.360690 0.263516 28.000000 0.000000
1.380700 0.272437 28.000000 0.000000
1.400710 0.269433 28.000000 0.000000
1.420720 0.266993 28.000000 0.000000
1.440730 0.271714 28.000000 0.000000
1.460741 0.264690 28.000000 0.000000
1.480751 0.270832 28.000000 0.000000
1.500761 0.270320 28.000000 0.000000
1.520771 0.263712 28.000000 0.000000
1.540781 0.270600 28.000000 0.000000
1.560791 0.267078 28.000000 0.000000
1.580801 0.269162 28.000000 0.000000
1.600812 0.271670 28.000000 0.000000
1.620822 0.263865 28.000000 0.000000
1.640832 0.271897 28.000000 0.000000
1.660842 0.270931 28.000000 0.000000
1.680852 0.267984 28.000000 0.000000
1.700862 0.272961 28.000000 0.000000
1.720872 0.266912 28.000000 0.000000
1.740883 0.273132 28.000000 0.000000
1.760893 0.273063 28.000000 0.000000
1.780903 0.264980 28.000000 0.000000
1.800913 0.274555 28.000000 0.000000
1.820923 0.268640 28.000000 0.000000
1.840933 0.273062 28.000000 0.000000
1.860943 0.274498 28.000000 0.000000
1.880954 0.266167 28.000000 0.000000
1.900964 0.275723 28.000000 0.000000
1.920974 0.269994 28.000000 0.000000
1.940984 0.271790 28.000000 0.000000
1.960994 0.273847 28.000000 0.000000
1.981004 0.269013 28.000000 0.000000
2.001014 0.275472 28.000000 0.000000
2.021025 0.273440 28.000000 0.000000
2.041035 0.269137 28.000000 0.000000
2.061045 0.275016 28.000000 0.000000
2.081055 0.271043 28.000000 0.000000
2.101065 0.275444 28.000000 0.000000
2.121075 0.276428 28.000000 0.000000
2.141085 0.268536 28.000000 0.000000
2.161096 0.277148 28.000000 0.000000
2.181106 0.272012 28.000000 0.000000
2.201116 0.272842 28.000000 0.000000
2.221126 0.276632 28.000000 0.000000
2.241136 0.270357 28.000000 0.000000
2.261146 0.278567 28.000000 0.000000
2.281156 0.274856 28.000000 0.000000
2.301167 0.271112 28.000000 0.000000
2.321177 0.278272 28.000000 0.000000
2.341187 0.271909 28.000000 0.000000
2.361197 0.279498 28.000000 0.000000
2.381207 0.277260 28.000000 0.000000
2.401217 0.269813 28.000000 0.000000
2.421227 0.278421 28.000000 0.000000
2.441238 0.272497 28.000000 0.000000
2.461248 0.276136 28.000000 0.000000
2.481258 0.276100 28.000000 0.000000
2.501268 0.270217 28.000000 0.000000
2.521278 0.278902 28.000000 0.000000
2.541288 0.274616 28.000000 0.000000
2.561298 0.272064 28.000000 0.000000
2.581309 0.276886 28.000000 0.000000
2.601319 0.271673 28.000000 0.000000
2.621329 0.278521 28.000000 0.000000
2.641339 0.277315 28.000000 0.000000
2.661349 0.269511 28.000000 0.000000
2.681359 0.280543 28.000000 0.000000
2.701369 0.273171 28.000000 0.000000
2.721380 0.276574 28.000000 0.000000
2.741390 0.277013 28.000000 0.000000
2.761400 0.268431 28.000000 0.000000
2.781410 0.279691 28.000000 0.000000
2.801420 0.273157 28.000000 0.000000
2.821430 0.273574 28.000000 0.000000
2.841440 0.277802 28.000000 0.000000
2.861451 0.270379 28.000000 0.000000
2.881461 0.277758 28.000000 0.000000
2.901471 0.274163 28.000000 0.000000
2.921481 0.271024 28.000000 0.000000
2.941491 0.278606 28.000000 0.000000
2.961501 0.271897 28.000000 0.000000
2.981511 0.275575 28.000000 0.000000
3.001522 0.275381 28.000000 0.000000
3.021532 0.269512 28.000000 0.000000
3.041542 0.277011 28.000000 0.000000
3.061552 0.271698 28.000000 0.000000
3.081562 0.271559 28.000000 0.000000
3.101572 0.276575 28.000000 0.000000
3.121583 0.270270 28.000000 0.000000
3.141593 0.275567 28.000000 0.000000
3.161603 0.245276 28.000000 0.000000
3.181613 0.263307 28.000000 0.000000
3.201623 0.274798 28.000000 0.000000
3.221633 0.268598 28.000000 0.000000
3.241643 0.272729 28.000000 0.000000
3.261654 0.273336 28.000000 0.000000
3.281664 0.267789 28.000000 0.000000
3.301674 0.274996 28.000000 0.000000
3.321684 0.268795 28.000000 0.000000
3.341694 0.270102 28.000000 0.000000
3.361704 0.272951 28.000000 0.000000
3.381714 0.269345 28.000000 0.000000
3.401725 0.272441 28.000000 0.000000
3.421735 0.269889 28.000000 0.000000
3.441745 0.269715 28.000000 0.000000
3.461755 0.273218 28.000000 0.000000
3.481765 0.269179 28.000000 0.000000
3.501775 0.270762 28.000000 0.000000
3.521785 0.272185 28.000000 0.000000
3.541796 0.268757 28.000000 0.000000
3.561806 0.272197 28.000000 0.000000
3.581816 0.270325 28.000000 0.000000
3.601826 0.270535 28.000000 0.000000
3.621836 0.274387 28.000000 0.000000
3.641846 0.269852 28.000000 0.000000
3.661856 0.272971 28.000000 0.000000
3.681867 0.271703 28.000000 0.000000
3.701877 0.270228 28.000000 0.000000
3.721887 0.274198 28.000000 0.000000
3.741897 0.267910 28.000000 0.000000
3.761907 0.271317 28.000000 0.000000
3.781917 0.271856 28.000000 0.000000
3.801927 0.268127 28.000000 0.000000
3.821938 0.271318 28.000000 0.000000
3.841948 0.268376 28.000000 0.000000
3.861958 0.272264 28.000000 0.000000
3.881968 0.272278 28.000000 0.000000
3.901978 0.267969 28.000000 0.000000
3.921988 0.270177 28.000000 0.000000
3.941998 0.269531 28.000000 0.000000
3.962009 0.271856 28.000000 0.000000
3.982019 0.272042 28.000000 0.000000
4.002029 0.268601 28.000000 0.000000
4.022039 0.272498 28.000000 0.000000
4.042049 0.272600 28.000000 0.000000
4.062059 0.269904 28.000000 0.000000
4.082069 0.270429 28.000000 0.000000
4.102080 0.268777 28.000000 0.000000
4.122090 0.272028 28.000000 0.000000
4.142100 0.273504 28.000000 0.000000
4.162110 0.267361 28.000000 0.000000
4.182120 0.271283 28.000000 0.000000
4.202130 0.268562 28.000000 0.000000
4.222140 0.272180 28.000000 0.000000
4.242151 0.272826 28.000000 0.000000
4.262161 0.266446 28.000000 0.000000
4.282171 0.272615 28.000000 0.000000
4.302181 0.269683 28.000000 0.000000
4.322191 0.269541 28.000000 0.000000
4.342201 0.271643 28.000000 0.000000
4.362211 0.267773 28.000000 0.000000
4.382222 0.274123 28.000000 0.000000
4.402232 0.272027 28.000000 0.000000
4.422242 0.267441 28.000000 0.000000
4.442252 0.271807 28.000000 0.000000
4.462262 0.267721 28.000000 0.000000
4.482272 0.271479 28.000000 0.000000
4.502282 0.270823 28.000000 0.000000
4.522293 0.265834 28.000000 0.000000
4.542303 0.272911 28.000000 0.000000
4.562313 0.270109 28.000000 0.000000
4.582323 0.268220 28.000000 0.000000
4.602333 0.272366 28.000000 0.000000
4.622343 0.267701 28.000000 0.000000
4.642353 0.274451 28.000000 0.000000
4.662364 0.272334 28.000000 0.000000
4.682374 0.265094 28.000000 0.000000
4.702384 0.275293 28.000000 0.000000
4.722394 0.268809 28.000000 0.000000
4.742404 0.272409 28.000000 0.000000
4.762414 0.271836 28.000000 0.000000
4.782424 0.265817 28.000000 0.000000
4.802435 0.276388 28.000000 0.000000
4.822445 0.271063 28.000000 0.000000
4.842455 0.269174 28.000000 0.000000
4.862465 0.272592 28.000000 0.000000
4.882475 0.267864 28.000000 0.000000
4.902485 0.276122 28.000000 0.000000
4.922495 0.272440 28.000000 0.000000
4.942506 0.267239 28.000000 0.000000
4.962516 0.275360 28.000000 0.000000
4.982526 0.268704 28.000000 0.000000
5.002536 0.271718 28.000000 0.000000
5.022546 0.272843 28.000000 0.000000
5.042556 0.269058 28.000000 0.000000
5.062567 0.277561 28.000000 0.000000
5.082577 0.273354 28.000000 0.000000
5.102587 0.268279 28.000000 0.000000
5.122597 0.275464 28.000000 0.000000
5.142607 0.269868 28.000000 0.000000
5.162617 0.275696 28.000000 0.000000
5.182627 0.274325 28.000000 0.000000
5.202638 0.266764 28.000000 0.000000
5.222648 0.276766 28.000000 0.000000
5.242658 0.270078 28.000000 0.000000
5.262668 0.272071 28.000000 0.000000
5.282678 0.274356 28.000000 0.000000
5.302688 0.270041 28.000000 0.000000
5.322698 0.278909 28.000000 0.000000
5.342709 0.273916 28.000000 0.000000
5.362719 0.272159 28.000000 0.000000
5.382729 0.278000 28.000000 0.000000
5.402739 0.272960 28.000000 0.000000
5.422749 0.276875 28.000000 0.000000
5.442759 0.275393 28.000000 0.000000
5.462769 0.272110 28.000000 0.000000
5.482780 0.278312 28.000000 0.000000
5.502790 0.274375 28.000000 0.000000
5.522800 0.273772 28.000000 0.000000
5.542810 0.277403 28.000000 0.000000
5.562820 0.273076 28.000000 0.000000
5.582830 0.278147 28.000000 0.000000
5.602840 0.276664 28.000000 0.000000
5.622851 0.272445 28.000000 0.000000
5.642861 0.279305 28.000000 0.000000
5.662871 0.274597 28.000000 0.000000
5.682881 0.277502 28.000000 0.000000
5.702891 0.277551 28.000000 0.000000
5.722901 0.272988 28.000000 0.000000
5.742911 0.280204 28.000000 0.000000
5.762922 0.274726 28.000000 0.000000
5.782932 0.275140 28.000000 0.000000
5.802942 0.277642 28.000000 0.000000
5.822952 0.274545 28.000000 0.000000
5.842962 0.280290 28.000000 0.000000
5.862972 0.277084 28.000000 0.000000
5.882982 0.274875 28.000000 0.000000
5.902993 0.278778 28.000000 0.000000
5.923003 0.275500 28.000000 0.000000
5.943013 0.277745 28.000000 0.000000
5.963023 0.279218 28.000000 0.000000
5.983033 0.275652 28.000000 0.000000
6.003043 0.280645 28.000000 0.000000
6.023053 0.277686 28.000000 0.000000
6.043064 0.277098 28.000000 0.000000
6.063074 0.280278 28.000000 0.000000
6.083084 0.276332 28.000000 0.000000
6.103094 0.279855 28.000000 0.000000
6.123104 0.278780 28.000000 0.000000
6.143114 0.274319 28.000000 0.000000
6.163124 0.280105 28.000000 0.000000
6.183135 0.274495 28.000000 0.000000
6.203145 0.278047 28.000000 0.000000
6.223155 0.278743 28.000000 0.000000
6.243165 0.273316 28.000000 0.000000
6.263175 0.280297 28.000000 0.000000
