serial number: JANUSZ_3_RI70_21414871
torque: 8
start_temp: 30 (31)
finish_temp: 30 (30)
note: zdjęty z robota, soft 19.07 oryg. PIDy , oś 5, po złożeniu TK, bez klimy
0.000000 0.113856 30.000000 0.000000
0.020010 0.110106 30.000000 0.000000
0.040020 0.107995 30.000000 0.000000
0.060030 0.111827 30.000000 0.000000
0.080041 0.107146 30.000000 0.000000
0.100051 0.113718 30.000000 0.000000
0.120061 0.109184 30.000000 0.000000
0.140071 0.107170 30.000000 0.000000
0.160081 0.114090 30.000000 0.000000
0.180091 0.110286 30.000000 0.000000
0.200101 0.110047 30.000000 0.000000
0.220112 0.109886 30.000000 0.000000
0.240122 0.106722 30.000000 0.000000
0.260132 0.115869 30.000000 0.000000
0.280142 0.111062 30.000000 0.000000
0.300152 0.108745 30.000000 0.000000
0.320162 0.112777 30.000000 0.000000
0.340172 0.108396 30.000000 0.000000
0.360183 0.113580 30.000000 0.000000
0.380193 0.110490 30.000000 0.000000
0.400203 0.108062 30.000000 0.000000
0.420213 0.115962 30.000000 0.000000
0.440223 0.110592 30.000000 0.000000
0.460233 0.110682 30.000000 0.000000
0.480243 0.111947 30.000000 0.000000
0.500254 0.108794 30.000000 0.000000
0.520264 0.117458 30.000000 0.000000
0.540274 0.109773 30.000000 0.000000
0.560284 0.109151 30.000000 0.000000
0.580294 0.115275 30.000000 0.000000
0.600304 0.109538 30.000000 0.000000
0.620314 0.114487 30.000000 0.000000
0.640325 0.110715 30.000000 0.000000
0.660335 0.109578 30.000000 0.000000
0.680345 0.117278 30.000000 0.000000
0.700355 0.110652 30.000000 0.000000
0.720365 0.112268 30.000000 0.000000
0.740375 0.113708 30.000000 0.000000
0.760385 0.115280 30.000000 0.000000
0.780396 0.129104 30.000000 0.000000
0.800406 0.122955 30.000000 0.000000
0.820416 0.122871 30.000000 0.000000
0.840426 0.131776 30.000000 0.000000
0.860436 0.121867 30.000000 0.000000
0.880446 0.126224 30.000000 0.000000
0.900456 0.125407 30.000000 0.000000
0.920467 0.122501 30.000000 0.000000
0.940477 0.131881 30.000000 0.000000
0.960487 0.122597 30.000000 0.000000
0.980497 0.124777 30.000000 0.000000
1.000507 0.128606 30.000000 0.000000
1.020517 0.121072 30.000000 0.000000
1.040528 0.128166 30.000000 0.000000
1.060538 0.121487 30.000000 0.000000
1.080548 0.123442 30.000000 0.000000
1.100558 0.131229 30.000000 0.000000
1.120568 0.121764 30.000000 0.000000
1.140578 0.126218 30.000000 0.000000
1.160588 0.124102 30.000000 0.000000
1.180599 0.121196 30.000000 0.000000
1.200609 0.130526 30.000000 0.000000
1.220619 0.120377 30.000000 0.000000
1.240629 0.123664 30.000000 0.000000
1.260639 0.126370 30.000000 0.000000
1.280649 0.120210 30.000000 0.000000
1.300659 0.128287 30.000000 0.000000
1.320670 0.122948 30.000000 0.000000
1.340680 0.122300 30.000000 0.000000
1.360690 0.129367 30.000000 0.000000
1.380700 0.119134 30.000000 0.000000
1.400710 0.124130 30.000000 0.000000
1.420720 0.125161 30.000000 0.000000
1.440730 0.121407 30.000000 0.000000
1.460741 0.128622 30.000000 0.000000
1.480751 0.118701 30.000000 0.000000
1.500761 0.123049 30.000000 0.000000
1.520771 0.126119 30.000000 0.000000
1.540781 0.118554 30.000000 0.000000
1.560791 0.126405 30.000000 0.000000
1.580801 0.121013 30.000000 0.000000
1.600812 0.121631 30.000000 0.000000
1.620822 0.128250 30.000000 0.000000
1.640832 0.117898 30.000000 0.000000
1.660842 0.124510 30.000000 0.000000
1.680852 0.122758 30.000000 0.000000
1.700862 0.118935 30.000000 0.000000
1.720872 0.125438 30.000000 0.000000
1.740883 0.115516 30.000000 0.000000
1.760893 0.121070 30.000000 0.000000
1.780903 0.123236 30.000000 0.000000
1.800913 0.115969 30.000000 0.000000
1.820923 0.121812 30.000000 0.000000
1.840933 0.116187 30.000000 0.000000
1.860943 0.117116 30.000000 0.000000
1.880954 0.124343 30.000000 0.000000
1.900964 0.114689 30.000000 0.000000
1.920974 0.119135 30.000000 0.000000
1.940984 0.119598 30.000000 0.000000
1.960994 0.115506 30.000000 0.000000
1.981004 0.122933 30.000000 0.000000
2.001014 0.112549 30.000000 0.000000
2.021025 0.117968 30.000000 0.000000
2.041035 0.120968 30.000000 0.000000
2.061045 0.112774 30.000000 0.000000
2.081055 0.119102 30.000000 0.000000
2.101065 0.114050 30.000000 0.000000
2.121075 0.115476 30.000000 0.000000
2.141085 0.121204 30.000000 0.000000
2.161096 0.111176 30.000000 0.000000
2.181106 0.116995 30.000000 0.000000
2.201116 0.116282 30.000000 0.000000
2.221126 0.112151 30.000000 0.000000
2.241136 0.117816 30.000000 0.000000
2.261146 0.108704 30.000000 0.000000
2.281156 0.114341 30.000000 0.000000
2.301167 0.118199 30.000000 0.000000
2.321177 0.111239 30.000000 0.000000
2.341187 0.117166 30.000000 0.000000
2.361197 0.111809 30.000000 0.000000
2.381207 0.113709 30.000000 0.000000
2.401217 0.119562 30.000000 0.000000
2.421227 0.110172 30.000000 0.000000
2.441238 0.115292 30.000000 0.000000
2.461248 0.114275 30.000000 0.000000
2.481258 0.111611 30.000000 0.000000
2.501268 0.116842 30.000000 0.000000
2.521278 0.107898 30.000000 0.000000
2.541288 0.113677 30.000000 0.000000
2.561298 0.115590 30.000000 0.000000
2.581309 0.109422 30.000000 0.000000
2.601319 0.114579 30.000000 0.000000
2.621329 0.109277 30.000000 0.000000
2.641339 0.113194 30.000000 0.000000
2.661349 0.117894 30.000000 0.000000
2.681359 0.109567 30.000000 0.000000
2.701369 0.113905 30.000000 0.000000
2.721380 0.113468 30.000000 0.000000
2.741390 0.110472 30.000000 0.000000
2.761400 0.115869 30.000000 0.000000
2.781410 0.109567 30.000000 0.000000
2.801420 0.113747 30.000000 0.000000
2.821430 0.114977 30.000000 0.000000
2.841440 0.109502 30.000000 0.000000
2.861451 0.114689 30.000000 0.000000
2.881461 0.110671 30.000000 0.000000
2.901471 0.113017 30.000000 0.000000
2.921481 0.116048 30.000000 0.000000
2.941491 0.109117 30.000000 0.000000
2.961501 0.113822 30.000000 0.000000
2.981511 0.112691 30.000000 0.000000
3.001522 0.111167 30.000000 0.000000
3.021532 0.114198 30.000000 0.000000
3.041542 0.108906 30.000000 0.000000
3.061552 0.113880 30.000000 0.000000
3.081562 0.115027 30.000000 0.000000
3.101572 0.111041 30.000000 0.000000
3.121583 0.113219 30.000000 0.000000
3.141593 0.110403 30.000000 0.000000
3.161603 0.113621 30.000000 0.000000
3.181613 0.114641 30.000000 0.000000
3.201623 0.109903 30.000000 0.000000
3.221633 0.113098 30.000000 0.000000
3.241643 0.112383 30.000000 0.000000
3.261654 0.111847 30.000000 0.000000
3.281664 0.112896 30.000000 0.000000
3.301674 0.109484 30.000000 0.000000
3.321684 0.113946 30.000000 0.000000
3.341694 0.113689 30.000000 0.000000
3.361704 0.110801 30.000000 0.000000
3.381714 0.111153 30.000000 0.000000
3.401725 0.108701 30.000000 0.000000
3.421735 0.113165 30.000000 0.000000
3.441745 0.113400 30.000000 0.000000
3.461755 0.109819 30.000000 0.000000
3.481765 0.111970 30.000000 0.000000
3.501775 0.111715 30.000000 0.000000
3.521785 0.112649 30.000000 0.000000
3.541796 0.112238 30.000000 0.000000
3.561806 0.109281 30.000000 0.000000
3.581816 0.113818 30.000000 0.000000
3.601826 0.112838 30.000000 0.000000
3.621836 0.111237 30.000000 0.000000
3.641846 0.111145 30.000000 0.000000
3.661856 0.110503 30.000000 0.000000
3.681867 0.113923 30.000000 0.000000
3.701877 0.112778 30.000000 0.000000
3.721887 0.111340 30.000000 0.000000
3.741897 0.114642 30.000000 0.000000
3.761907 0.112379 30.000000 0.000000
3.781917 0.113461 30.000000 0.000000
3.801927 0.112770 30.000000 0.000000
3.821938 0.110081 30.000000 0.000000
3.841948 0.115026 30.000000 0.000000
3.861958 0.111426 30.000000 0.000000
3.881968 0.111757 30.000000 0.000000
3.901978 0.112083 30.000000 0.000000
3.921988 0.110830 30.000000 0.000000
3.941998 0.112981 30.000000 0.000000
3.962009 0.110378 30.000000 0.000000
3.982019 0.110406 30.000000 0.000000
4.002029 0.113696 30.000000 0.000000
4.022039 0.110176 30.000000 0.000000
4.042049 0.112338 30.000000 0.000000
4.062059 0.110732 30.000000 0.000000
4.082069 0.110596 30.000000 0.000000
4.102080 0.114882 30.000000 0.000000
4.122090 0.110901 30.000000 0.000000
4.142100 0.112128 30.000000 0.000000
4.162110 0.113641 30.000000 0.000000
4.182120 0.113126 30.000000 0.000000
4.202130 0.115081 30.000000 0.000000
4.222140 0.111055 30.000000 0.000000
4.242151 0.111365 30.000000 0.000000
4.262161 0.115674 30.000000 0.000000
4.282171 0.111368 30.000000 0.000000
4.302181 0.112991 30.000000 0.000000
4.322191 0.111507 30.000000 0.000000
4.342201 0.111194 30.000000 0.000000
4.362211 0.115852 30.000000 0.000000
4.382222 0.110130 30.000000 0.000000
4.402232 0.112656 30.000000 0.000000
4.422242 0.114313 30.000000 0.000000
4.442252 0.112128 30.000000 0.000000
4.462262 0.114588 30.000000 0.000000
4.482272 0.111129 30.000000 0.000000
4.502282 0.112561 30.000000 0.000000
4.522293 0.116700 30.000000 0.000000
4.542303 0.111403 30.000000 0.000000
4.562313 0.113498 30.000000 0.000000
4.582323 0.112381 30.000000 0.000000
4.602333 0.112235 30.000000 0.000000
4.622343 0.115827 30.000000 0.000000
4.642353 0.110781 30.000000 0.000000
4.662364 0.114141 30.000000 0.000000
4.682374 0.115638 30.000000 0.000000
4.702384 0.111036 30.000000 0.000000
4.722394 0.113326 30.000000 0.000000
4.742404 0.111018 30.000000 0.000000
4.762414 0.113331 30.000000 0.000000
4.782424 0.116333 30.000000 0.000000
4.802435 0.109120 30.000000 0.000000
4.822445 0.113070 30.000000 0.000000
4.842455 0.113296 30.000000 0.000000
4.862465 0.111659 30.000000 0.000000
4.882475 0.114205 30.000000 0.000000
4.902485 0.108845 30.000000 0.000000
4.922495 0.113943 30.000000 0.000000
4.942506 0.115866 30.000000 0.000000
4.962516 0.111752 30.000000 0.000000
4.982526 0.114877 30.000000 0.000000
5.002536 0.112433 30.000000 0.000000
5.022546 0.113833 30.000000 0.000000
5.042556 0.116505 30.000000 0.000000
5.062567 0.110323 30.000000 0.000000
5.082577 0.115559 30.000000 0.000000
5.102587 0.115734 30.000000 0.000000
5.122597 0.113841 30.000000 0.000000
5.142607 0.115254 30.000000 0.000000
5.162617 0.110143 30.000000 0.000000
5.182627 0.114851 30.000000 0.000000
5.202638 0.116652 30.000000 0.000000
5.222648 0.111125 30.000000 0.000000
5.242658 0.114612 30.000000 0.000000
5.262668 0.112987 30.000000 0.000000
5.282678 0.112343 30.000000 0.000000
5.302688 0.115377 30.000000 0.000000
5.322698 0.109656 30.000000 0.000000
5.342709 0.115581 30.000000 0.000000
5.362719 0.115147 30.000000 0.000000
5.382729 0.111570 30.000000 0.000000
5.402739 0.114988 30.000000 0.000000
5.422749 0.110945 30.000000 0.000000
5.442759 0.115087 30.000000 0.000000
5.462769 0.114543 30.000000 0.000000
5.482780 0.110416 30.000000 0.000000
5.502790 0.115232 30.000000 0.000000
5.522800 0.114281 30.000000 0.000000
5.542810 0.113442 30.000000 0.000000
5.562820 0.113979 30.000000 0.000000
5.582830 0.108550 30.000000 0.000000
5.602840 0.115533 30.000000 0.000000
5.622851 0.114702 30.000000 0.000000
5.642861 0.110271 30.000000 0.000000
5.662871 0.113136 30.000000 0.000000
5.682881 0.110069 30.000000 0.000000
5.702891 0.113433 30.000000 0.000000
5.722901 0.113218 30.000000 0.000000
5.742911 0.108219 30.000000 0.000000
5.762922 0.114780 30.000000 0.000000
5.782932 0.113211 30.000000 0.000000
5.802942 0.110712 30.000000 0.000000
5.822952 0.112319 30.000000 0.000000
5.842962 0.106657 30.000000 0.000000
5.862972 0.114966 30.000000 0.000000
5.882982 0.113258 30.000000 0.000000
5.902993 0.109157 30.000000 0.000000
5.923003 0.112152 30.000000 0.000000
5.943013 0.109064 30.000000 0.000000
5.963023 0.112354 30.000000 0.000000
5.983033 0.111799 30.000000 0.000000
6.003043 0.107527 30.000000 0.000000
6.023053 0.113534 30.000000 0.000000
6.043064 0.111589 30.000000 0.000000
6.063074 0.108786 30.000000 0.000000
6.083084 0.111203 30.000000 0.000000
6.103094 0.107296 30.000000 0.000000
6.123104 0.113890 30.000000 0.000000
6.143114 0.111375 30.000000 0.000000
6.163124 0.107251 30.000000 0.000000
6.183135 0.112655 30.000000 0.000000
6.203145 0.109273 30.000000 0.000000
6.223155 0.110946 30.000000 0.000000
6.243165 0.110703 30.000000 0.000000
6.263175 0.105935 30.000000 0.000000
