serial number: JANUSZ_3_RI70_21414871
torque: 12
start_temp: 25 (25)
finish_temp: 25 (25)
note: rezonacja?, przepuszczono
0.000000 0.214866 25.000000 0.000000
0.020010 0.218629 25.000000 0.000000
0.040020 0.214644 25.000000 0.000000
0.060030 0.216842 25.000000 0.000000
0.080041 0.219650 25.000000 0.000000
0.100051 0.217520 25.000000 0.000000
0.120061 0.219594 25.000000 0.000000
0.140071 0.217212 25.000000 0.000000
0.160081 0.214895 25.000000 0.000000
0.180091 0.221029 25.000000 0.000000
0.200101 0.218162 25.000000 0.000000
0.220112 0.217876 25.000000 0.000000
0.240122 0.218815 25.000000 0.000000
0.260132 0.214524 25.000000 0.000000
0.280142 0.219383 25.000000 0.000000
0.300152 0.216015 25.000000 0.000000
0.320162 0.215291 25.000000 0.000000
0.340172 0.218288 25.000000 0.000000
0.360183 0.214817 25.000000 0.000000
0.380193 0.217147 25.000000 0.000000
0.400203 0.217515 25.000000 0.000000
0.420213 0.214381 25.000000 0.000000
0.440223 0.219310 25.000000 0.000000
0.460233 0.215305 25.000000 0.000000
0.480243 0.216390 25.000000 0.000000
0.500254 0.217677 25.000000 0.000000
0.520264 0.212302 25.000000 0.000000
0.540274 0.218469 25.000000 0.000000
0.560284 0.215582 25.000000 0.000000
0.580294 0.213527 25.000000 0.000000
0.600304 0.216547 25.000000 0.000000
0.620314 0.212571 25.000000 0.000000
0.640325 0.215437 25.000000 0.000000
0.660335 0.215157 25.000000 0.000000
0.680345 0.213631 25.000000 0.000000
0.700355 0.216687 25.000000 0.000000
0.720365 0.213858 25.000000 0.000000
0.740375 0.212872 25.000000 0.000000
0.760385 0.214231 25.000000 0.000000
0.780396 0.191213 25.000000 0.000000
0.800406 0.213696 24.999477 0.000000
0.820416 0.213272 24.995080 0.000000
0.840426 0.209799 25.000000 0.000000
0.860436 0.214704 25.000000 0.000000
0.880446 0.210595 25.000000 0.000000
0.900456 0.212111 25.000000 0.000000
0.920467 0.212614 25.000000 0.000000
0.940477 0.208838 25.000000 0.000000
0.960487 0.214706 25.000000 0.000000
0.980497 0.210841 25.000000 0.000000
1.000507 0.209260 25.000000 0.000000
1.020517 0.211393 25.000000 0.000000
1.040528 0.208689 25.000000 0.000000
1.060538 0.214762 25.000000 0.000000
1.080548 0.211388 25.000000 0.000000
1.100558 0.208417 25.000000 0.000000
1.120568 0.212723 25.000000 0.000000
1.140578 0.209924 25.000000 0.000000
1.160588 0.212464 25.000000 0.000000
1.180599 0.211665 25.000000 0.000000
1.200609 0.209024 25.000000 0.000000
1.220619 0.215190 25.000000 0.000000
1.240629 0.213912 25.000000 0.000000
1.260639 0.210966 25.000000 0.000000
1.280649 0.212736 25.000000 0.000000
1.300659 0.210277 25.000000 0.000000
1.320670 0.215847 25.000000 0.000000
1.340680 0.214216 25.000000 0.000000
1.360690 0.209563 25.000000 0.000000
1.380700 0.214307 25.000000 0.000000
1.400710 0.211668 25.000000 0.000000
1.420720 0.213679 25.000000 0.000000
1.440730 0.211747 25.000000 0.000000
1.460741 0.209336 25.000000 0.000000
1.480751 0.215052 25.000000 0.000000
1.500761 0.212002 25.000000 0.000000
1.520771 0.210460 25.000000 0.000000
1.540781 0.210343 25.000000 0.000000
1.560791 0.208820 25.000000 0.000000
1.580801 0.215421 25.000000 0.000000
1.600812 0.212791 25.000000 0.000000
1.620822 0.210497 25.000000 0.000000
1.640832 0.213424 25.000000 0.000000
1.660842 0.211456 25.000000 0.000000
1.680852 0.216146 25.000000 0.000000
1.700862 0.212588 25.000000 0.000000
1.720872 0.212215 25.000000 0.000000
1.740883 0.217816 25.000000 0.000000
1.760893 0.214965 25.000000 0.000000
1.780903 0.213823 25.000000 0.000000
1.800913 0.214178 25.000000 0.000000
1.820923 0.212544 25.000000 0.000000
1.840933 0.220159 25.000000 0.000000
1.860943 0.217294 25.000000 0.000000
1.880954 0.212128 25.000000 0.000000
1.900964 0.216857 25.000000 0.000000
1.920974 0.213410 25.000000 0.000000
1.940984 0.219257 25.000000 0.000000
1.960994 0.215170 25.000000 0.000000
1.981004 0.213468 25.000000 0.000000
2.001014 0.219039 25.000000 0.000000
2.021025 0.215321 25.000000 0.000000
2.041035 0.215791 25.000000 0.000000
2.061045 0.214052 25.000000 0.000000
2.081055 0.214067 25.000000 0.000000
2.101065 0.220118 25.000000 0.000000
2.121075 0.216464 25.000000 0.000000
2.141085 0.212486 25.000000 0.000000
2.161096 0.215482 25.000000 0.000000
2.181106 0.214247 25.000000 0.000000
2.201116 0.220606 25.000000 0.000000
2.221126 0.215288 25.000000 0.000000
2.241136 0.213902 25.000000 0.000000
2.261146 0.220067 25.000000 0.000000
2.281156 0.215357 25.000000 0.000000
2.301167 0.217790 25.000000 0.000000
2.321177 0.215506 25.000000 0.000000
2.341187 0.214818 25.000000 0.000000
2.361197 0.222646 25.000000 0.000000
2.381207 0.217723 25.000000 0.000000
2.401217 0.213486 25.000000 0.000000
2.421227 0.218048 25.000000 0.000000
2.441238 0.213669 25.000000 0.000000
2.461248 0.221065 25.000000 0.000000
2.481258 0.215360 25.000000 0.000000
2.501268 0.213772 25.000000 0.000000
2.521278 0.220156 25.000000 0.000000
2.541288 0.215320 25.000000 0.000000
2.561298 0.218697 25.000000 0.000000
2.581309 0.214573 25.000000 0.000000
2.601319 0.214294 25.000000 0.000000
2.621329 0.221377 25.000000 0.000000
2.641339 0.217020 25.000000 0.000000
2.661349 0.214135 25.000000 0.000000
2.681359 0.217374 25.000000 0.000000
2.701369 0.214500 25.000000 0.000000
2.721380 0.219870 25.000000 0.000000
2.741390 0.215564 25.000000 0.000000
2.761400 0.212820 25.000000 0.000000
2.781410 0.219987 24.998082 0.000000
2.801420 0.213993 24.996987 0.000000
2.821430 0.217675 25.000000 0.000000
2.841440 0.215404 25.000000 0.000000
2.861451 0.213506 25.000000 0.000000
2.881461 0.220698 25.000000 0.000000
2.901471 0.215736 25.000000 0.000000
2.921481 0.215406 25.000000 0.000000
2.941491 0.217757 25.000000 0.000000
2.961501 0.215804 25.000000 0.000000
2.981511 0.219907 25.000000 0.000000
3.001522 0.215484 25.000000 0.000000
3.021532 0.214039 25.000000 0.000000
3.041542 0.218207 25.000000 0.000000
3.061552 0.213563 25.000000 0.000000
3.081562 0.215589 25.000000 0.000000
3.101572 0.215546 25.000000 0.000000
3.121583 0.214978 25.000000 0.000000
3.141593 0.217812 25.000000 0.000000
3.161603 0.214927 25.000000 0.000000
3.181613 0.214062 25.000000 0.000000
3.201623 0.216626 25.000000 0.000000
3.221633 0.215650 25.000000 0.000000
3.241643 0.216556 25.000000 0.000000
3.261654 0.214752 25.000000 0.000000
3.281664 0.213630 25.000000 0.000000
3.301674 0.216745 25.000000 0.000000
3.321684 0.214606 25.000000 0.000000
3.341694 0.215891 25.000000 0.000000
3.361704 0.216363 25.000000 0.000000
3.381714 0.214934 25.000000 0.000000
3.401725 0.215118 25.000000 0.000000
3.421735 0.214721 25.000000 0.000000
3.441745 0.215222 25.000000 0.000000
3.461755 0.215602 25.000000 0.000000
3.481765 0.215790 25.000000 0.000000
3.501775 0.213880 25.000000 0.000000
3.521785 0.214704 25.000000 0.000000
3.541796 0.214823 25.000000 0.000000
3.561806 0.215242 25.000000 0.000000
3.581816 0.215449 25.000000 0.000000
3.601826 0.214534 25.000000 0.000000
3.621836 0.215765 25.000000 0.000000
3.641846 0.215405 25.000000 0.000000
3.661856 0.212870 25.000000 0.000000
3.681867 0.214087 25.000000 0.000000
3.701877 0.215563 25.000000 0.000000
3.721887 0.215363 25.000000 0.000000
3.741897 0.213945 25.000000 0.000000
3.761907 0.212580 25.000000 0.000000
3.781917 0.213724 25.000000 0.000000
3.801927 0.215570 25.000000 0.000000
3.821938 0.214122 25.000000 0.000000
3.841948 0.212876 25.000000 0.000000
3.861958 0.214671 25.000000 0.000000
3.881968 0.214362 25.000000 0.000000
3.901978 0.214373 25.000000 0.000000
3.921988 0.211978 25.000000 0.000000
3.941998 0.213163 25.000000 0.000000
3.962009 0.216476 25.000000 0.000000
3.982019 0.213837 25.000000 0.000000
4.002029 0.213456 25.000000 0.000000
4.022039 0.212125 25.000000 0.000000
4.042049 0.213624 25.000000 0.000000
4.062059 0.216872 25.000000 0.000000
4.082069 0.212680 25.000000 0.000000
4.102080 0.214233 25.000000 0.000000
4.122090 0.216288 25.000000 0.000000
4.142100 0.215593 25.000000 0.000000
4.162110 0.216202 25.000000 0.000000
4.182120 0.213525 25.000000 0.000000
4.202130 0.214289 25.000000 0.000000
4.222140 0.218700 25.000000 0.000000
4.242151 0.215089 25.000000 0.000000
4.262161 0.213963 25.000000 0.000000
4.282171 0.215993 25.000000 0.000000
4.302181 0.214654 25.000000 0.000000
4.322191 0.217427 25.000000 0.000000
4.342201 0.212601 25.000000 0.000000
4.362211 0.212541 25.000000 0.000000
4.382222 0.218898 25.000000 0.000000
4.402232 0.216029 25.000000 0.000000
4.422242 0.215571 25.000000 0.000000
4.442252 0.212652 25.000000 0.000000
4.462262 0.212842 25.000000 0.000000
4.482272 0.220432 25.000000 0.000000
4.502282 0.214520 25.000000 0.000000
4.522293 0.213738 25.000000 0.000000
4.542303 0.216996 25.000000 0.000000
4.562313 0.213639 25.000000 0.000000
4.582323 0.216099 25.000000 0.000000
4.602333 0.212232 25.000000 0.000000
4.622343 0.213196 25.000000 0.000000
4.642353 0.220997 25.000000 0.000000
4.662364 0.215632 25.000000 0.000000
4.682374 0.213805 25.000000 0.000000
4.702384 0.214252 25.000000 0.000000
4.722394 0.213386 25.000000 0.000000
4.742404 0.221303 25.000000 0.000000
4.762414 0.213958 25.000000 0.000000
4.782424 0.212756 25.000000 0.000000
4.802435 0.218789 25.000000 0.000000
4.822445 0.213953 25.000000 0.000000
4.842455 0.216833 25.000000 0.000000
4.862465 0.213745 25.000000 0.000000
4.882475 0.214032 25.000000 0.000000
4.902485 0.221873 25.000000 0.000000
4.922495 0.215366 25.000000 0.000000
4.942506 0.213850 25.000000 0.000000
4.962516 0.215646 25.000000 0.000000
4.982526 0.214678 25.000000 0.000000
5.002536 0.220478 25.000000 0.000000
5.022546 0.213601 25.000000 0.000000
5.042556 0.213453 25.000000 0.000000
5.062567 0.220007 25.000000 0.000000
5.082577 0.215667 25.000000 0.000000
5.102587 0.217139 25.000000 0.000000
5.122597 0.215292 25.000000 0.000000
5.142607 0.214677 25.000000 0.000000
5.162617 0.221505 25.000000 0.000000
5.182627 0.216150 25.000000 0.000000
5.202638 0.214903 25.000000 0.000000
5.222648 0.217720 25.000000 0.000000
5.242658 0.215463 25.000000 0.000000
5.262668 0.220313 25.000000 0.000000
5.282678 0.214597 25.000000 0.000000
5.302688 0.215270 25.000000 0.000000
5.322698 0.220288 25.000000 0.000000
5.342709 0.215891 25.000000 0.000000
5.362719 0.216696 25.000000 0.000000
5.382729 0.213664 25.000000 0.000000
5.402739 0.214397 25.000000 0.000000
5.422749 0.219787 25.000000 0.000000
5.442759 0.215205 25.000000 0.000000
5.462769 0.216237 25.000000 0.000000
5.482780 0.217205 25.000000 0.000000
5.502790 0.214878 25.000000 0.000000
5.522800 0.218347 25.000000 0.000000
5.542810 0.214896 25.000000 0.000000
5.562820 0.216868 25.000000 0.000000
5.582830 0.219720 25.000000 0.000000
5.602840 0.215762 25.000000 0.000000
5.622851 0.216101 25.000000 0.000000
5.642861 0.214767 25.000000 0.000000
5.662871 0.216906 25.000000 0.000000
5.682881 0.220326 25.000000 0.000000
5.702891 0.216273 25.000000 0.000000
5.722901 0.215981 25.000000 0.000000
5.742911 0.216770 25.000000 0.000000
5.762922 0.214297 25.000000 0.000000
5.782932 0.217972 25.000000 0.000000
5.802942 0.216165 25.000000 0.000000
5.822952 0.217200 25.000000 0.000000
5.842962 0.218928 25.000000 0.000000
5.862972 0.215850 25.000000 0.000000
5.882982 0.217212 25.000000 0.000000
5.902993 0.216043 25.000000 0.000000
5.923003 0.216709 25.000000 0.000000
5.943013 0.219247 25.000000 0.000000
5.963023 0.216726 25.000000 0.000000
5.983033 0.217597 25.000000 0.000000
6.003043 0.217408 25.000000 0.000000
6.023053 0.216524 25.000000 0.000000
6.043064 0.218890 25.000000 0.000000
6.063074 0.215736 25.000000 0.000000
6.083084 0.217064 25.000000 0.000000
6.103094 0.218874 25.000000 0.000000
6.123104 0.216305 25.000000 0.000000
6.143114 0.218354 25.000000 0.000000
6.163124 0.216073 25.000000 0.000000
6.183135 0.216231 25.000000 0.000000
6.203145 0.218692 25.000000 0.000000
6.223155 0.215797 25.000000 0.000000
6.243165 0.216546 25.000000 0.000000
6.263175 0.217947 25.000000 0.000000
