serial number: JANUSZ_3_RI70_21414871
torque: 8
start_temp: 30 (31)
finish_temp: 30 (31)
note: zdjęty z robota, soft 19.07 oryg. PIDy , oś 5, po złożeniu TK
0.000000 0.110069 30.000000 0.000000
0.020010 0.110790 30.000000 0.000000
0.040020 0.108645 30.000000 0.000000
0.060030 0.107174 30.000000 0.000000
0.080041 0.110787 30.000000 0.000000
0.100051 0.109659 30.000000 0.000000
0.120061 0.109079 30.000000 0.000000
0.140071 0.108971 30.000000 0.000000
0.160081 0.109976 30.000000 0.000000
0.180091 0.112870 30.000000 0.000000
0.200101 0.109060 30.000000 0.000000
0.220112 0.111081 30.000000 0.000000
0.240122 0.124983 30.000000 0.000000
0.260132 0.125458 30.000000 0.000000
0.280142 0.122739 30.000000 0.000000
0.300152 0.122216 30.000000 0.000000
0.320162 0.125019 30.000000 0.000000
0.340172 0.125762 30.000000 0.000000
0.360183 0.123972 30.000000 0.000000
0.380193 0.123602 30.000000 0.000000
0.400203 0.122774 30.000000 0.000000
0.420213 0.125175 30.000000 0.000000
0.440223 0.125549 30.000000 0.000000
0.460233 0.122614 30.000000 0.000000
0.480243 0.125912 30.000000 0.000000
0.500254 0.124736 30.000000 0.000000
0.520264 0.125231 30.000000 0.000000
0.540274 0.122768 30.000000 0.000000
0.560284 0.122589 30.000000 0.000000
0.580294 0.126591 30.000000 0.000000
0.600304 0.125400 30.000000 0.000000
0.620314 0.122954 30.000000 0.000000
0.640325 0.123906 30.000000 0.000000
0.660335 0.123078 30.000000 0.000000
0.680345 0.122907 30.000000 0.000000
0.700355 0.122123 30.000000 0.000000
0.720365 0.119959 30.000000 0.000000
0.740375 0.122982 30.000000 0.000000
0.760385 0.123540 30.000000 0.000000
0.780396 0.122872 30.000000 0.000000
0.800406 0.123712 30.000000 0.000000
0.820416 0.123065 30.000000 0.000000
0.840426 0.126194 30.000000 0.000000
0.860436 0.124582 30.000000 0.000000
0.880446 0.121898 30.000000 0.000000
0.900456 0.125425 30.000000 0.000000
0.920467 0.123655 30.000000 0.000000
0.940477 0.124852 30.000000 0.000000
0.960487 0.123197 30.000000 0.000000
0.980497 0.121421 30.000000 0.000000
1.000507 0.125347 30.000000 0.000000
1.020517 0.122140 30.000000 0.000000
1.040528 0.121209 30.000000 0.000000
1.060538 0.121329 30.000000 0.000000
1.080548 0.120735 30.000000 0.000000
1.100558 0.123850 30.000000 0.000000
1.120568 0.121785 30.000000 0.000000
1.140578 0.120246 30.000000 0.000000
1.160588 0.122782 30.000000 0.000000
1.180599 0.121325 30.000000 0.000000
1.200609 0.122426 30.000000 0.000000
1.220619 0.121565 30.000000 0.000000
1.240629 0.120029 30.000000 0.000000
1.260639 0.125092 30.000000 0.000000
1.280649 0.121596 30.000000 0.000000
1.300659 0.120867 30.000000 0.000000
1.320670 0.121407 30.000000 0.000000
1.340680 0.119653 30.000000 0.000000
1.360690 0.123124 30.000000 0.000000
1.380700 0.120452 30.000000 0.000000
1.400710 0.118398 30.000000 0.000000
1.420720 0.122198 30.000000 0.000000
1.440730 0.118452 30.000000 0.000000
1.460741 0.119741 30.000000 0.000000
1.480751 0.119647 30.000000 0.000000
1.500761 0.117680 30.000000 0.000000
1.520771 0.121942 30.000000 0.000000
1.540781 0.117880 30.000000 0.000000
1.560791 0.117077 30.000000 0.000000
1.580801 0.120420 30.000000 0.000000
1.600812 0.118763 30.000000 0.000000
1.620822 0.121788 30.000000 0.000000
1.640832 0.119334 30.000000 0.000000
1.660842 0.116834 30.000000 0.000000
1.680852 0.122199 30.000000 0.000000
1.700862 0.118135 30.000000 0.000000
1.720872 0.118703 30.000000 0.000000
1.740883 0.117487 30.000000 0.000000
1.760893 0.116034 30.000000 0.000000
1.780903 0.121785 30.000000 0.000000
1.800913 0.116919 30.000000 0.000000
1.820923 0.115139 30.000000 0.000000
1.840933 0.119304 30.000000 0.000000
1.860943 0.115190 30.000000 0.000000
1.880954 0.119157 30.000000 0.000000
1.900964 0.116870 30.000000 0.000000
1.920974 0.114164 30.000000 0.000000
1.940984 0.121013 30.000000 0.000000
1.960994 0.115657 30.000000 0.000000
1.981004 0.116477 30.000000 0.000000
2.001014 0.115557 30.000000 0.000000
2.021025 0.113617 30.000000 0.000000
2.041035 0.120345 30.000000 0.000000
2.061045 0.114848 30.000000 0.000000
2.081055 0.113163 30.000000 0.000000
2.101065 0.117033 30.000000 0.000000
2.121075 0.112867 30.000000 0.000000
2.141085 0.118126 30.000000 0.000000
2.161096 0.115698 30.000000 0.000000
2.181106 0.112063 30.000000 0.000000
2.201116 0.118561 30.000000 0.000000
2.221126 0.112056 30.000000 0.000000
2.241136 0.113592 30.000000 0.000000
2.261146 0.114047 30.000000 0.000000
2.281156 0.110538 30.000000 0.000000
2.301167 0.117426 30.000000 0.000000
2.321177 0.110546 30.000000 0.000000
2.341187 0.110019 30.000000 0.000000
2.361197 0.115779 30.000000 0.000000
2.381207 0.109773 30.000000 0.000000
2.401217 0.115658 30.000000 0.000000
2.421227 0.112955 30.000000 0.000000
2.441238 0.110036 30.000000 0.000000
2.461248 0.117881 30.000000 0.000000
2.481258 0.110105 30.000000 0.000000
2.501268 0.112873 30.000000 0.000000
2.521278 0.112826 30.000000 0.000000
2.541288 0.109441 30.000000 0.000000
2.561298 0.117293 30.000000 0.000000
2.581309 0.111022 30.000000 0.000000
2.601319 0.110212 30.000000 0.000000
2.621329 0.115737 30.000000 0.000000
2.641339 0.109794 30.000000 0.000000
2.661349 0.114868 30.000000 0.000000
2.681359 0.111965 30.000000 0.000000
2.701369 0.108813 30.000000 0.000000
2.721380 0.117762 30.000000 0.000000
2.741390 0.109061 30.000000 0.000000
2.761400 0.111666 30.000000 0.000000
2.781410 0.111520 30.000000 0.000000
2.801420 0.108135 30.000000 0.000000
2.821430 0.116746 30.000000 0.000000
2.841440 0.109134 30.000000 0.000000
2.861451 0.108713 30.000000 0.000000
2.881461 0.114460 30.000000 0.000000
2.901471 0.108397 30.000000 0.000000
2.921481 0.114550 30.000000 0.000000
2.941491 0.111268 30.000000 0.000000
2.961501 0.108452 30.000000 0.000000
2.981511 0.117388 30.000000 0.000000
3.001522 0.110195 30.000000 0.000000
3.021532 0.112091 30.000000 0.000000
3.041542 0.111716 30.000000 0.000000
3.061552 0.108274 30.000000 0.000000
3.081562 0.116466 30.000000 0.000000
3.101572 0.109931 30.000000 0.000000
3.121583 0.109516 30.000000 0.000000
3.141593 0.114547 30.000000 0.000000
3.161603 0.108680 30.000000 0.000000
3.181613 0.113594 30.000000 0.000000
3.201623 0.111133 30.000000 0.000000
3.221633 0.107902 30.000000 0.000000
3.241643 0.115623 30.000000 0.000000
3.261654 0.108872 30.000000 0.000000
3.281664 0.110818 30.000000 0.000000
3.301674 0.111582 30.000000 0.000000
3.321684 0.108458 30.000000 0.000000
3.341694 0.115535 30.000000 0.000000
3.361704 0.109959 30.000000 0.000000
3.381714 0.108917 30.000000 0.000000
3.401725 0.115210 30.000000 0.000000
3.421735 0.109360 30.000000 0.000000
3.441745 0.113652 30.000000 0.000000
3.461755 0.111222 30.000000 0.000000
3.481765 0.108569 30.000000 0.000000
3.501775 0.115753 30.000000 0.000000
3.521785 0.109264 30.000000 0.000000
3.541796 0.110921 30.000000 0.000000
3.561806 0.111820 30.000000 0.000000
3.581816 0.108712 30.000000 0.000000
3.601826 0.114672 30.000000 0.000000
3.621836 0.109496 30.000000 0.000000
3.641846 0.109021 30.000000 0.000000
3.661856 0.114103 30.000000 0.000000
3.681867 0.108266 30.000000 0.000000
3.701877 0.111496 30.000000 0.000000
3.721887 0.110073 30.000000 0.000000
3.741897 0.108517 30.000000 0.000000
3.761907 0.114829 30.000000 0.000000
3.781917 0.108921 30.000000 0.000000
3.801927 0.110543 30.000000 0.000000
3.821938 0.112447 30.000000 0.000000
3.841948 0.108884 30.000000 0.000000
3.861958 0.114047 30.000000 0.000000
3.881968 0.109768 30.000000 0.000000
3.901978 0.109585 30.000000 0.000000
3.921988 0.114581 30.000000 0.000000
3.941998 0.109827 30.000000 0.000000
3.962009 0.113100 30.000000 0.000000
3.982019 0.111589 30.000000 0.000000
4.002029 0.111105 30.000000 0.000000
4.022039 0.115248 30.000000 0.000000
4.042049 0.109776 30.000000 0.000000
4.062059 0.110189 30.000000 0.000000
4.082069 0.112068 30.000000 0.000000
4.102080 0.109087 30.000000 0.000000
4.122090 0.113436 30.000000 0.000000
4.142100 0.110515 30.000000 0.000000
4.162110 0.111084 30.000000 0.000000
4.182120 0.113956 30.000000 0.000000
4.202130 0.109469 30.000000 0.000000
4.222140 0.112215 30.000000 0.000000
4.242151 0.112103 30.000000 0.000000
4.262161 0.111713 30.000000 0.000000
4.282171 0.115412 30.000000 0.000000
4.302181 0.110171 30.000000 0.000000
4.322191 0.111225 30.000000 0.000000
4.342201 0.114097 30.000000 0.000000
4.362211 0.110143 30.000000 0.000000
4.382222 0.114428 30.000000 0.000000
4.402232 0.111842 30.000000 0.000000
4.422242 0.113026 30.000000 0.000000
4.442252 0.115068 30.000000 0.000000
4.462262 0.109575 30.000000 0.000000
4.482272 0.112456 30.000000 0.000000
4.502282 0.112723 30.000000 0.000000
4.522293 0.111850 30.000000 0.000000
4.542303 0.113392 30.000000 0.000000
4.562313 0.110077 30.000000 0.000000
4.582323 0.113090 30.000000 0.000000
4.602333 0.114096 30.000000 0.000000
4.622343 0.109641 30.000000 0.000000
4.642353 0.111711 30.000000 0.000000
4.662364 0.111007 30.000000 0.000000
4.682374 0.112742 30.000000 0.000000
4.702384 0.114944 30.000000 0.000000
4.722394 0.110372 30.000000 0.000000
4.742404 0.111985 30.000000 0.000000
4.762414 0.112952 30.000000 0.000000
4.782424 0.111842 30.000000 0.000000
4.802435 0.114307 30.000000 0.000000
4.822445 0.111132 30.000000 0.000000
4.842455 0.113950 30.000000 0.000000
4.862465 0.115010 30.000000 0.000000
4.882475 0.109904 30.000000 0.000000
4.902485 0.113969 30.000000 0.000000
4.922495 0.113608 30.000000 0.000000
4.942506 0.114766 30.000000 0.000000
4.962516 0.115215 30.000000 0.000000
4.982526 0.111152 30.000000 0.000000
5.002536 0.115453 30.000000 0.000000
5.022546 0.114136 30.000000 0.000000
5.042556 0.112115 30.000000 0.000000
5.062567 0.113884 30.000000 0.000000
5.082577 0.112838 30.000000 0.000000
5.102587 0.114183 30.000000 0.000000
5.122597 0.114133 30.000000 0.000000
5.142607 0.109606 30.000000 0.000000
5.162617 0.113976 30.000000 0.000000
5.182627 0.113369 30.000000 0.000000
5.202638 0.112759 30.000000 0.000000
5.222648 0.114339 30.000000 0.000000
5.242658 0.110686 30.000000 0.000000
5.262668 0.116063 30.000000 0.000000
5.282678 0.114607 30.000000 0.000000
5.302688 0.110172 30.000000 0.000000
5.322698 0.113512 30.000000 0.000000
5.342709 0.112185 30.000000 0.000000
5.362719 0.115489 30.000000 0.000000
5.382729 0.114573 30.000000 0.000000
5.402739 0.109839 30.000000 0.000000
5.422749 0.115006 30.000000 0.000000
5.442759 0.112783 30.000000 0.000000
5.462769 0.111969 30.000000 0.000000
5.482780 0.112689 30.000000 0.000000
5.502790 0.111311 30.000000 0.000000
5.522800 0.114661 30.000000 0.000000
5.542810 0.112807 30.000000 0.000000
5.562820 0.109238 30.000000 0.000000
5.582830 0.113026 30.000000 0.000000
5.602840 0.112103 30.000000 0.000000
5.622851 0.112899 30.000000 0.000000
5.642861 0.112426 30.000000 0.000000
5.662871 0.108089 30.000000 0.000000
5.682881 0.114138 30.000000 0.000000
5.702891 0.112288 30.000000 0.000000
5.722901 0.110253 30.000000 0.000000
5.742911 0.111523 30.000000 0.000000
5.762922 0.109831 30.000000 0.000000
5.782932 0.113487 30.000000 0.000000
5.802942 0.111295 30.000000 0.000000
5.822952 0.108419 30.000000 0.000000
5.842962 0.112493 30.000000 0.000000
5.862972 0.110661 30.000000 0.000000
5.882982 0.110877 30.000000 0.000000
5.902993 0.110267 30.000000 0.000000
5.923003 0.108349 30.000000 0.000000
5.943013 0.113828 30.000000 0.000000
5.963023 0.110801 30.000000 0.000000
5.983033 0.108645 30.000000 0.000000
6.003043 0.110418 30.000000 0.000000
6.023053 0.110453 30.000000 0.000000
6.043064 0.113124 30.000000 0.000000
6.063074 0.110566 30.000000 0.000000
6.083084 0.107704 30.000000 0.000000
6.103094 0.112280 30.000000 0.000000
6.123104 0.110478 30.000000 0.000000
6.143114 0.109320 30.000000 0.000000
6.163124 0.110001 30.000000 0.000000
6.183135 0.109107 30.000000 0.000000
6.203145 0.112854 30.000000 0.000000
6.223155 0.109184 30.000000 0.000000
6.243165 0.106606 30.000000 0.000000
6.263175 0.109578 30.000000 0.000000
