serial number: JANUSZ_3_RI70_21414871
torque: 8
start_temp: 32 (32)
finish_temp: 31 (32)
note: zdjęty z robota, soft 19.07 oryg. PIDy , oś 5, po złożeniu TK, po docieraniu
0.000000 0.109264 31.004785 0.000000
0.020010 0.109695 31.021560 0.000000
0.040020 0.110596 31.013394 0.000000
0.060030 0.108402 31.008471 0.000000
0.080041 0.113556 31.003974 0.000000
0.100051 0.109484 31.028850 0.000000
0.120061 0.106905 31.008000 0.000000
0.140071 0.109706 31.010874 0.000000
0.160081 0.108955 31.024348 0.000000
0.180091 0.110432 31.013706 0.000000
0.200101 0.108770 31.010940 0.000000
0.220112 0.107045 31.034177 0.000000
0.240122 0.111864 31.020113 0.000000
0.260132 0.108517 31.009524 0.000000
0.280142 0.108027 31.031172 0.000000
0.300152 0.109137 31.015785 0.000000
0.320162 0.108731 31.005952 0.000000
0.340172 0.112121 31.014379 0.000000
0.360183 0.109037 31.007895 0.000000
0.380193 0.108296 31.006803 0.000000
0.400203 0.111821 31.010874 0.000000
0.420213 0.110479 31.017111 0.000000
0.440223 0.111337 31.011748 0.000000
0.460233 0.109947 31.008658 0.000000
0.480243 0.110748 31.008889 0.000000
0.500254 0.114298 31.009480 0.000000
0.520264 0.110229 31.004878 0.000000
0.540274 0.109237 31.007092 0.000000
0.560284 0.110453 31.000000 0.000000
0.580294 0.111828 31.011250 0.000000
0.600304 0.113016 31.012026 0.000000
0.620314 0.109562 31.010396 0.000000
0.640325 0.109576 31.006993 0.000000
0.660335 0.112791 31.004831 0.000000
0.680345 0.111620 31.037727 0.000000
0.700355 0.112059 31.041944 0.000000
0.720365 0.110735 31.031826 0.000000
0.740375 0.112321 31.043537 0.000000
0.760385 0.114197 31.003409 0.000000
0.780396 0.109485 31.014423 0.000000
0.800406 0.110944 31.000000 0.000000
0.820416 0.111111 31.017699 0.000000
0.840426 0.113364 31.000000 0.000000
0.860436 0.114630 31.000000 0.000000
0.880446 0.109764 31.008850 0.000000
0.900456 0.112580 31.000000 0.000000
0.920467 0.112263 31.002105 0.000000
0.940477 0.111747 31.003237 0.000000
0.960487 0.113135 31.000000 0.000000
0.980497 0.111004 31.004329 0.000000
1.000507 0.114537 31.000000 0.000000
1.020517 0.114016 31.009778 0.000000
1.040528 0.109840 31.015961 0.000000
1.060538 0.113247 31.000000 0.000000
1.080548 0.110815 31.000000 0.000000
1.100558 0.113594 31.000000 0.000000
1.120568 0.113035 31.000000 0.000000
1.140578 0.109970 31.000000 0.000000
1.160588 0.114454 31.000000 0.000000
1.180599 0.113026 31.001315 0.000000
1.200609 0.110420 31.015238 0.000000
1.220619 0.112823 31.001103 0.000000
1.240629 0.109716 31.001368 0.000000
1.260639 0.114690 31.004892 0.000000
1.280649 0.114522 31.000000 0.000000
1.300659 0.109351 31.000000 0.000000
1.320670 0.113921 31.000000 0.000000
1.340680 0.110029 31.000000 0.000000
1.360690 0.112962 31.006757 0.000000
1.380700 0.111926 31.018519 0.000000
1.400710 0.108854 31.013761 0.000000
1.420720 0.114146 31.003259 0.000000
1.440730 0.111784 31.007059 0.000000
1.460741 0.109877 31.005988 0.000000
1.480751 0.112218 31.000000 0.000000
1.500761 0.110071 31.000000 0.000000
1.520771 0.115108 31.000000 0.000000
1.540781 0.112953 31.005236 0.000000
1.560791 0.107526 31.000000 0.000000
1.580801 0.112113 31.007246 0.000000
1.600812 0.109321 31.000000 0.000000
1.620822 0.112587 31.005753 0.000000
1.640832 0.112049 31.000947 0.000000
1.660842 0.107417 31.000000 0.000000
1.680852 0.112930 31.000000 0.000000
1.700862 0.110015 31.000000 0.000000
1.720872 0.107802 31.000000 0.000000
1.740883 0.111534 31.006579 0.000000
1.760893 0.107238 31.003515 0.000000
1.780903 0.113334 31.001159 0.000000
1.800913 0.111023 31.000000 0.000000
1.820923 0.105789 31.015228 0.000000
1.840933 0.113268 31.000000 0.000000
1.860943 0.107598 31.000000 0.000000
1.880954 0.112121 31.007042 0.000000
1.900964 0.111772 31.000000 0.000000
1.920974 0.106495 31.000000 0.000000
1.940984 0.114567 31.006316 0.000000
1.960994 0.108764 31.017479 0.000000
1.981004 0.107791 31.000000 0.000000
2.001014 0.111137 31.006369 0.000000
2.021025 0.106507 31.004202 0.000000
2.041035 0.112806 31.000000 0.000000
2.061045 0.109706 31.000000 0.000000
2.081055 0.105608 31.005405 0.000000
2.101065 0.113626 31.000000 0.000000
2.121075 0.106403 31.000000 0.000000
2.141085 0.110062 31.021429 0.000000
2.161096 0.110219 31.000000 0.000000
2.181106 0.105176 31.000000 0.000000
2.201116 0.113993 31.000000 0.000000
2.221126 0.107022 31.004098 0.000000
2.241136 0.106792 31.000000 0.000000
2.261146 0.111077 31.000000 0.000000
2.281156 0.105899 31.000000 0.000000
2.301167 0.113224 31.004478 0.000000
2.321177 0.107891 31.001770 0.000000
2.341187 0.104521 31.000000 0.000000
2.361197 0.113469 31.000000 0.000000
2.381207 0.106121 31.000000 0.000000
2.401217 0.110955 31.000000 0.000000
2.421227 0.108558 31.000000 0.000000
2.441238 0.104439 31.000000 0.000000
2.461248 0.114468 31.000000 0.000000
2.481258 0.106347 31.000000 0.000000
2.501268 0.105872 31.000000 0.000000
2.521278 0.109464 31.005747 0.000000
2.541288 0.105028 31.000000 0.000000
2.561298 0.112118 31.000000 0.000000
2.581309 0.107556 31.004329 0.000000
2.601319 0.104003 31.000000 0.000000
2.621329 0.112764 31.000000 0.000000
2.641339 0.105117 31.016598 0.000000
2.661349 0.109536 31.000000 0.000000
2.681359 0.108923 31.000000 0.000000
2.701369 0.103707 31.000000 0.000000
2.721380 0.114648 31.000000 0.000000
2.741390 0.106118 31.000000 0.000000
2.761400 0.106351 31.000000 0.000000
2.781410 0.109717 31.005435 0.000000
2.801420 0.104720 31.000000 0.000000
2.821430 0.113403 31.000000 0.000000
2.841440 0.107414 31.000000 0.000000
2.861451 0.104664 31.000000 0.000000
2.881461 0.112844 31.000000 0.000000
2.901471 0.105259 31.000000 0.000000
2.921481 0.109731 31.000000 0.000000
2.941491 0.108606 31.000000 0.000000
2.961501 0.104163 31.000000 0.000000
2.981511 0.112441 31.000000 0.000000
3.001522 0.105914 31.000000 0.000000
3.021532 0.105644 31.000000 0.000000
3.041542 0.109132 31.000000 0.000000
3.061552 0.104398 31.000000 0.000000
3.081562 0.112602 31.000000 0.000000
3.101572 0.107338 31.000000 0.000000
3.121583 0.103284 31.000000 0.000000
3.141593 0.113542 31.000000 0.000000
3.161603 0.105559 31.000000 0.000000
3.181613 0.109099 31.009577 0.000000
3.201623 0.109402 31.002991 0.000000
3.221633 0.105004 31.000000 0.000000
3.241643 0.113667 31.000000 0.000000
3.261654 0.106380 31.000000 0.000000
3.281664 0.106977 31.026316 0.000000
3.301674 0.111824 31.000000 0.000000
3.321684 0.105314 31.017736 0.000000
3.341694 0.111967 31.014286 0.000000
3.361704 0.112339 31.054450 0.000000
3.381714 0.110407 31.051257 0.000000
3.401725 0.119860 31.076138 0.000000
3.421735 0.111656 31.070407 0.000000
3.441745 0.114484 31.122857 0.000000
3.461755 0.115765 31.060833 0.000000
3.481765 0.112024 31.079348 0.000000
3.501775 0.119726 31.104593 0.000000
3.521785 0.113220 31.125766 0.000000
3.541796 0.111609 31.127733 0.000000
3.561806 0.117481 31.142754 0.000000
3.581816 0.110970 31.040574 0.000000
3.601826 0.115414 31.064748 0.000000
3.621836 0.113140 31.122396 0.000000
3.641846 0.110387 31.171069 0.000000
3.661856 0.118455 31.083421 0.000000
3.681867 0.111616 31.081818 0.000000
3.701877 0.112627 31.113475 0.000000
3.721887 0.114876 31.138680 0.000000
3.741897 0.112019 31.079322 0.000000
3.761907 0.118610 31.082517 0.000000
3.781917 0.112793 31.116164 0.000000
3.801927 0.111785 31.080270 0.000000
3.821938 0.116980 31.079314 0.000000
3.841948 0.110407 31.149453 0.000000
3.861958 0.114604 31.122238 0.000000
3.881968 0.113282 31.119256 0.000000
3.901978 0.111456 31.179873 0.000000
3.921988 0.117635 31.095949 0.000000
3.941998 0.110629 31.077023 0.000000
3.962009 0.112891 31.139155 0.000000
3.982019 0.115596 31.183719 0.000000
4.002029 0.111018 31.158409 0.000000
4.022039 0.115633 31.105676 0.000000
4.042049 0.111566 31.108468 0.000000
4.062059 0.110967 31.160270 0.000000
4.082069 0.116663 31.166292 0.000000
4.102080 0.110994 31.125361 0.000000
4.122090 0.114348 31.120278 0.000000
4.142100 0.114141 31.122804 0.000000
4.162110 0.112317 31.095584 0.000000
4.182120 0.117552 31.152795 0.000000
4.202130 0.111642 31.201143 0.000000
4.222140 0.113755 31.181277 0.000000
4.242151 0.116019 31.178090 0.000000
4.262161 0.111261 31.159538 0.000000
4.282171 0.114947 31.148831 0.000000
4.302181 0.112662 31.145164 0.000000
4.322191 0.113384 31.188414 0.000000
4.342201 0.117530 31.170726 0.000000
4.362211 0.110796 31.150000 0.000000
4.382222 0.112606 31.180966 0.000000
4.402232 0.112501 31.163486 0.000000
4.422242 0.112158 31.186933 0.000000
4.442252 0.116424 31.193846 0.000000
4.462262 0.111189 31.222995 0.000000
4.482272 0.112573 31.095211 0.000000
4.502282 0.115664 31.096915 0.000000
4.522293 0.112285 31.152899 0.000000
4.542303 0.115180 31.088571 0.000000
4.562313 0.112632 31.097302 0.000000
4.582323 0.114054 31.072857 0.000000
4.602333 0.116829 31.070270 0.000000
4.622343 0.111515 31.103246 0.000000
4.642353 0.114560 31.136454 0.000000
4.662364 0.115027 31.237757 0.000000
4.682374 0.113597 31.175733 0.000000
4.702384 0.116380 31.116706 0.000000
4.722394 0.111990 31.147255 0.000000
4.742404 0.114671 31.113043 0.000000
4.762414 0.116449 31.097030 0.000000
4.782424 0.111539 31.185799 0.000000
4.802435 0.115091 31.123660 0.000000
4.822445 0.113126 31.141023 0.000000
4.842455 0.114345 31.161972 0.000000
4.862465 0.115851 31.135000 0.000000
4.882475 0.111386 31.050105 0.000000
4.902485 0.115686 31.091511 0.000000
4.922495 0.114486 31.105674 0.000000
4.942506 0.112056 31.120774 0.000000
4.962516 0.113455 31.077674 0.000000
4.982526 0.111958 31.045217 0.000000
5.002536 0.115281 31.079412 0.000000
5.022546 0.115176 31.075294 0.000000
5.042556 0.110825 31.074353 0.000000
5.062567 0.114840 31.021192 0.000000
5.082577 0.113777 31.106111 0.000000
5.102587 0.114042 31.037163 0.000000
5.122597 0.115331 31.029149 0.000000
5.142607 0.111769 31.033016 0.000000
5.162617 0.116586 31.026667 0.000000
5.182627 0.114243 31.025926 0.000000
5.202638 0.111584 31.036903 0.000000
5.222648 0.114609 31.045848 0.000000
5.242658 0.111646 31.039612 0.000000
5.262668 0.115921 31.068955 0.000000
5.282678 0.114339 31.038857 0.000000
5.302688 0.109245 31.064235 0.000000
5.322698 0.114929 31.027712 0.000000
5.342709 0.113359 31.013084 0.000000
5.362719 0.113460 31.045035 0.000000
5.382729 0.113966 31.026943 0.000000
5.402739 0.110161 31.010582 0.000000
5.422749 0.115683 31.007143 0.000000
5.442759 0.113398 31.017778 0.000000
5.462769 0.110411 31.023694 0.000000
5.482780 0.113330 31.039298 0.000000
5.502790 0.111317 31.076311 0.000000
5.522800 0.114244 31.032806 0.000000
5.542810 0.113332 31.034641 0.000000
5.562820 0.109354 31.037225 0.000000
5.582830 0.114234 31.032208 0.000000
5.602840 0.111912 31.030909 0.000000
5.622851 0.110828 31.048611 0.000000
5.642861 0.112157 31.021237 0.000000
5.662871 0.109051 31.033053 0.000000
5.682881 0.115354 31.054493 0.000000
5.702891 0.111699 31.057876 0.000000
5.722901 0.108272 31.040000 0.000000
5.742911 0.112782 31.066358 0.000000
5.762922 0.110420 31.020385 0.000000
5.782932 0.112494 31.028777 0.000000
5.802942 0.110558 31.055890 0.000000
5.822952 0.106642 31.021609 0.000000
5.842962 0.112841 31.023742 0.000000
5.862972 0.108674 31.028089 0.000000
5.882982 0.108096 31.007297 0.000000
5.902993 0.110223 31.030297 0.000000
5.923003 0.107781 31.026032 0.000000
5.943013 0.113172 31.025070 0.000000
5.963023 0.109255 31.079652 0.000000
5.983033 0.106033 31.011392 0.000000
6.003043 0.111315 31.029379 0.000000
6.023053 0.109095 31.056077 0.000000
6.043064 0.109869 31.038028 0.000000
6.063074 0.109332 31.036577 0.000000
6.083084 0.106914 31.038372 0.000000
6.103094 0.113793 31.024474 0.000000
6.123104 0.109458 31.035929 0.000000
6.143114 0.106590 31.071892 0.000000
6.163124 0.110239 31.032745 0.000000
6.183135 0.108057 31.031579 0.000000
6.203145 0.111954 31.010556 0.000000
6.223155 0.109096 31.033913 0.000000
6.243165 0.106268 31.053082 0.000000
6.263175 0.111690 31.029605 0.000000
