-0.993175 -24.482363 30.000000
-0.947607 -23.725387 30.000000
-0.895934 -23.131119 30.000000
-0.848821 -22.619768 30.000000
-0.796957 -21.874777 30.000000
-0.745658 -21.252360 30.000000
-0.697813 -20.713371 30.000000
-0.646720 -19.972215 30.000000
-0.599212 -19.479047 30.000000
-0.547916 -18.699085 30.000000
-0.495644 -18.003813 30.000000
-0.449436 -17.406782 30.000000
-0.397264 -16.485579 30.000000
-0.350114 -15.816359 30.000000
-0.298603 -15.080922 30.000000
-0.246766 -14.037616 30.000000
-0.200211 -13.132401 30.000000
-0.147918 -12.127039 30.000000
-0.101203 -11.192117 30.000000
-0.048218 -10.435842 30.000000
0.000000 0.000000 30.000000
0.049067 10.233988 30.000000
0.100631 11.134790 30.000000
0.147231 12.107570 30.000000
0.199469 13.151269 30.000000
0.245878 14.219175 30.000000
0.298266 15.376290 30.000000
0.350604 16.023935 30.000000
0.396943 16.786582 30.000000
0.448483 17.908358 30.000000
0.495926 18.403502 30.000000
0.546772 19.251259 30.000000
0.600236 20.073930 30.000000
0.645773 20.621678 30.000000
0.698789 21.286078 30.000000
0.743890 22.017944 30.000000
0.797568 22.469733 30.000000
0.848735 23.322146 30.000000
0.894918 23.658391 30.000000
0.947780 24.054621 30.000000
0.994958 24.563690 30.000000
