0.994165 24.525863 30.640000
0.947042 23.866477 31.000000
0.895416 23.086928 31.000000
0.849450 22.645503 31.000000
0.796195 22.197715 31.000000
0.745079 21.269073 31.000000
0.698502 20.842058 31.000000
0.645983 19.952810 31.000000
0.600182 19.559682 31.000000
0.547964 18.586874 31.000000
0.495668 18.099474 31.000000
0.449473 17.222573 31.000000
0.396951 16.416252 31.000000
0.350485 15.883036 31.000000
0.299034 14.854452 31.000000
0.246821 13.897135 31.000000
0.199657 13.064858 31.000000
0.148122 12.078922 31.000000
0.101076 11.265066 31.000000
0.049133 10.406541 31.000000
0.000000 0.000000 31.000000
-0.048711 -10.154252 31.000000
-0.100963 -11.069630 31.000000
-0.147179 -12.061470 31.000000
-0.199501 -13.072024 31.000000
-0.246051 -13.940821 31.000000
-0.297948 -14.923532 31.000000
-0.350217 -15.930793 31.000000
-0.396985 -16.532683 31.000000
-0.448625 -17.280208 31.000000
-0.495513 -18.152140 31.000000
-0.547574 -18.726401 31.000000
-0.598974 -19.613543 31.000000
-0.646208 -20.140396 31.000000
-0.697719 -20.947674 31.000000
-0.745265 -21.337549 31.000000
-0.797075 -22.081581 31.000000
-0.848458 -22.512741 31.000000
-0.895994 -22.901220 31.000000
-0.947937 -23.427850 31.000000
-0.994070 -23.890366 31.000000
