-0.994703 -20.603444 32.000000
-0.947269 -20.182875 32.000000
-0.895292 -19.662826 32.080000
-0.849194 -19.190966 32.000000
-0.796836 -18.797001 32.000000
-0.744666 -18.208336 32.000000
-0.698544 -17.806507 32.000000
-0.645912 -17.264618 32.080000
-0.599867 -16.710215 32.560000
-0.547323 -16.113030 32.920000
-0.495830 -15.522031 33.000000
-0.449347 -14.823332 33.000000
-0.396932 -14.268647 33.000000
-0.350729 -13.586017 33.000000
-0.298647 -12.753910 33.000000
-0.246577 -11.927020 33.000000
-0.200012 -11.266826 33.000000
-0.148312 -10.322087 33.000000
-0.101340 -9.358723 33.000000
-0.049699 -8.316245 33.000000
0.000000 0.000000 33.000000
0.049136 8.343538 33.000000
0.100673 9.354780 33.000000
0.147367 10.389682 33.000000
0.199712 11.388233 33.000000
0.246560 12.074525 33.000000
0.298373 12.909630 33.000000
0.349856 13.770570 33.000000
0.396944 14.600975 33.000000
0.449041 15.144630 33.000000
0.495479 15.828977 33.000000
0.548076 16.510450 33.000000
0.599170 17.026911 33.000000
0.646594 17.696381 33.000000
0.698029 18.138112 33.000000
0.745321 18.708936 33.000000
0.796397 19.223606 33.000000
0.848822 19.648802 33.000000
0.896114 20.100541 33.000000
0.947085 20.564616 33.000000
0.994132 20.779680 33.000000
