0.994332 20.646781 33.000000
0.948141 20.264994 33.000000
0.895218 19.860312 33.000000
0.848823 19.278839 33.000000
0.797184 18.776458 33.000000
0.744687 18.329591 33.000000
0.698104 17.749675 33.000000
0.646352 17.235493 33.000000
0.599466 16.667377 33.000000
0.547576 16.133392 33.000000
0.495856 15.401553 33.000000
0.448353 14.892846 33.000000
0.397442 14.179806 33.000000
0.350441 13.492612 33.000000
0.298239 12.724995 33.000000
0.246668 12.050977 33.000000
0.199969 11.239476 33.000000
0.148474 10.194908 33.000000
0.101544 9.233887 33.000000
0.049322 8.296850 33.000000
0.000000 0.000000 33.000000
-0.049326 -8.211966 33.000000
-0.100722 -9.210901 33.000000
-0.147257 -10.112632 33.000000
-0.199791 -11.190417 33.000000
-0.246750 -11.971587 33.000000
-0.298712 -12.778195 33.000000
-0.350092 -13.521576 33.000000
-0.396248 -14.225058 33.000000
-0.448940 -14.962342 33.000000
-0.495667 -15.499114 33.000000
-0.547519 -16.241035 33.000000
-0.599816 -16.764105 33.000000
-0.646125 -17.366355 33.000000
-0.698744 -17.829254 33.000000
-0.744823 -18.371579 33.000000
-0.796891 -18.736234 33.000000
-0.849178 -19.216487 33.000000
-0.895234 -19.628993 33.000000
-0.947308 -19.877771 33.000000
-0.994501 -20.139082 33.000000
