-0.993811 -23.750207 31.000000
-0.947560 -23.124904 31.000000
-0.896057 -22.552994 31.000000
-0.848608 -22.082488 31.000000
-0.796892 -21.389074 31.000000
-0.745455 -20.840312 31.000000
-0.697970 -20.259657 31.000000
-0.646676 -19.576062 31.000000
-0.599138 -19.029805 31.000000
-0.548214 -18.226852 31.000000
-0.495997 -17.465290 31.000000
-0.449130 -16.952780 31.000000
-0.397353 -16.063155 31.000000
-0.350206 -15.334542 31.000000
-0.298390 -14.728588 31.000000
-0.247020 -13.722854 31.000000
-0.199728 -12.896710 31.000000
-0.148499 -11.794661 31.000000
-0.101324 -10.825993 31.000000
-0.048932 -9.998161 31.000000
0.000000 0.000000 31.000000
0.049404 9.820422 31.000000
0.100565 10.761255 31.000000
0.147354 11.735337 31.000000
0.199272 12.794606 31.000000
0.245834 13.873723 31.000000
0.298248 15.021733 31.000000
0.350538 15.670944 31.000000
0.396817 16.410400 31.000000
0.448240 17.511645 31.000000
0.496037 18.033656 31.000000
0.546884 18.812883 31.000000
0.600082 19.646711 31.000000
0.645647 20.138128 31.000000
0.698802 20.881324 31.000000
0.744108 21.478575 31.000000
0.797551 21.950814 31.000000
0.848722 22.700886 31.000000
0.895032 23.061899 31.000000
0.947939 23.454552 31.040000
0.994980 24.041144 31.480000
