0.994163 23.956357 32.000000
0.947050 23.325158 32.000000
0.895612 22.570529 32.000000
0.849290 22.090753 31.920000
0.796384 21.602457 32.000000
0.745075 20.709230 32.000000
0.698426 20.299656 32.000000
0.646246 19.453342 32.000000
0.600028 18.994782 32.000000
0.547761 18.172458 32.000000
0.495692 17.641143 32.000000
0.449405 16.793166 32.000000
0.396933 16.059298 32.000000
0.350453 15.545640 32.000000
0.298984 14.539577 32.000000
0.246760 13.648151 32.000000
0.199778 12.776938 32.000000
0.148060 11.805502 32.000000
0.100999 11.013059 32.000000
0.049311 10.161413 32.000000
0.000000 0.000000 32.000000
-0.048536 -9.956333 32.000000
-0.101158 -10.776427 32.000000
-0.147247 -11.674890 32.000000
-0.199337 -12.676110 32.000000
-0.246005 -13.540429 32.000000
-0.297934 -14.498483 32.000000
-0.350148 -15.519872 32.000000
-0.396918 -16.142963 32.000000
-0.448779 -16.953064 32.000000
-0.495549 -17.835672 32.000000
-0.547444 -18.456794 32.000000
-0.599028 -19.290314 32.000000
-0.646270 -19.749286 32.000000
-0.697753 -20.569169 32.000000
-0.745247 -20.878478 32.000000
-0.797143 -21.576847 32.000000
-0.848564 -22.049898 32.000000
-0.895857 -22.444066 32.000000
-0.947883 -23.013515 32.000000
-0.994023 -23.397808 32.000000
