-0.993947 -23.313745 32.000000
-0.947537 -22.684749 32.000000
-0.895919 -22.129414 32.000000
-0.848653 -21.643073 32.000000
-0.796919 -20.980755 32.000000
-0.745370 -20.381936 32.000000
-0.698088 -19.842744 32.000000
-0.646586 -19.124462 32.000000
-0.599054 -18.582679 32.000000
-0.548112 -17.858739 32.000000
-0.495919 -17.094004 32.000000
-0.449241 -16.568133 32.000000
-0.397239 -15.748942 32.000000
-0.350201 -15.064386 32.000000
-0.298338 -14.459040 32.000000
-0.247029 -13.426276 32.000000
-0.199870 -12.601208 32.000000
-0.148398 -11.596148 32.000000
-0.101127 -10.694343 32.000000
-0.048983 -9.871052 32.000000
0.000000 0.000000 32.000000
0.049285 9.732140 32.000000
0.100623 10.671443 32.000000
0.147473 11.592799 32.000000
0.199205 12.612871 32.000000
0.245958 13.666994 32.000000
0.298161 14.785520 32.000000
0.350397 15.489133 32.000000
0.396810 16.202522 32.000000
0.448194 17.279499 32.000000
0.495996 17.828169 32.000000
0.546910 18.584586 32.000000
0.599746 19.408867 32.000000
0.645984 19.943566 32.000000
0.698976 20.622558 32.000000
0.744352 21.104034 32.000000
0.797450 21.576713 32.000000
0.848757 22.252760 32.000000
0.895061 22.688096 32.000000
0.947828 23.115388 32.000000
0.994794 23.667444 32.000000
