0.994270 23.579578 32.000000
0.947063 22.918771 32.000000
0.895582 22.199911 32.080000
0.849152 21.775993 32.320000
0.796366 21.225535 32.880000
0.745188 20.420052 33.000000
0.698476 19.995830 33.000000
0.646159 19.153471 33.000000
0.600094 18.741860 33.000000
0.547894 17.877883 33.000000
0.495687 17.387056 33.000000
0.449445 16.573532 33.000000
0.396895 15.805764 33.000000
0.350418 15.388119 33.000000
0.298957 14.394177 33.000000
0.246779 13.448750 33.000000
0.199879 12.619396 33.000000
0.148131 11.655390 33.000000
0.100959 10.878490 33.000000
0.049154 10.033329 33.000000
0.000000 0.000000 33.000000
-0.048694 -9.856838 33.000000
-0.100831 -10.636639 33.000000
-0.147260 -11.548325 33.000000
-0.199359 -12.528000 33.000000
-0.246061 -13.399762 33.000000
-0.297828 -14.395648 33.000000
-0.350190 -15.314699 33.000000
-0.396960 -15.883528 33.000000
-0.448676 -16.680152 33.000000
-0.495519 -17.558717 33.000000
-0.547341 -18.144074 33.000000
-0.598983 -18.946200 33.000000
-0.646264 -19.428108 33.000000
-0.697849 -20.176823 33.000000
-0.745211 -20.539570 33.000000
-0.797156 -21.248605 33.000000
-0.848559 -21.698603 33.000000
-0.895816 -22.060573 33.000000
-0.947784 -22.601140 33.000000
-0.994040 -22.996757 33.000000
