-0.994644 -22.649012 29.920000
-0.947275 -21.954066 30.000000
-0.895193 -21.245192 30.000000
-0.849370 -20.694820 30.000000
-0.797166 -20.259044 30.000000
-0.744586 -19.480269 30.000000
-0.698855 -18.992457 30.000000
-0.645563 -18.452746 30.000000
-0.600048 -17.804166 30.000000
-0.547272 -17.156452 30.000000
-0.495891 -16.522733 30.000000
-0.449298 -15.709209 30.000000
-0.396920 -15.176413 30.000000
-0.350991 -14.405360 30.000000
-0.298841 -13.433699 30.000000
-0.246581 -12.582617 30.000000
-0.200007 -11.908361 30.000000
-0.148251 -10.861525 30.000000
-0.101442 -9.831683 30.000000
-0.049185 -8.656757 30.000000
0.000000 0.000000 30.000000
0.048737 8.634489 30.000000
0.100767 9.826218 30.000000
0.147192 10.948815 30.000000
0.199496 12.063300 30.000000
0.246804 12.742782 30.000000
0.298339 13.607998 30.000000
0.349623 14.674488 30.000000
0.397121 15.557411 30.000000
0.449149 16.041420 30.000000
0.495181 16.825268 30.000000
0.548441 17.552880 30.000000
0.598945 18.107994 30.000000
0.647079 18.860079 30.000000
0.697757 19.290788 30.000000
0.745965 19.850278 30.000000
0.796087 20.519370 30.000000
0.848602 20.747300 30.000000
0.896440 21.293107 30.000000
0.947491 21.730755 30.000000
0.993712 21.915462 30.000000
