0.994212 21.738449 30.240000
0.948134 21.339855 30.920000
0.895302 20.998829 31.000000
0.848377 20.401967 31.000000
0.797260 19.802222 31.000000
0.744666 19.478531 31.000000
0.698010 18.729945 31.000000
0.646589 18.320187 31.000000
0.599502 17.529902 31.000000
0.547857 17.082514 31.000000
0.495775 16.228484 31.000000
0.448369 15.704091 31.000000
0.397369 14.993348 31.000000
0.350536 14.122848 31.000000
0.298187 13.345469 31.000000
0.246674 12.618841 31.000000
0.199993 11.797390 31.000000
0.148549 10.591274 31.000000
0.101348 9.537706 31.000000
0.049375 8.487359 31.000000
0.000000 0.000000 31.000000
-0.049782 -8.351369 31.000000
-0.100645 -9.528819 31.000000
-0.147235 -10.525258 31.000000
-0.199564 -11.660283 31.000000
-0.246752 -12.551868 31.000000
-0.298580 -13.368133 31.000000
-0.350190 -14.157346 31.000000
-0.396285 -14.901887 31.000000
-0.448788 -15.763716 31.000000
-0.495811 -16.214822 31.000000
-0.547374 -17.046169 31.000000
-0.599850 -17.583641 31.000000
-0.645841 -18.192381 31.000000
-0.699006 -18.680238 31.000000
-0.744549 -19.330355 31.000000
-0.797043 -19.616858 31.000000
-0.849340 -20.163962 31.000000
-0.895132 -20.622831 31.000000
-0.947201 -20.890431 31.000000
-0.994682 -21.191342 31.000000
