-0.994892 -21.183139 31.000000
-0.947212 -20.769189 31.000000
-0.895154 -20.126580 31.000000
-0.849239 -19.614315 31.000000
-0.796840 -19.273827 31.000000
-0.744627 -18.604807 31.000000
-0.698643 -18.219435 31.000000
-0.645614 -17.679485 31.000000
-0.599844 -17.140688 31.000000
-0.547407 -16.509946 31.000000
-0.495873 -15.919584 31.000000
-0.449373 -15.162415 31.000000
-0.396775 -14.608534 31.000000
-0.350775 -13.895699 31.000000
-0.298813 -12.994692 31.080000
-0.246512 -12.188269 31.000000
-0.199975 -11.485409 31.040000
-0.148289 -10.482198 31.160000
-0.101360 -9.482138 31.160000
-0.049562 -8.414305 31.080000
0.000000 0.000000 31.440000
0.048803 8.425925 31.160000
0.100641 9.533646 31.080000
0.147202 10.587210 31.200000
0.199600 11.651737 31.200000
0.246621 12.320346 31.640000
0.298376 13.192859 31.560000
0.349719 14.130456 31.320000
0.397145 14.984939 31.640000
0.449031 15.494532 31.480000
0.495206 16.259483 31.920000
0.548232 16.976833 32.000000
0.599083 17.518323 32.000000
0.646715 18.228605 32.000000
0.697880 18.674353 32.000000
0.745569 19.195183 32.000000
0.796465 19.810145 32.000000
0.848804 20.097093 31.960000
0.896187 20.575292 32.000000
0.947458 20.968212 32.000000
0.993495 21.230931 32.000000
