0.994211 21.124215 32.000000
0.948133 20.721900 32.000000
0.895254 20.290622 32.000000
0.848724 19.724002 32.000000
0.797170 19.231711 32.000000
0.744784 18.797619 32.000000
0.697953 18.142757 32.000000
0.646448 17.658933 32.000000
0.599491 16.981759 32.000000
0.547699 16.485545 32.000000
0.495827 15.688347 32.000000
0.448336 15.182482 32.000000
0.397348 14.492678 32.000000
0.350405 13.770253 32.000000
0.298176 12.975022 32.000000
0.246748 12.251656 32.000000
0.199969 11.494953 32.000000
0.148569 10.390511 32.000000
0.101347 9.381979 32.000000
0.049420 8.348650 32.000000
0.000000 0.000000 32.000000
-0.049889 -8.259400 32.000000
-0.100855 -9.341741 32.000000
-0.147274 -10.292765 32.000000
-0.199664 -11.401421 32.000000
-0.246772 -12.265071 32.000000
-0.298594 -13.064545 32.000000
-0.350114 -13.803997 32.000000
-0.396354 -14.563149 32.000000
-0.448823 -15.336412 32.000000
-0.495794 -15.848804 32.000000
-0.547354 -16.643376 32.000000
-0.599782 -17.161163 32.000000
-0.646006 -17.785025 32.000000
-0.698678 -18.271474 32.000000
-0.744764 -18.886012 32.000000
-0.796999 -19.259297 32.000000
-0.849205 -19.805142 32.000000
-0.895400 -20.182813 32.000000
-0.947416 -20.354082 32.000000
-0.994318 -20.626490 32.000000
