serial number: JANUSZ_4_RI70_21209052
torque: 8.0
start_temp: 30 (36)
finish_temp: 30 (36)
note: joint 1 J4, pcb 3_4
0.000000 nan
0.021014 0.472168
0.042028 0.470283
0.063042 0.474356
0.084056 0.465808
0.105070 0.472953
0.126084 0.469173
0.147098 0.469164
0.168112 0.471857
0.189126 0.464043
0.210140 0.471537
0.231154 0.466841
0.252168 0.467702
0.273182 0.469956
0.294196 0.462848
0.315210 0.470303
0.336224 0.464408
0.357238 0.466942
0.378252 0.468044
0.399266 0.461704
0.420280 0.468876
0.441294 0.462073
0.462308 0.465621
0.483322 0.466297
0.504336 0.461324
0.525350 0.468531
0.546364 0.460507
0.567378 0.465338
0.588392 0.465244
0.609406 0.461036
0.630420 0.467445
0.651434 0.459477
0.672448 0.465546
0.693462 0.464382
0.714476 0.461480
0.735490 0.467404
0.756504 0.459146
0.777518 0.465332
0.798532 0.463440
0.819546 0.461008
0.840560 0.466282
0.861574 0.458017
0.882588 0.465344
0.903602 0.462401
0.924616 0.461632
0.945630 0.466171
0.966644 0.458142
0.987658 0.466318
1.008672 0.462417
1.029686 0.463043
1.050700 0.466504
1.071714 0.458641
1.092728 0.467194
1.113742 0.461834
1.134756 0.463626
1.155770 0.466582
1.176784 0.459805
1.197798 0.468237
1.218812 0.461678
1.239826 0.464362
1.260840 0.466225
1.281854 0.460467
1.302868 0.469068
1.323882 0.461562
1.344896 0.465517
1.365910 0.466656
1.386924 0.461603
1.407938 0.470205
1.428952 0.461937
1.449966 0.467830
1.470980 0.468166
1.491994 0.464006
1.513008 0.471788
1.534022 0.462919
1.555036 0.469176
1.576050 0.468480
1.597064 0.465613
1.618078 0.472756
1.639092 0.464005
1.660106 0.471134
1.681120 0.469710
1.702134 0.467026
1.723148 0.472870
1.744162 0.464273
1.765176 0.471616
1.786190 0.469448
1.807204 0.467796
1.828218 0.472620
1.849232 0.464303
1.870246 0.471398
1.891260 0.467831
1.912274 0.467739
1.933288 0.471580
1.954302 0.463654
1.975316 0.471058
1.996330 0.466580
2.017344 0.467148
2.038358 0.469940
2.059372 0.462707
2.080386 0.469932
2.101400 0.464344
2.122414 0.465381
2.143428 0.466945
2.164442 0.459852
2.185456 0.467217
2.206470 0.460784
2.227484 0.463462
2.248498 0.464668
2.269512 0.459184
2.290526 0.466735
2.311540 0.458934
2.332554 0.463165
2.353568 0.463205
2.374582 0.458612
2.395596 0.465672
2.416610 0.457366
2.437624 0.462310
2.458638 0.461580
2.479652 0.457836
2.500666 0.464349
2.521680 0.455926
2.542694 0.462349
2.563708 0.460675
2.584722 0.457874
2.605736 0.464021
2.626750 0.455255
2.647764 0.462310
2.668778 0.459903
2.689792 0.458463
2.710806 0.463099
2.731820 0.454461
2.752834 0.462360
2.773848 0.459451
2.794862 0.459902
2.815876 0.464384
2.836890 0.456747
2.857904 0.465170
2.878918 0.460837
2.899932 0.462538
2.920946 0.465943
2.941960 0.458919
2.962974 0.467465
2.983988 0.462373
3.005002 0.465120
3.026016 0.467357
3.047030 0.461227
3.068044 0.469935
3.089058 0.463137
3.110072 0.466766
3.131086 0.468496
3.152100 0.463472
3.173114 0.472019
3.194128 0.463998
3.215142 0.469292
3.236156 0.470057
3.257170 0.465633
3.278184 0.473985
3.299198 0.466357
3.320212 0.473318
3.341226 0.472771
3.362240 0.469752
3.383254 0.477628
3.404268 0.468700
3.425282 0.476254
3.446296 0.476056
3.467310 0.473671
3.488324 0.480343
3.509338 0.471503
3.530352 0.479734
3.551366 0.477609
3.572380 0.476502
3.593394 0.482489
3.614408 0.474211
3.635422 0.482777
3.656436 0.479102
3.677450 0.478541
3.698464 0.482929
3.719478 0.473798
3.740492 0.482125
3.761506 0.477637
3.782520 0.478832
3.803534 0.481988
3.824548 0.473429
3.845562 0.481757
3.866576 0.475711
3.887590 0.477044
3.908604 0.479471
3.929618 0.472162
3.950632 0.480097
3.971646 0.472979
3.992660 0.475696
4.013674 0.476898
4.034688 0.470286
4.055702 0.478393
4.076716 0.470175
4.097730 0.474081
4.118744 0.474210
4.139758 0.468886
4.160772 0.476600
4.181786 0.467912
4.202800 0.473114
4.223814 0.472889
4.244828 0.468590
4.265842 0.475205
4.286856 0.465127
4.307870 0.470992
4.328884 0.469183
4.349898 0.465639
4.370912 0.471260
4.391926 0.461643
4.412940 0.468413
4.433954 0.465655
4.454968 0.463609
4.475982 0.469123
4.496996 0.459577
4.518010 0.467136
4.539023 0.464248
4.560037 0.463303
4.581051 0.467815
4.602065 0.458954
4.623079 0.466949
4.644093 0.462447
4.665107 0.462575
4.686121 0.466474
4.707135 0.458281
4.728149 0.466227
4.749163 0.460545
4.770177 0.462237
4.791191 0.465662
4.812205 0.458988
4.833219 0.467715
4.854233 0.461505
4.875247 0.464193
4.896261 0.466649
4.917275 0.460672
4.938289 0.468790
4.959303 0.462268
4.980317 0.466090
5.001331 0.467957
5.022345 0.463108
5.043359 0.470510
5.064373 0.462800
5.085387 0.467501
5.106401 0.468185
5.127415 0.463683
5.148429 0.471087
5.169443 0.463189
5.190457 0.468692
5.211471 0.467867
5.232485 0.464513
5.253499 0.470958
5.274513 0.462705
5.295527 0.469649
5.316541 0.468872
5.337555 0.467385
5.358569 0.473450
5.379583 0.465410
5.400597 0.473037
5.421611 0.470794
5.442625 0.469921
5.463639 0.475567
5.484653 0.467826
5.505667 0.475507
5.526681 0.472895
5.547695 0.473525
5.568709 0.478043
5.589723 0.471016
5.610737 0.479345
5.631751 0.476140
5.652765 0.477573
5.673779 0.480757
5.694793 0.474499
5.715807 0.482641
5.736821 0.477373
5.757835 0.479722
5.778849 0.482643
5.799863 0.476790
5.820877 0.484718
5.841891 0.478351
5.862905 0.482206
5.883919 0.483705
5.904933 0.478591
5.925947 0.485865
5.946961 0.478112
5.967975 0.482193
5.988989 0.482458
6.010003 0.478297
6.031017 0.485341
6.052031 0.476960
6.073045 0.482146
6.094059 0.481275
6.115073 0.476881
6.136087 0.481839
6.157101 0.472637
6.178115 0.478580
6.199129 0.476860
6.220143 0.473879
6.241157 0.478363
6.262171 0.469178
6.283185 0.475350
