serial number: JANUSZ_2_RI70_21414872
torque: 8
start_temp: 22 (22)
finish_temp: 22 (23)
note: montaz na obrotach_PCB d17
0.000000 0.358931 22.000000 15027.716867
0.020010 0.363026 22.000000 15080.728916
0.040020 0.359723 22.000000 15121.319527
0.060030 0.358143 22.000000 15171.420732
0.080041 0.360876 22.000000 15218.708333
0.100051 0.358127 22.000000 15259.526627
0.120061 0.360785 22.000000 15312.097561
0.140071 0.360409 22.000000 15354.095238
0.160081 0.355564 22.000000 15402.559524
0.180091 0.360758 22.000000 15449.862275
0.200101 0.357038 22.000000 15491.083832
0.220112 0.357399 22.000000 15542.970060
0.240122 0.358503 22.000000 15586.847059
0.260132 0.354378 22.000000 15634.081871
0.280142 0.359436 22.000000 15683.614458
0.300152 0.355989 22.000000 15725.860606
0.320162 0.355017 22.000000 15774.578035
0.340172 0.357381 22.000000 15824.255952
0.360183 0.354000 22.000000 15866.988304
0.380193 0.356651 22.000000 15918.508876
0.400203 0.356319 22.000000 15964.602410
0.420213 0.351744 22.000000 16012.341040
0.440223 0.357606 22.000000 16063.325301
0.460233 0.353527 22.000000 16106.859649
0.480243 0.353709 22.000000 16157.192982
0.500254 0.354903 22.000479 16206.485030
0.520264 0.351179 22.005349 16251.418605
0.540274 0.355207 22.000000 16302.417647
0.560284 0.352128 22.000000 16349.329341
0.580294 0.350839 22.000000 4202.279070
0.600304 0.354006 22.000000 63.562130
0.620314 0.349947 22.000000 109.511494
0.640325 0.352725 22.000000 158.136095
0.660335 0.352533 22.000000 210.741176
0.680345 0.347975 22.000000 254.833333
0.700355 0.353224 22.000000 306.052941
0.720365 0.349293 22.000000 355.225434
0.740375 0.349575 22.000000 400.099415
0.760385 0.351679 22.000000 454.639053
0.780396 0.348094 22.000000 498.323864
0.800406 0.352514 22.000000 546.921687
0.820416 0.349964 22.000000 599.651429
0.840426 0.348515 22.000000 642.520231
0.860436 0.352277 22.000000 698.456140
0.880446 0.348445 22.000000 746.777778
0.900456 0.350537 22.000000 792.941176
0.920467 0.349953 22.000000 850.313953
0.940477 0.346448 22.000000 893.441860
0.960487 0.351116 22.000000 946.792899
0.980497 0.346982 22.000000 1000.640000
1.000507 0.347525 22.000000 1043.630058
1.020517 0.349304 22.000000 1103.063584
1.040528 0.346696 22.000000 1150.130178
1.060538 0.350648 22.000000 1199.965714
1.080548 0.348091 22.000000 1260.186047
1.100558 0.346993 22.000000 1300.874286
1.120568 0.350359 22.000000 1361.134503
1.140578 0.346903 22.000000 1414.156069
1.160588 0.348539 22.000000 1460.239766
1.180599 0.348681 22.000000 1524.473684
1.200609 0.345517 22.000000 1568.965909
1.220619 0.350304 21.988772 1627.269006
1.240629 0.347064 21.993647 1686.717647
1.260639 0.346609 22.000000 1731.565714
1.280649 0.349888 22.000000 1799.412791
1.300659 0.345148 22.000000 1849.697674
1.320670 0.348593 22.000000 1903.540230
1.340680 0.346667 22.000000 1967.763006
1.360690 0.345867 22.000000 2014.566474
1.380700 0.349756 22.000000 2078.906433
1.400710 0.346347 22.000000 2136.874286
1.420720 0.348007 22.012023 2187.283237
1.440730 0.348513 22.005380 2253.368421
1.460741 0.345758 22.000000 2302.867052
1.480751 0.349653 22.000000 2364.994286
1.500761 0.346777 22.000000 2425.730994
1.520771 0.346234 22.000000 2474.228571
1.540781 0.349722 22.000000 2541.388235
1.560791 0.345961 22.000000 2593.706897
1.580801 0.348763 22.000000 2648.347059
1.600812 0.347307 22.000000 2710.784091
1.620822 0.346090 22.000000 2760.298851
1.640832 0.350020 22.000000 2821.597633
1.660842 0.346725 21.988439 2875.855491
1.680852 0.347786 22.000000 2925.771429
1.700862 0.348879 22.000000 2987.641618
1.720872 0.346289 22.000000 3035.011696
1.740883 0.349270 22.000000 3090.302326
1.760893 0.347593 22.000000 3144.875000
1.780903 0.348031 22.000000 3194.442529
1.800913 0.352701 22.000000 3253.011976
1.820923 0.348773 22.000000 3304.149425
1.840933 0.350686 22.000000 3359.500000
1.860943 0.349486 22.000000 3417.857988
1.880954 0.348752 22.000000 3469.906433
1.900964 0.351696 22.000000 3530.784884
1.920974 0.349178 22.000000 3587.779070
1.940984 0.350140 22.000000 3646.970588
1.960994 0.351776 22.000000 3709.537143
1.981004 0.350628 22.000000 3767.275449
2.001014 0.352647 22.000000 3829.923077
2.021025 0.351532 22.000000 3889.702857
2.041035 0.350839 22.000000 3953.083333
2.061045 0.355097 22.000000 4014.725146
2.081055 0.351654 22.000000 4074.491228
2.101065 0.352619 22.000000 4138.870588
2.121075 0.353367 22.000000 4196.331395
2.141085 0.352225 22.000000 4256.222222
2.161096 0.354636 22.000000 4314.058824
2.181106 0.352956 22.000000 4367.988235
2.201116 0.352665 22.000000 4429.163743
2.221126 0.355302 22.000000 4479.857143
2.241136 0.353380 22.004941 4536.929412
2.261146 0.354217 22.000952 4592.732143
2.281156 0.353748 22.000000 4642.847059
2.301167 0.352995 22.000000 4701.892216
2.321177 0.356276 22.000000 4751.736842
2.341187 0.353293 21.999766 4805.461988
2.361197 0.353771 21.994217 4862.710843
2.381207 0.355540 22.000000 4908.652941
2.401217 0.354056 22.000000 4966.778443
2.421227 0.356366 22.000000 5016.573099
2.441238 0.354861 22.000000 5066.514970
2.461248 0.354347 22.000000 5124.352941
2.481258 0.357233 22.000000 5167.052941
2.501268 0.355444 22.006024 5221.873494
2.521278 0.356316 22.000000 5272.295858
2.541288 0.356520 22.000000 5318.130178
2.561298 0.356047 22.000000 5375.710059
2.581309 0.359408 22.000000 5419.060606
2.601319 0.356228 22.000000 5471.303571
2.621329 0.356663 22.000000 5525.404624
2.641339 0.359065 22.000000 5569.101190
2.661349 0.357227 22.000000 5628.598802
2.681359 0.358741 22.000000 5674.238095
2.701369 0.357542 21.994118 5723.658824
2.721380 0.357109 22.000000 5781.284848
2.741390 0.359411 22.000000 5822.787879
2.761400 0.357371 21.995000 5879.125000
2.781410 0.357478 21.999064 5929.748538
2.801420 0.358374 22.000000 5976.329341
2.821430 0.357566 22.000000 6035.597633
2.841440 0.360192 22.000000 6079.114458
2.861451 0.357382 22.000000 6129.838323
2.881461 0.357600 22.000000 6182.702381
2.901471 0.359834 22.000000 6224.353293
2.921481 0.358061 21.994048 6280.607143
2.941491 0.359565 22.000000 6325.446429
2.961501 0.358516 22.000000 6371.761905
2.981511 0.357870 22.000000 6424.287425
3.001522 0.360261 22.000000 6464.856287
3.021532 0.358782 22.000000 6515.676647
3.041542 0.358752 22.000000 6564.282353
3.061552 0.359958 22.000000 6604.832335
3.081562 0.358544 22.000000 6658.521212
3.101572 0.360179 22.000000 6699.496970
3.121583 0.358031 22.000000 6746.874251
3.141593 0.272484 22.000000 6718.881890
3.161603 0.334115 22.000000 6794.688679
3.181613 0.342133 22.000000 6854.408654
3.201623 0.348574 22.000000 6901.949239
3.221633 0.350556 22.000197 6950.339901
3.241643 0.351586 22.004848 7005.368687
3.261654 0.353771 22.000000 7047.934343
3.281664 0.354125 22.000000 7101.393939
3.301674 0.354527 22.000000 7151.948980
3.321684 0.356159 22.000000 7196.134021
3.341694 0.354601 22.000000 7252.719212
3.361704 0.356411 22.000000 7300.908163
3.381714 0.355084 22.000000 7351.191710
3.401725 0.355911 22.000000 7403.954774
3.421735 0.358864 22.000000 7452.598985
3.441745 0.356470 22.000000 7507.025907
3.461755 0.357392 22.000000 7559.884422
3.481765 0.357109 22.000000 7610.558974
3.501775 0.356848 22.000000 7668.030457
3.521785 0.358843 22.000000 7718.117949
3.541796 0.357863 22.000000 7772.025773
3.561806 0.356769 22.000000 7830.279188
3.581816 0.358086 22.000000 7880.789744
3.601826 0.357014 22.000000 7938.311558
3.621836 0.358623 22.000000 7990.445026
3.641846 0.357860 22.000000 8041.790000
3.661856 0.357952 22.000000 8101.188776
3.681867 0.360191 22.000000 8151.583333
3.701877 0.358840 22.000000 8204.157360
3.721887 0.360079 22.000000 8261.994845
3.741897 0.360133 22.000000 8309.984536
3.761907 0.359976 22.000000 8366.756345
3.781917 0.361128 22.000000 8420.705263
3.801927 0.359848 22.000000 8470.594872
3.821938 0.359846 21.996513 8528.446154
3.841948 0.361739 21.998359 8577.871795
3.861958 0.360560 22.000000 8632.963918
3.881968 0.361418 22.000000 8691.698980
3.901978 0.360715 22.000000 8740.000000
3.921988 0.360514 22.000000 8796.829897
3.941998 0.361879 22.000000 8852.464286
3.962009 0.360344 22.000000 8904.020619
3.982019 0.361752 22.000000 8964.523810
4.002029 0.361308 22.000000 9012.517766
4.022039 0.360741 22.000000 9069.286458
4.042049 0.362277 22.000000 9125.191710
4.062059 0.362091 22.000000 9172.113402
4.082069 0.361948 22.000000 9234.882051
4.102080 0.363560 22.000000 9283.891753
4.122090 0.362680 22.000000 9335.973684
4.142100 0.363097 22.000000 9394.505208
4.162110 0.363495 22.000000 9439.692308
4.182120 0.362933 22.000000 9499.830769
4.202130 0.364573 21.999171 9551.683938
4.222140 0.363103 21.995579 9601.784211
4.242151 0.363721 22.000000 9661.558974
4.262161 0.363148 22.000000 9710.800000
4.282171 0.362612 22.000000 9765.549738
4.302181 0.363144 22.000000 9823.696335
4.322191 0.363705 22.000000 9870.362245
4.342201 0.363514 22.000000 9934.314136
4.362211 0.364930 22.000000 9986.355670
4.382222 0.364450 22.000000 10040.903743
4.402232 0.364197 22.000000 10103.927835
4.422242 0.365215 22.000000 10151.821053
4.442252 0.364446 22.000000 10217.948718
4.462262 0.365935 22.000000 10275.984127
4.482272 0.366105 22.000000 10332.448454
4.502282 0.366812 22.000000 10398.936842
4.522293 0.366144 22.000000 10455.776042
4.542303 0.365909 22.000000 10519.752632
4.562313 0.366353 22.000000 10585.000000
4.582323 0.367117 22.000000 10642.156250
4.602333 0.365930 22.000000 10714.842105
4.622343 0.366582 22.000000 10774.321244
4.642353 0.366216 22.000000 10838.154255
4.662364 0.365745 22.000000 10906.505208
4.682374 0.367109 22.000000 10966.845361
4.702384 0.365967 22.000000 11037.307292
4.722394 0.366614 22.000000 11099.457447
4.742404 0.367257 22.000000 11159.580311
4.762414 0.367808 22.000000 11229.387435
4.782424 0.368050 22.000000 11288.068421
4.802435 0.368193 22.000000 11351.578947
4.822445 0.367338 21.989529 11413.675393
4.842455 0.368393 22.000000 11469.548387
4.862465 0.368102 22.000000 11531.020725
4.882475 0.368026 22.000000 11588.127660
4.902485 0.368352 22.000000 11645.709845
4.922495 0.366601 22.000000 11704.643979
4.942506 0.369297 22.000000 11753.775401
4.962516 0.367783 22.000000 11810.560209
4.982526 0.366880 22.000000 11862.816754
5.002536 0.368121 22.000000 11912.446809
5.022546 0.367813 22.000000 11962.768421
5.042556 0.367868 22.000000 12010.302083
5.062567 0.368391 22.000000 12058.195767
5.082577 0.366913 22.000000 12101.850267
5.102587 0.369099 22.000000 12146.419689
5.122597 0.368363 22.000000 12189.544503
5.142607 0.367909 22.000000 12229.873684
5.162617 0.369545 22.000000 12272.286458
5.182627 0.367963 22.000000 12308.581152
5.202638 0.369603 22.000000 12348.313830
5.222648 0.368757 22.000000 12385.671795
5.242658 0.367312 22.000000 12421.763441
5.262668 0.369993 22.000000 12461.336842
5.282678 0.369026 22.000000 12497.310526
5.302688 0.368475 22.000000 12537.761905
5.322698 0.369562 22.000000 12578.978495
5.342709 0.367457 22.000000 12620.148718
5.362719 0.370189 22.000000 12668.176471
5.382729 0.369434 22.002723 12713.764398
5.402739 0.368017 22.002526 12762.052632
5.422749 0.369305 22.000000 12818.920635
5.442759 0.367562 22.000000 12866.513369
5.462769 0.370166 22.000000 12925.140625
5.482780 0.369438 22.000000 12981.358289
5.502790 0.367429 22.000000 13034.952880
5.522800 0.370038 22.000000 13098.738220
5.542810 0.368867 22.003191 13148.319149
5.562820 0.367716 22.007254 13208.689119
5.582830 0.368441 22.000000 13268.193548
5.602840 0.366211 22.000000 13317.582474
5.622851 0.369035 22.000000 13378.764398
5.642861 0.367796 22.000000 13427.764398
5.662871 0.364934 22.000000 13480.244792
5.682881 0.368530 22.000000 13534.396825
5.702891 0.366114 22.000000 13580.468421
5.722901 0.368965 22.000000 13633.134715
5.742911 0.368138 22.000000 13682.335079
5.762922 0.365937 22.000000 13729.627660
5.782932 0.369251 22.000000 13786.389474
5.802942 0.367306 22.000000 13828.461538
5.822952 0.366792 22.000000 13882.037037
5.842962 0.367578 22.000000 13935.110526
5.862972 0.365092 22.000000 13975.526316
5.882982 0.367929 22.000000 14034.036458
5.902993 0.366566 22.000000 14082.427083
5.923003 0.363837 22.000000 14131.256545
5.943013 0.367312 22.000000 14188.128205
5.963023 0.364740 22.000000 14232.121053
5.983033 0.367023 22.000000 14286.232804
6.003043 0.366644 22.000000 14337.953368
6.023053 0.363999 22.000000 14384.728205
6.043064 0.367081 22.000000 14442.444444
6.063074 0.364652 22.000000 14485.113990
6.083084 0.363434 22.000000 14540.737113
6.103094 0.365363 22.004868 14589.656085
6.123104 0.362566 22.005625 14636.630208
6.143114 0.365052 22.000000 14693.905028
6.163124 0.364296 22.000000 14740.067073
6.183135 0.360209 22.000000 14791.041667
6.203145 0.364152 22.000000 14841.618182
6.223155 0.360185 22.000000 14883.760736
6.243165 0.361505 22.000000 14937.391813
6.263175 0.362172 22.000000 14981.707317
