serial number: JANUSZ_2_RI70_21414872
torque: 8
start_temp: 22 (3)
finish_temp: 22 (4)
note: z janusza 2, os 3
0.000000 0.410778 22.000000 13364.584795
0.020010 0.407060 21.996647 13402.413174
0.040020 0.406372 22.012644 13442.816092
0.060030 0.410274 22.008000 13488.252941
0.080041 0.403388 22.000000 13532.450867
0.100051 0.409311 22.000000 13582.045714
0.120061 0.407813 22.000000 13632.089286
0.140071 0.401783 22.000000 13682.741176
0.160081 0.408376 22.000000 13741.434524
0.180091 0.401727 22.000000 13798.977901
0.200101 0.404593 22.000000 13862.781609
0.220112 0.404051 22.000000 13930.656805
0.240122 0.398112 22.002697 13997.039326
0.260132 0.405802 21.997225 14075.433526
0.280142 0.401631 22.000000 14151.790698
0.300152 0.400704 22.000000 14233.163842
0.320162 0.404713 22.000000 14325.454023
0.340172 0.398334 22.000000 14411.952381
0.360183 0.403517 22.000000 14508.634286
0.380193 0.402386 22.000000 14608.562500
0.400203 0.396619 22.000000 14710.056497
0.420213 0.404326 22.000702 14824.684211
0.440223 0.397578 22.004944 14933.376404
0.460233 0.400113 22.000000 15049.664740
0.480243 0.401039 22.000227 15176.017045
0.500254 0.394091 21.994124 15301.084746
0.520264 0.400645 22.000000 15438.706897
0.540274 0.395922 22.000000 15576.953757
0.560284 0.394712 21.998202 15717.865169
0.580294 0.399213 21.996092 15873.362069
0.600304 0.393471 22.000000 16019.151685
0.620314 0.397660 22.000000 16177.278409
0.640325 0.395515 22.000000 13041.944134
0.660335 0.390597 22.007514 108.966851
0.680345 0.397433 22.003657 275.428571
0.700355 0.391445 22.000000 426.062857
0.720365 0.394113 22.000000 579.364641
0.740375 0.394609 22.000000 734.582857
0.760385 0.389090 22.000000 875.131868
0.780396 0.395447 22.005618 1022.202247
0.800406 0.390301 21.995084 1155.547486
0.820416 0.390221 21.993636 1280.857955
0.840426 0.394045 21.991461 1410.500000
0.860436 0.387447 22.003094 1524.519337
0.880446 0.391199 22.005363 1635.893855
0.900456 0.390098 22.000000 1745.828729
0.920467 0.386245 22.000000 1843.167598
0.940477 0.392092 22.000000 1941.354286
0.960487 0.386770 22.000000 2031.465241
0.980497 0.388117 21.994831 2116.112360
1.000507 0.390109 21.999553 2201.312849
1.020517 0.385757 22.000000 2274.325967
1.040528 0.390757 22.000000 2349.894444
1.060538 0.386823 22.000000 2418.977654
1.080548 0.386250 22.000000 2484.497354
1.100558 0.388862 22.000000 2552.514124
1.120568 0.383956 22.000000 2609.687151
1.140578 0.387501 22.000000 2667.582418
1.160588 0.386597 22.000000 2725.505495
1.180599 0.383243 22.013626 2775.368132
1.200609 0.389257 22.006742 2828.966292
1.220619 0.384131 21.996284 2876.060109
1.240629 0.385081 22.000000 2921.502762
1.260639 0.387517 22.000000 2969.613260
1.280649 0.383502 22.000000 3008.673913
1.300659 0.387706 22.000000 3050.818182
1.320670 0.384663 21.997158 3092.043716
1.340680 0.385244 21.997391 3124.880435
1.360690 0.389303 22.000000 3167.237288
1.380700 0.385016 22.000000 3197.840426
1.400710 0.387556 22.000000 3234.488636
1.420720 0.386928 22.003778 3268.072222
1.440730 0.384931 21.996243 3298.265193
1.460741 0.390497 22.000000 3330.175141
1.480751 0.386828 22.000000 3360.437158
1.500761 0.387794 22.000000 3386.902174
1.520771 0.390948 22.000000 3419.782857
1.540781 0.387088 22.000000 3442.102151
1.560791 0.390656 22.000000 3473.340909
1.580801 0.388474 22.006739 3497.195652
1.600812 0.389440 22.004222 3523.272222
1.620822 0.393285 22.000000 3550.457627
1.640832 0.389672 22.000000 3572.542373
1.660842 0.391733 22.000000 3597.460227
1.680852 0.392561 22.000000 3621.651934
1.700862 0.391612 21.985251 3644.597765
1.720872 0.394485 21.997978 3667.837079
1.740883 0.391587 21.996818 3690.119318
1.760893 0.391763 21.997569 3713.541436
1.780903 0.395440 21.986893 3734.649718
1.800913 0.393277 22.006102 3756.717514
1.820923 0.395923 22.007086 3780.342857
1.840933 0.394764 22.000000 3798.629213
1.860943 0.395184 22.000000 3822.988827
1.880954 0.398111 22.000000 3846.085227
1.900964 0.394951 22.000000 3862.970930
1.920974 0.397205 22.000000 3889.022346
1.940984 0.399655 22.000000 3911.126437
1.960994 0.398143 22.000000 3928.387283
1.981004 0.401182 22.000000 3954.528409
2.001014 0.399223 22.000000 3975.039548
2.021025 0.400608 22.000000 3993.418079
2.041035 0.404183 22.005517 4017.258621
2.061045 0.401447 22.000233 4037.587209
2.081055 0.404123 21.996301 4055.780347
2.101065 0.403437 21.991953 4074.810651
2.121075 0.404374 22.004246 4098.027933
2.141085 0.407508 22.004734 4116.011834
2.161096 0.406118 22.002500 4131.886364
2.181106 0.407501 22.000000 4157.270588
2.201116 0.409094 22.000000 4174.684211
2.221126 0.409263 22.000000 4188.839286
2.241136 0.411955 22.000000 4212.255814
2.261146 0.411319 22.000000 4230.035503
2.281156 0.412732 22.000000 4245.218935
2.301167 0.415668 22.000000 4262.473054
2.321177 0.413224 22.000000 4283.523529
2.341187 0.415276 22.005146 4303.403509
2.361197 0.415525 22.006747 4318.180723
2.381207 0.416485 22.000000 4342.630303
2.401217 0.418038 22.000000 4364.821429
2.421227 0.417364 22.000000 4379.477273
2.441238 0.418017 22.000000 4407.068750
2.461248 0.419441 22.000000 4427.947368
2.481258 0.419843 22.000000 4442.781818
2.501268 0.420809 22.000000 4469.412121
2.521278 0.419706 22.000000 4489.660606
2.541288 0.420640 22.000000 4505.500000
2.561298 0.423392 22.000000 4528.278107
2.581309 0.421591 22.000000 4551.378049
2.601319 0.422537 22.002619 4567.714286
2.621329 0.423182 22.009512 4586.396341
2.641339 0.423899 22.000000 4613.030488
2.661349 0.424297 21.991358 4629.098765
2.681359 0.423729 21.996364 4645.830303
2.701369 0.424896 22.000000 4675.777108
2.721380 0.426645 22.000000 4692.079755
2.741390 0.426200 22.000000 4711.536585
2.761400 0.426799 22.000000 4742.239264
2.781410 0.427734 22.000000 4756.981481
2.801420 0.428979 22.000000 4782.254545
2.821430 0.430969 22.000494 4809.901235
2.841440 0.429101 22.009880 4826.849398
2.861451 0.430007 22.013818 4858.096970
2.881461 0.429058 22.000000 4881.030675
2.901471 0.430013 22.000000 4906.310559
2.921481 0.430577 21.991500 4937.512500
2.941491 0.429593 21.995975 4959.641509
2.961501 0.429790 22.004260 4993.887574
2.981511 0.431305 22.001750 5020.956250
3.001522 0.431637 22.000000 5053.100000
3.021532 0.429439 22.000000 5085.908537
3.041542 0.429729 22.004663 5117.159509
3.061552 0.430649 22.011180 5153.136646
3.081562 0.431029 22.002619 5189.095238
3.101572 0.430458 22.001227 5224.515337
3.121583 0.342588 22.008627 5272.004902
3.141593 0.373389 21.996330 5306.720183
3.161603 0.402825 21.988511 5347.085106
3.181613 0.414843 22.000000 5388.151351
3.201623 0.407465 22.000000 5428.451282
3.221633 0.413733 22.008731 5478.527919
3.241643 0.412496 22.002708 5525.531250
3.261654 0.416850 22.009167 5575.989583
3.281664 0.415718 22.000000 5632.056122
3.301674 0.419460 21.998043 5683.635870
3.321684 0.419146 22.001827 5744.497462
3.341694 0.418395 22.000000 5805.211957
3.361704 0.418820 22.000000 5866.592784
3.381714 0.419304 22.000000 5937.371728
3.401725 0.419282 22.000000 6004.063830
3.421735 0.421110 22.015385 6081.235897
3.441745 0.419734 22.001277 6161.893617
3.461755 0.419832 22.004021 6239.444444
3.481765 0.421492 22.000000 6330.989529
3.501775 0.420648 22.000000 6420.703125
3.521785 0.422146 22.000000 6517.628272
3.541796 0.419107 22.000000 6623.119792
3.561806 0.421281 22.000000 6723.446237
3.581816 0.421514 22.000000 6837.345745
3.601826 0.420636 22.000000 6953.031088
3.621836 0.420271 22.000000 7070.047872
3.641846 0.419529 22.000000 7200.116402
3.661856 0.419957 22.000000 7326.020725
3.681867 0.420774 22.000000 7462.196809
3.701877 0.418371 22.000000 7604.574359
3.721887 0.419773 22.000000 7745.751295
3.741897 0.420869 22.000000 7895.755435
3.761907 0.418549 22.000000 8042.927835
3.781917 0.421322 22.001257 8193.874346
3.801927 0.418533 22.005864 8353.890052
3.821938 0.420058 22.003441 8500.005376
3.841948 0.422137 22.000000 8655.036269
3.861958 0.418849 22.000000 8808.841270
3.881968 0.420078 22.000000 8952.025773
3.901978 0.419566 22.011915 9103.531915
3.921988 0.418241 22.001244 9240.927461
3.941998 0.420236 22.002811 9375.994595
3.962009 0.417496 22.002073 9511.113990
3.982019 0.418436 22.003077 9633.974359
4.002029 0.420430 22.000000 9759.076503
4.022039 0.417287 22.000000 9872.212435
4.042049 0.420186 22.000000 9983.230769
4.062059 0.418903 22.000000 10092.369565
4.082069 0.419496 22.000000 10189.438776
4.102080 0.421359 22.000208 10288.968750
4.122090 0.417446 22.004894 10380.696809
4.142100 0.419717 22.000215 10462.354839
4.162110 0.420975 22.000000 10546.579487
4.182120 0.418668 22.000000 10622.062500
4.202130 0.422175 22.000000 10694.683938
4.222140 0.418716 22.000000 10763.707447
4.242151 0.419173 22.000000 10823.829787
4.262161 0.421921 22.005106 10886.760638
4.282171 0.416756 22.000206 10944.597938
4.302181 0.419927 22.000000 10999.646739
4.322191 0.419126 22.000000 11055.111111
4.342201 0.417559 22.000000 11103.411458
4.362211 0.421011 22.000000 11153.804124
4.382222 0.415660 22.000000 11200.645161
4.402232 0.418587 22.014316 11241.347368
4.422242 0.418779 22.027216 11286.350515
4.442252 0.414818 22.000000 11323.878947
4.462262 0.419361 22.000000 11362.335079
4.482272 0.415671 22.000000 11398.448454
4.502282 0.415624 22.007385 11430.538462
4.522293 0.418766 22.008168 11465.492147
4.542303 0.413251 22.000000 11494.214660
4.562313 0.417337 21.995487 11523.256410
4.582323 0.416417 21.986250 11554.911458
4.602333 0.414498 22.002667 11578.030769
4.622343 0.418388 21.994811 11610.518919
4.642353 0.412864 21.987861 11631.233831
4.662364 0.416259 21.991648 11659.417582
4.682374 0.416159 21.989146 11682.989950
4.702384 0.411405 21.974241 11702.345550
4.722394 0.416126 22.000000 11729.276042
4.742404 0.412789 22.002020 11748.338384
4.762414 0.412292 22.003209 11764.122995
4.782424 0.416392 22.005596 11783.321244
4.802435 0.410364 22.015179 11801.969231
4.822445 0.415140 22.010103 11820.180412
4.842455 0.413930 22.000625 11842.807292
4.862465 0.410279 22.006392 11862.319588
4.882475 0.415559 22.003249 11884.802030
4.902485 0.409855 22.000000 11904.545918
4.922495 0.411900 22.000000 11923.552083
4.942506 0.413959 22.000000 11948.582474
4.962516 0.406256 22.000000 11966.472081
4.982526 0.413651 22.000000 11983.769634
5.002536 0.410933 22.004330 12001.536082
5.022546 0.409157 22.010964 12020.319797
5.042556 0.413599 22.002979 12044.212766
5.062567 0.405407 22.002211 12061.140704
5.082577 0.411753 22.006294 12076.954315
5.102587 0.410718 22.003958 12096.098958
5.122597 0.406743 22.001608 12114.879397
5.142607 0.412447 22.008660 12136.432990
5.162617 0.406406 22.000000 12151.368159
5.182627 0.409619 22.000000 12166.187500
5.202638 0.411795 22.000000 12186.964467
5.222648 0.404851 21.983834 12204.590674
5.242658 0.411673 21.998990 12221.550505
5.262668 0.409423 22.001649 12234.747423
5.282678 0.407192 22.000000 12249.434555
5.302688 0.412809 22.000000 12270.103627
5.322698 0.406680 22.000000 12284.934010
5.342709 0.412250 22.000000 12298.096447
5.362719 0.413582 22.000000 12313.375000
5.382729 0.407807 22.000000 12329.928205
5.402739 0.413662 22.000000 12350.773196
5.422749 0.409513 22.000000 12364.580000
5.442759 0.411710 21.988632 12379.568421
5.462769 0.413689 21.962653 12401.806122
5.482780 0.406059 21.997249 12417.820106
5.502790 0.413648 22.000000 12434.465686
5.522800 0.410928 22.004868 12453.984127
5.542810 0.409543 22.005538 12471.584615
5.562820 0.414494 21.987358 12489.860104
5.582830 0.407737 21.997143 12508.474490
5.602840 0.413612 22.013053 12528.110526
5.622851 0.412957 22.013770 12544.207650
5.642861 0.405746 22.005714 12564.291429
5.662871 0.412528 22.000000 12587.092593
5.682881 0.407145 22.000000 12601.901734
5.702891 0.410832 22.000000 12622.889535
5.722901 0.412899 22.000000 12642.203593
5.742911 0.405274 21.999318 12659.619318
5.762922 0.411549 21.982857 12682.476190
5.782932 0.409535 22.000000 12697.416667
5.802942 0.406724 22.000000 12716.625731
5.822952 0.412318 22.000000 12739.022346
5.842962 0.406080 22.000000 12758.059880
5.862972 0.412410 22.000000 12778.686047
5.882982 0.411999 22.000000 12794.733728
5.902993 0.405989 21.995059 12812.394118
5.923003 0.413120 21.987294 12834.847059
5.943013 0.407017 22.000000 12860.023669
5.963023 0.410607 22.002057 12886.480000
5.983033 0.412374 22.009704 12914.727811
6.003043 0.405325 22.000000 12934.593023
6.023053 0.413616 22.000000 12964.083832
6.043064 0.409644 22.000000 12990.468927
6.063074 0.408044 22.000000 13011.432927
6.083084 0.411348 22.000000 13044.167630
6.103094 0.405122 22.003390 13066.514124
6.123104 0.411192 22.008333 13098.214286
6.143114 0.410275 22.000000 13125.739645
6.163124 0.404058 22.000000 13154.491228
6.183135 0.412023 22.000000 13187.602339
6.203145 0.405301 22.011034 13219.281609
6.223155 0.408823 22.017907 13252.337209
6.243165 0.409129 22.000000 13289.130178
6.263175 0.404474 22.000000 13323.777143
