serial number: JANUSZ_4_RI80_21414851
torque: 16.0
start_temp: 30 (31)
finish_temp: 30 (31)
note: j4_pcb_3_4
0.000000 nan
0.021014 0.417815
0.042028 0.417009
0.063042 0.417664
0.084056 0.418101
0.105070 0.417424
0.126084 0.418531
0.147098 0.418033
0.168112 0.419036
0.189126 0.419244
0.210140 0.418229
0.231154 0.419080
0.252168 0.418059
0.273182 0.419034
0.294196 0.418649
0.315210 0.418191
0.336224 0.418967
0.357238 0.418608
0.378252 0.420181
0.399266 0.420549
0.420280 0.419851
0.441294 0.420374
0.462308 0.419222
0.483322 0.420356
0.504336 0.419997
0.525350 0.419677
0.546364 0.420342
0.567378 0.419321
0.588392 0.420908
0.609406 0.420597
0.630420 0.420296
0.651434 0.420449
0.672448 0.419273
0.693462 0.420647
0.714476 0.419915
0.735490 0.419818
0.756504 0.419816
0.777518 0.419178
0.798532 0.420556
0.819546 0.419961
0.840560 0.420417
0.861574 0.420228
0.882588 0.419604
0.903602 0.420627
0.924616 0.419908
0.945630 0.420406
0.966644 0.419518
0.987658 0.418841
1.008672 0.419683
1.029686 0.419295
1.050700 0.420065
1.071714 0.419586
1.092728 0.419059
1.113742 0.419903
1.134756 0.418750
1.155770 0.419788
1.176784 0.418869
1.197798 0.418402
1.218812 0.418935
1.239826 0.417721
1.260840 0.418652
1.281854 0.417460
1.302868 0.417402
1.323882 0.418238
1.344896 0.417763
1.365910 0.419249
1.386924 0.417759
1.407938 0.418253
1.428952 0.418649
1.449966 0.418214
1.470980 0.419202
1.491994 0.417572
1.513008 0.418077
1.534022 0.418310
1.555036 0.417940
1.576050 0.419344
1.597064 0.418104
1.618078 0.418700
1.639092 0.417919
1.660106 0.417365
1.681120 0.418086
1.702134 0.416362
1.723148 0.417172
1.744162 0.416613
1.765176 0.416656
1.786190 0.417942
1.807204 0.416669
1.828218 0.416949
1.849232 0.415989
1.870246 0.416157
1.891260 0.416794
1.912274 0.415185
1.933288 0.416573
1.954302 0.415684
1.975316 0.415817
1.996330 0.416516
2.017344 0.414972
2.038358 0.416396
2.059372 0.415011
2.080386 0.415329
2.101400 0.415829
2.122414 0.414108
2.143428 0.415298
2.164442 0.413934
2.185456 0.414702
2.206470 0.415321
2.227484 0.414083
2.248498 0.415594
2.269512 0.414268
2.290526 0.415224
2.311540 0.415857
2.332554 0.414665
2.353568 0.416122
2.374582 0.414706
2.395596 0.415731
2.416610 0.415418
2.437624 0.414226
2.458638 0.415588
2.479652 0.414404
2.500666 0.415694
2.521680 0.415897
2.542694 0.415044
2.563708 0.416044
2.584722 0.414324
2.605736 0.415923
2.626750 0.415892
2.647764 0.414825
2.668778 0.415627
2.689792 0.413864
2.710806 0.415578
2.731820 0.415351
2.752834 0.414678
2.773848 0.415595
2.794862 0.413891
2.815876 0.415764
2.836890 0.415476
2.857904 0.414718
2.878918 0.415257
2.899932 0.413487
2.920946 0.415407
2.941960 0.415366
2.962974 0.415341
2.983988 0.416421
3.005002 0.415020
3.026016 0.417248
3.047030 0.417034
3.068044 0.416840
3.089058 0.417673
3.110072 0.415881
3.131086 0.417777
3.152100 0.417194
3.173114 0.416927
3.194128 0.417812
3.215142 0.416122
3.236156 0.418130
3.257170 0.417594
3.278184 0.417895
3.299198 0.418728
3.320212 0.417064
3.341226 0.419022
3.362240 0.418340
3.383254 0.418654
3.404268 0.418945
3.425282 0.417459
3.446296 0.419421
3.467310 0.418739
3.488324 0.419498
3.509338 0.419835
3.530352 0.418385
3.551366 0.420249
3.572380 0.419247
3.593394 0.419813
3.614408 0.419584
3.635422 0.418357
3.656436 0.420042
3.677450 0.419368
3.698464 0.420271
3.719478 0.420123
3.740492 0.418982
3.761506 0.420500
3.782520 0.419409
3.803534 0.420415
3.824548 0.419754
3.845562 0.418818
3.866576 0.419981
3.887590 0.418784
3.908604 0.419990
3.929618 0.419402
3.950632 0.418691
3.971646 0.419993
3.992660 0.418981
4.013674 0.420242
4.034688 0.419201
4.055702 0.418636
4.076716 0.419409
4.097730 0.417777
4.118744 0.419037
4.139758 0.418049
4.160772 0.417565
4.181786 0.418439
4.202800 0.417253
4.223814 0.418995
4.244828 0.417784
4.265842 0.417236
4.286856 0.418131
4.307870 0.416986
4.328884 0.418765
4.349898 0.417535
4.370912 0.417296
4.391926 0.418231
4.412940 0.416923
4.433954 0.418828
4.454968 0.417758
4.475982 0.417772
4.496996 0.418204
4.518010 0.417051
4.539023 0.418818
4.560037 0.417494
4.581051 0.417956
4.602065 0.418528
4.623079 0.417415
4.644093 0.419242
4.665107 0.417689
4.686121 0.418266
4.707135 0.418856
4.728149 0.417887
4.749163 0.419312
4.770177 0.417431
4.791191 0.417886
4.812205 0.417734
4.833219 0.416572
4.854233 0.417963
4.875247 0.416423
4.896261 0.417147
4.917275 0.417009
4.938289 0.416459
4.959303 0.417840
4.980317 0.416281
5.001331 0.416867
5.022345 0.416472
5.043359 0.415739
5.064373 0.417108
5.085387 0.415264
5.106401 0.415994
5.127415 0.415594
5.148429 0.415053
5.169443 0.416634
5.190457 0.415024
5.211471 0.416203
5.232485 0.415874
5.253499 0.415678
5.274513 0.417190
5.295527 0.415234
5.316541 0.416531
5.337555 0.415634
5.358569 0.415726
5.379583 0.417069
5.400597 0.415722
5.421611 0.416945
5.442625 0.415762
5.463639 0.416192
5.484653 0.417234
5.505667 0.415767
5.526681 0.416752
5.547695 0.415175
5.568709 0.415446
5.589723 0.416107
5.610737 0.414936
5.631751 0.415807
5.652765 0.414664
5.673779 0.415403
5.694793 0.416144
5.715807 0.415017
5.736821 0.415721
5.757835 0.414711
5.778849 0.415812
5.799863 0.416308
5.820877 0.415978
5.841891 0.416802
5.862905 0.415351
5.883919 0.416619
5.904933 0.417186
5.925947 0.416919
5.946961 0.417459
5.967975 0.415960
5.988989 0.417129
6.010003 0.416769
6.031017 0.416484
6.052031 0.416568
6.073045 0.415118
6.094059 0.416565
6.115073 0.416332
6.136087 0.416836
6.157101 0.417033
6.178115 0.415761
6.199129 0.417502
6.220143 0.417026
6.241157 0.417377
6.262171 0.417550
6.283185 0.416658
