serial number: JANUSZ_4_RI80_21414851
torque: 16.0
start_temp: 31 (32)
finish_temp: 31 (32)
note: j4_pcb_3_4
0.000000 nan
0.021014 0.421256
0.042028 0.420462
0.063042 0.421159
0.084056 0.421411
0.105070 0.420383
0.126084 0.421838
0.147098 0.421083
0.168112 0.422170
0.189126 0.422192
0.210140 0.421471
0.231154 0.422397
0.252168 0.421368
0.273182 0.422659
0.294196 0.422735
0.315210 0.421935
0.336224 0.422833
0.357238 0.422038
0.378252 0.423440
0.399266 0.423063
0.420280 0.422289
0.441294 0.422914
0.462308 0.422040
0.483322 0.423401
0.504336 0.423313
0.525350 0.422705
0.546364 0.423583
0.567378 0.422681
0.588392 0.424454
0.609406 0.424059
0.630420 0.423599
0.651434 0.424042
0.672448 0.422754
0.693462 0.424349
0.714476 0.424075
0.735490 0.423991
0.756504 0.424262
0.777518 0.423175
0.798532 0.424848
0.819546 0.423989
0.840560 0.423987
0.861574 0.423773
0.882588 0.423073
0.903602 0.424621
0.924616 0.423851
0.945630 0.424417
0.966644 0.424647
0.987658 0.424006
1.008672 0.425358
1.029686 0.424446
1.050700 0.425023
1.071714 0.424459
1.092728 0.423739
1.113742 0.424767
1.134756 0.423625
1.155770 0.424785
1.176784 0.423701
1.197798 0.423349
1.218812 0.424415
1.239826 0.423589
1.260840 0.424543
1.281854 0.423419
1.302868 0.423156
1.323882 0.423926
1.344896 0.422800
1.365910 0.424185
1.386924 0.422867
1.407938 0.423321
1.428952 0.423109
1.449966 0.421934
1.470980 0.423231
1.491994 0.421851
1.513008 0.422207
1.534022 0.422344
1.555036 0.421187
1.576050 0.422916
1.597064 0.421246
1.618078 0.421699
1.639092 0.421829
1.660106 0.421292
1.681120 0.422716
1.702134 0.421049
1.723148 0.421568
1.744162 0.421515
1.765176 0.421261
1.786190 0.422599
1.807204 0.420830
1.828218 0.421642
1.849232 0.421309
1.870246 0.420936
1.891260 0.422272
1.912274 0.420505
1.933288 0.421689
1.954302 0.421029
1.975316 0.420869
1.996330 0.421986
2.017344 0.420349
2.038358 0.421549
2.059372 0.420280
2.080386 0.420155
2.101400 0.421468
2.122414 0.419719
2.143428 0.421039
2.164442 0.420030
2.185456 0.420053
2.206470 0.421005
2.227484 0.418946
2.248498 0.420403
2.269512 0.419232
2.290526 0.419577
2.311540 0.420500
2.332554 0.418927
2.353568 0.420604
2.374582 0.419148
2.395596 0.419652
2.416610 0.420332
2.437624 0.418988
2.458638 0.420518
2.479652 0.418886
2.500666 0.419534
2.521680 0.420113
2.542694 0.418643
2.563708 0.419997
2.584722 0.418514
2.605736 0.419638
2.626750 0.419996
2.647764 0.418786
2.668778 0.420214
2.689792 0.418715
2.710806 0.419855
2.731820 0.420142
2.752834 0.419039
2.773848 0.420274
2.794862 0.418767
2.815876 0.420183
2.836890 0.420238
2.857904 0.419120
2.878918 0.420551
2.899932 0.418758
2.920946 0.420515
2.941960 0.420767
2.962974 0.420018
2.983988 0.421148
3.005002 0.419460
3.026016 0.421243
3.047030 0.421544
3.068044 0.420857
3.089058 0.422153
3.110072 0.420391
3.131086 0.422398
3.152100 0.422144
3.173114 0.421599
3.194128 0.422506
3.215142 0.420923
3.236156 0.422903
3.257170 0.422385
3.278184 0.422100
3.299198 0.422891
3.320212 0.420749
3.341226 0.422814
3.362240 0.422328
3.383254 0.422361
3.404268 0.423059
3.425282 0.421418
3.446296 0.423753
3.467310 0.423038
3.488324 0.423281
3.509338 0.423781
3.530352 0.422240
3.551366 0.424324
3.572380 0.423251
3.593394 0.424001
3.614408 0.424448
3.635422 0.422882
3.656436 0.424620
3.677450 0.423274
3.698464 0.424060
3.719478 0.424011
3.740492 0.422546
3.761506 0.424121
3.782520 0.422481
3.803534 0.423269
3.824548 0.422930
3.845562 0.422001
3.866576 0.423678
3.887590 0.422356
3.908604 0.423293
3.929618 0.422446
3.950632 0.421616
3.971646 0.423190
3.992660 0.421912
4.013674 0.423245
4.034688 0.422450
4.055702 0.421543
4.076716 0.422808
4.097730 0.421620
4.118744 0.423176
4.139758 0.422465
4.160772 0.421600
4.181786 0.422692
4.202800 0.421155
4.223814 0.422812
4.244828 0.421817
4.265842 0.421181
4.286856 0.422212
4.307870 0.420958
4.328884 0.422822
4.349898 0.421941
4.370912 0.421503
4.391926 0.422626
4.412940 0.421097
4.433954 0.422933
4.454968 0.421301
4.475982 0.421171
4.496996 0.421788
4.518010 0.420659
4.539023 0.422579
4.560037 0.421326
4.581051 0.421274
4.602065 0.421992
4.623079 0.420790
4.644093 0.422756
4.665107 0.421320
4.686121 0.421536
4.707135 0.422108
4.728149 0.420953
4.749163 0.422760
4.770177 0.421490
4.791191 0.422018
4.812205 0.422734
4.833219 0.421400
4.854233 0.423104
4.875247 0.421656
4.896261 0.422390
4.917275 0.422470
4.938289 0.421175
4.959303 0.422672
4.980317 0.421248
5.001331 0.421660
5.022345 0.421806
5.043359 0.421175
5.064373 0.423038
5.085387 0.421373
5.106401 0.422295
5.127415 0.422033
5.148429 0.421238
5.169443 0.422606
5.190457 0.420726
5.211471 0.421776
5.232485 0.421685
5.253499 0.421137
5.274513 0.422585
5.295527 0.420906
5.316541 0.421973
5.337555 0.421434
5.358569 0.421033
5.379583 0.422383
5.400597 0.420499
5.421611 0.421580
5.442625 0.420508
5.463639 0.420584
5.484653 0.421806
5.505667 0.420148
5.526681 0.421297
5.547695 0.420132
5.568709 0.420402
5.589723 0.421468
5.610737 0.419888
5.631751 0.420949
5.652765 0.419843
5.673779 0.420510
5.694793 0.421133
5.715807 0.420141
5.736821 0.421107
5.757835 0.419648
5.778849 0.420640
5.799863 0.421185
5.820877 0.420379
5.841891 0.421018
5.862905 0.419265
5.883919 0.420524
5.904933 0.420365
5.925947 0.419689
5.946961 0.420253
5.967975 0.418785
5.988989 0.419941
6.010003 0.419556
6.031017 0.419076
6.052031 0.419838
6.073045 0.418401
6.094059 0.419879
6.115073 0.419500
6.136087 0.419887
6.157101 0.420421
6.178115 0.419183
6.199129 0.420479
6.220143 0.419990
6.241157 0.420443
6.262171 0.420917
6.283185 0.419642
