serial number: JANUSZ_4_RI80_21414851
torque: 16.0
start_temp: 31 (32)
finish_temp: 32 (33)
note: j4_3_4_ri_80
0.000000 nan
0.021014 0.601985
0.042028 0.602473
0.063042 0.604186
0.084056 0.600836
0.105070 0.604157
0.126084 0.601288
0.147098 0.601691
0.168112 0.603082
0.189126 0.599435
0.210140 0.602843
0.231154 0.599817
0.252168 0.600724
0.273182 0.601701
0.294196 0.598881
0.315210 0.602880
0.336224 0.599690
0.357238 0.601468
0.378252 0.601886
0.399266 0.599359
0.420280 0.603118
0.441294 0.599658
0.462308 0.601936
0.483322 0.602043
0.504336 0.599775
0.525350 0.602605
0.546364 0.599665
0.567378 0.601632
0.588392 0.601306
0.609406 0.599019
0.630420 0.601769
0.651434 0.598695
0.672448 0.600959
0.693462 0.600298
0.714476 0.598869
0.735490 0.601105
0.756504 0.597556
0.777518 0.600903
0.798532 0.599236
0.819546 0.598588
0.840560 0.600812
0.861574 0.597305
0.882588 0.600879
0.903602 0.599089
0.924616 0.598628
0.945630 0.600594
0.966644 0.597300
0.987658 0.600724
1.008672 0.598599
1.029686 0.599240
1.050700 0.600379
1.071714 0.597775
1.092728 0.601266
1.113742 0.598785
1.134756 0.600171
1.155770 0.600733
1.176784 0.598272
1.197798 0.602242
1.218812 0.599088
1.239826 0.600997
1.260840 0.600850
1.281854 0.598051
1.302868 0.601669
1.323882 0.598584
1.344896 0.601264
1.365910 0.600480
1.386924 0.598429
1.407938 0.602325
1.428952 0.598655
1.449966 0.602200
1.470980 0.600927
1.491994 0.599894
1.513008 0.602791
1.534022 0.600028
1.555036 0.603898
1.576050 0.602140
1.597064 0.601293
1.618078 0.603824
1.639092 0.600318
1.660106 0.604467
1.681120 0.601597
1.702134 0.601310
1.723148 0.603400
1.744162 0.599852
1.765176 0.604269
1.786190 0.601123
1.807204 0.601566
1.828218 0.602861
1.849232 0.599869
1.870246 0.604836
1.891260 0.600946
1.912274 0.603162
1.933288 0.603495
1.954302 0.601407
1.975316 0.606431
1.996330 0.602046
2.017344 0.604690
2.038358 0.604165
2.059372 0.602132
2.080386 0.606746
2.101400 0.602459
2.122414 0.605526
2.143428 0.604153
2.164442 0.601766
2.185456 0.605599
2.206470 0.601116
2.227484 0.604628
2.248498 0.602585
2.269512 0.601531
2.290526 0.605175
2.311540 0.600601
2.332554 0.605539
2.353568 0.602038
2.374582 0.601943
2.395596 0.606188
2.416610 0.601851
2.437624 0.606130
2.458638 0.602297
2.479652 0.602908
2.500666 0.605125
2.521680 0.601474
2.542694 0.606852
2.563708 0.602605
2.584722 0.604344
2.605736 0.605519
2.626750 0.602612
2.647764 0.607604
2.668778 0.603300
2.689792 0.605563
2.710806 0.605607
2.731820 0.602521
2.752834 0.607056
2.773848 0.602120
2.794862 0.604604
2.815876 0.604121
2.836890 0.601626
2.857904 0.606415
2.878918 0.601137
2.899932 0.605327
2.920946 0.603466
2.941960 0.602078
2.962974 0.605861
2.983988 0.600938
3.005002 0.605730
3.026016 0.603022
3.047030 0.603140
3.068044 0.606485
3.089058 0.601907
3.110072 0.606901
3.131086 0.603163
3.152100 0.603840
3.173114 0.605807
3.194128 0.601198
3.215142 0.606166
3.236156 0.601863
3.257170 0.603282
3.278184 0.604552
3.299198 0.600254
3.320212 0.605321
3.341226 0.600639
3.362240 0.603650
3.383254 0.604262
3.404268 0.601172
3.425282 0.606535
3.446296 0.601351
3.467310 0.604432
3.488324 0.603690
3.509338 0.601042
3.530352 0.605301
3.551366 0.599662
3.572380 0.603864
3.593394 0.601640
3.614408 0.600102
3.635422 0.603709
3.656436 0.598447
3.677450 0.602525
3.698464 0.600267
3.719478 0.599932
3.740492 0.602796
3.761506 0.597882
3.782520 0.602624
3.803534 0.599404
3.824548 0.599133
3.845562 0.601612
3.866576 0.596648
3.887590 0.601887
3.908604 0.598006
3.929618 0.598968
3.950632 0.600052
3.971646 0.595739
3.992660 0.600903
4.013674 0.596922
4.034688 0.598978
4.055702 0.599745
4.076716 0.596439
4.097730 0.601349
4.118744 0.597383
4.139758 0.600552
4.160772 0.600333
4.181786 0.596992
4.202800 0.601346
4.223814 0.597017
4.244828 0.599734
4.265842 0.599075
4.286856 0.595988
4.307870 0.600363
4.328884 0.596238
4.349898 0.599869
4.370912 0.598922
4.391926 0.596141
4.412940 0.600080
4.433954 0.596011
4.454968 0.600538
4.475982 0.598573
4.496996 0.597034
4.518010 0.600428
4.539023 0.596273
4.560037 0.601133
4.581051 0.598563
4.602065 0.597047
4.623079 0.600165
4.644093 0.595924
4.665107 0.600212
4.686121 0.597561
4.707135 0.596749
4.728149 0.599354
4.749163 0.595515
4.770177 0.600390
4.791191 0.597414
4.812205 0.596987
4.833219 0.599718
4.854233 0.595524
4.875247 0.600639
4.896261 0.597354
4.917275 0.597856
4.938289 0.599952
4.959303 0.595604
4.980317 0.600688
5.001331 0.597034
5.022345 0.597922
5.043359 0.599781
5.064373 0.595869
5.085387 0.601310
5.106401 0.597868
5.127415 0.599423
5.148429 0.601019
5.169443 0.597319
5.190457 0.602537
5.211471 0.599183
5.232485 0.600831
5.253499 0.601972
5.274513 0.598774
5.295527 0.603498
5.316541 0.599839
5.337555 0.601597
5.358569 0.602560
5.379583 0.599403
5.400597 0.604430
5.421611 0.600029
5.442625 0.602652
5.463639 0.602980
5.484653 0.600437
5.505667 0.605533
5.526681 0.601228
5.547695 0.604444
5.568709 0.604063
5.589723 0.602451
5.610737 0.607365
5.631751 0.603659
5.652765 0.607241
5.673779 0.606284
5.694793 0.604941
5.715807 0.609075
5.736821 0.604954
5.757835 0.608451
5.778849 0.607253
5.799863 0.605266
5.820877 0.608918
5.841891 0.604605
5.862905 0.607839
5.883919 0.605555
5.904933 0.603897
5.925947 0.606094
5.946961 0.601072
5.967975 0.604389
5.988989 0.602693
6.010003 0.602019
6.031017 0.605195
6.052031 0.600826
6.073045 0.604854
6.094059 0.602579
6.115073 0.602856
6.136087 0.605352
6.157101 0.601412
6.178115 0.605367
6.199129 0.602943
6.220143 0.603014
6.241157 0.605145
6.262171 0.601381
6.283185 0.604986
