serial number: JANUSZ_4_RI80_21414851
torque: 16.0
start_temp: 30 (32)
finish_temp: 30 (32)
note: j4_3_4_ri_80
0.000000 nan
0.021014 0.455544
0.042028 0.454701
0.063042 0.453788
0.084056 0.455623
0.105070 0.453935
0.126084 0.455181
0.147098 0.454560
0.168112 0.454107
0.189126 0.455952
0.210140 0.454166
0.231154 0.455456
0.252168 0.454535
0.273182 0.454109
0.294196 0.455580
0.315210 0.453751
0.336224 0.455393
0.357238 0.454514
0.378252 0.454403
0.399266 0.455718
0.420280 0.454163
0.441294 0.455549
0.462308 0.454220
0.483322 0.454449
0.504336 0.455824
0.525350 0.453924
0.546364 0.455269
0.567378 0.453525
0.588392 0.454198
0.609406 0.455253
0.630420 0.453570
0.651434 0.454984
0.672448 0.453004
0.693462 0.453991
0.714476 0.454634
0.735490 0.453255
0.756504 0.454129
0.777518 0.452155
0.798532 0.453061
0.819546 0.453231
0.840560 0.452595
0.861574 0.453678
0.882588 0.452288
0.903602 0.453809
0.924616 0.454062
0.945630 0.453310
0.966644 0.454170
0.987658 0.452438
1.008672 0.454031
1.029686 0.454069
1.050700 0.453586
1.071714 0.454378
1.092728 0.452460
1.113742 0.454417
1.134756 0.454349
1.155770 0.454809
1.176784 0.455787
1.197798 0.453919
1.218812 0.455411
1.239826 0.454559
1.260840 0.454976
1.281854 0.455681
1.302868 0.454251
1.323882 0.455735
1.344896 0.454898
1.365910 0.455934
1.386924 0.456619
1.407938 0.455359
1.428952 0.456640
1.449966 0.455441
1.470980 0.456455
1.491994 0.456854
1.513008 0.455827
1.534022 0.456995
1.555036 0.455840
1.576050 0.457362
1.597064 0.457457
1.618078 0.456674
1.639092 0.457540
1.660106 0.456170
1.681120 0.457690
1.702134 0.457597
1.723148 0.456957
1.744162 0.457770
1.765176 0.456396
1.786190 0.458167
1.807204 0.457965
1.828218 0.457556
1.849232 0.458453
1.870246 0.456912
1.891260 0.458639
1.912274 0.458121
1.933288 0.457998
1.954302 0.458420
1.975316 0.456923
1.996330 0.458909
2.017344 0.458122
2.038358 0.458398
2.059372 0.458738
2.080386 0.457598
2.101400 0.459527
2.122414 0.458605
2.143428 0.458974
2.164442 0.458893
2.185456 0.457760
2.206470 0.459347
2.227484 0.458125
2.248498 0.458753
2.269512 0.458577
2.290526 0.457812
2.311540 0.459415
2.332554 0.458201
2.353568 0.459322
2.374582 0.458612
2.395596 0.457819
2.416610 0.459090
2.437624 0.457934
2.458638 0.459164
2.479652 0.457951
2.500666 0.457440
2.521680 0.458523
2.542694 0.457284
2.563708 0.458769
2.584722 0.457784
2.605736 0.457304
2.626750 0.458251
2.647764 0.457140
2.668778 0.458728
2.689792 0.457342
2.710806 0.457186
2.731820 0.457537
2.752834 0.456269
2.773848 0.458056
2.794862 0.456505
2.815876 0.457039
2.836890 0.457056
2.857904 0.456067
2.878918 0.457542
2.899932 0.455904
2.920946 0.456825
2.941960 0.456598
2.962974 0.456063
2.983988 0.456958
3.005002 0.455141
3.026016 0.456177
3.047030 0.455551
3.068044 0.455258
3.089058 0.456573
3.110072 0.455038
3.131086 0.456122
3.152100 0.455058
3.173114 0.454944
3.194128 0.455960
3.215142 0.454335
3.236156 0.455709
3.257170 0.454675
3.278184 0.454870
3.299198 0.456167
3.320212 0.454572
3.341226 0.456076
3.362240 0.454668
3.383254 0.455217
3.404268 0.456139
3.425282 0.454365
3.446296 0.455802
3.467310 0.454055
3.488324 0.454713
3.509338 0.455692
3.530352 0.454174
3.551366 0.455646
3.572380 0.454139
3.593394 0.455120
3.614408 0.455528
3.635422 0.454099
3.656436 0.455503
3.677450 0.453503
3.698464 0.454179
3.719478 0.453787
3.740492 0.452488
3.761506 0.453837
3.782520 0.451907
3.803534 0.453229
3.824548 0.453368
3.845562 0.452526
3.866576 0.453966
3.887590 0.452058
3.908604 0.453464
3.929618 0.453184
3.950632 0.452319
3.971646 0.453634
3.992660 0.451614
4.013674 0.453122
4.034688 0.453056
4.055702 0.452528
4.076716 0.453504
4.097730 0.451124
4.118744 0.452885
4.139758 0.452519
4.160772 0.452024
4.181786 0.453183
4.202800 0.450952
4.223814 0.452861
4.244828 0.452638
4.265842 0.452673
4.286856 0.453728
4.307870 0.451380
4.328884 0.453403
4.349898 0.452787
4.370912 0.452827
4.391926 0.453648
4.412940 0.451532
4.433954 0.453599
4.454968 0.452882
4.475982 0.453192
4.496996 0.454017
4.518010 0.452179
4.539023 0.454540
4.560037 0.453783
4.581051 0.454161
4.602065 0.454805
4.623079 0.452736
4.644093 0.454921
4.665107 0.453857
4.686121 0.454459
4.707135 0.455203
4.728149 0.453504
4.749163 0.455808
4.770177 0.454784
4.791191 0.455840
4.812205 0.456387
4.833219 0.454508
4.854233 0.456645
4.875247 0.455273
4.896261 0.456382
4.917275 0.456534
4.938289 0.455024
4.959303 0.457129
4.980317 0.455688
5.001331 0.457201
5.022345 0.457357
5.043359 0.456366
5.064373 0.457974
5.085387 0.456514
5.106401 0.457750
5.127415 0.457454
5.148429 0.456381
5.169443 0.457815
5.190457 0.456409
5.211471 0.458228
5.232485 0.457999
5.253499 0.457028
5.274513 0.458464
5.295527 0.456761
5.316541 0.458557
5.337555 0.457940
5.358569 0.457118
5.379583 0.458298
5.400597 0.456603
5.421611 0.458788
5.442625 0.457953
5.463639 0.457251
5.484653 0.458408
5.505667 0.456704
5.526681 0.458633
5.547695 0.457422
5.568709 0.457064
5.589723 0.458200
5.610737 0.456512
5.631751 0.458522
5.652765 0.457117
5.673779 0.456742
5.694793 0.457427
5.715807 0.455862
5.736821 0.457985
5.757835 0.456482
5.778849 0.456746
5.799863 0.457157
5.820877 0.455694
5.841891 0.457517
5.862905 0.455739
5.883919 0.456087
5.904933 0.456253
5.925947 0.455019
5.946961 0.457265
5.967975 0.455971
5.988989 0.456568
6.010003 0.456716
6.031017 0.455419
6.052031 0.457296
6.073045 0.455664
6.094059 0.456379
6.115073 0.456089
6.136087 0.455140
6.157101 0.457112
6.178115 0.455299
6.199129 0.456342
6.220143 0.455691
6.241157 0.454862
6.262171 0.456724
6.283185 0.454830
