serial number: JANUSZ_4_RI80_21414857
torque: 16.0
start_temp: 30 (30)
finish_temp: 30 (31)
note: joint J4, pcb 3_4
0.000000 nan
0.021014 nan
0.042028 nan
0.063042 nan
0.084056 nan
0.105070 nan
0.126084 nan
0.147098 nan
0.168112 nan
0.189126 nan
0.210140 nan
0.231154 nan
0.252168 nan
0.273182 nan
0.294196 nan
0.315210 nan
0.336224 nan
0.357238 nan
0.378252 nan
0.399266 nan
0.420280 nan
0.441294 nan
0.462308 nan
0.483322 nan
0.504336 nan
0.525350 nan
0.546364 nan
0.567378 nan
0.588392 nan
0.609406 nan
0.630420 nan
0.651434 nan
0.672448 nan
0.693462 nan
0.714476 nan
0.735490 nan
0.756504 nan
0.777518 nan
0.798532 nan
0.819546 nan
0.840560 nan
0.861574 nan
0.882588 nan
0.903602 nan
0.924616 nan
0.945630 nan
0.966644 nan
0.987658 nan
1.008672 nan
1.029686 nan
1.050700 nan
1.071714 nan
1.092728 nan
1.113742 nan
1.134756 nan
1.155770 nan
1.176784 nan
1.197798 nan
1.218812 nan
1.239826 nan
1.260840 nan
1.281854 nan
1.302868 nan
1.323882 nan
1.344896 nan
1.365910 nan
1.386924 nan
1.407938 nan
1.428952 nan
1.449966 nan
1.470980 nan
1.491994 nan
1.513008 nan
1.534022 nan
1.555036 nan
1.576050 nan
1.597064 nan
1.618078 nan
1.639092 nan
1.660106 nan
1.681120 0.259850
1.702134 0.262382
1.723148 0.262672
1.744162 0.261966
1.765176 0.262929
1.786190 0.261920
1.807204 0.262686
1.828218 0.262859
1.849232 0.261897
1.870246 0.261889
1.891260 0.260735
1.912274 0.261686
1.933288 0.262964
1.954302 0.264122
1.975316 0.264272
1.996330 0.261806
2.017344 0.261616
2.038358 0.262117
2.059372 0.262542
2.080386 0.262132
2.101400 0.260193
2.122414 0.260220
2.143428 0.259892
2.164442 0.262165
2.185456 0.263068
2.206470 0.262009
2.227484 0.262714
2.248498 0.262189
2.269512 0.263512
2.290526 0.264088
2.311540 0.264001
2.332554 0.264075
2.353568 0.263009
2.374582 0.264333
2.395596 0.264712
2.416610 0.263964
2.437624 0.263553
2.458638 0.263319
2.479652 0.264342
2.500666 0.265502
2.521680 0.265638
2.542694 0.266227
2.563708 0.265294
2.584722 0.266322
2.605736 0.268131
2.626750 0.268097
2.647764 0.267722
2.668778 0.265555
2.689792 0.266872
2.710806 0.268339
2.731820 0.269791
2.752834 0.268600
2.773848 0.266574
2.794862 0.266673
2.815876 0.266771
2.836890 0.268497
2.857904 0.268551
2.878918 0.267353
2.899932 0.267555
2.920946 0.267141
2.941960 0.268518
2.962974 0.268880
2.983988 0.268685
3.005002 0.270461
3.026016 0.269413
3.047030 0.270515
3.068044 0.271155
3.089058 0.270486
3.110072 0.271842
3.131086 0.269946
3.152100 0.270572
3.173114 0.271146
3.194128 0.270575
3.215142 0.271297
3.236156 0.269757
3.257170 0.271368
3.278184 0.271696
3.299198 0.271774
3.320212 0.271425
3.341226 0.271048
3.362240 0.272781
3.383254 0.274106
3.404268 0.275736
3.425282 0.274533
3.446296 0.272193
3.467310 0.273207
3.488324 0.274455
3.509338 0.275299
3.530352 0.275035
3.551366 0.272676
3.572380 0.273520
3.593394 0.273904
3.614408 0.276055
3.635422 0.275272
3.656436 0.273098
3.677450 0.274942
3.698464 0.273506
3.719478 0.275602
3.740492 0.275618
3.761506 0.273795
3.782520 0.274912
3.803534 0.273636
3.824548 0.276041
3.845562 0.275762
3.866576 0.274933
3.887590 0.275616
3.908604 0.273871
3.929618 0.275103
3.950632 0.274973
3.971646 0.274265
3.992660 0.274024
4.013674 0.272705
4.034688 0.274543
4.055702 0.274346
4.076716 0.274427
4.097730 0.274062
4.118744 0.271199
4.139758 0.273109
4.160772 0.273275
4.181786 0.273943
4.202800 0.274297
4.223814 0.272550
4.244828 0.274421
4.265842 0.273468
4.286856 0.274177
4.307870 0.274018
4.328884 0.272524
4.349898 0.274852
4.370912 0.273573
4.391926 0.274081
4.412940 0.273758
4.433954 0.273202
4.454968 0.275724
4.475982 0.274540
4.496996 0.275079
4.518010 0.275095
4.539023 0.273983
4.560037 0.276222
4.581051 0.274558
4.602065 0.274188
4.623079 0.273186
4.644093 0.272233
4.665107 0.273334
4.686121 0.270475
4.707135 0.270860
4.728149 0.270856
4.749163 0.271011
4.770177 0.272242
4.791191 0.270556
4.812205 0.271424
4.833219 0.271625
4.854233 0.272612
4.875247 0.272807
4.896261 0.270537
4.917275 0.271170
4.938289 0.271657
4.959303 0.271804
4.980317 0.272865
5.001331 0.271112
5.022345 0.270410
5.043359 nan
5.064373 nan
5.085387 nan
5.106401 nan
5.127415 nan
5.148429 nan
5.169443 nan
5.190457 nan
5.211471 nan
5.232485 nan
5.253499 nan
5.274513 nan
5.295527 nan
5.316541 nan
5.337555 nan
5.358569 nan
5.379583 nan
5.400597 nan
5.421611 nan
5.442625 nan
5.463639 nan
5.484653 nan
5.505667 nan
5.526681 nan
5.547695 nan
5.568709 nan
5.589723 nan
5.610737 nan
5.631751 nan
5.652765 nan
5.673779 nan
5.694793 nan
5.715807 nan
5.736821 nan
5.757835 nan
5.778849 nan
5.799863 nan
5.820877 nan
5.841891 nan
5.862905 nan
5.883919 nan
5.904933 nan
5.925947 nan
5.946961 nan
5.967975 nan
5.988989 nan
6.010003 nan
6.031017 nan
6.052031 nan
6.073045 nan
6.094059 nan
6.115073 nan
6.136087 nan
6.157101 nan
6.178115 nan
6.199129 nan
6.220143 nan
6.241157 nan
6.262171 nan
6.283185 nan
