serial number: JANUSZ_4_RI80_21414857
torque: 16.0
start_temp: 30 (30)
finish_temp: 30 (30)
note: joint J4, pcb 3_4
0.000000 nan
0.021014 0.283899
0.042028 0.284961
0.063042 0.284003
0.084056 0.284754
0.105070 0.285343
0.126084 0.283876
0.147098 0.284767
0.168112 0.283882
0.189126 0.284716
0.210140 0.285145
0.231154 0.283626
0.252168 0.284162
0.273182 0.283292
0.294196 0.283945
0.315210 0.283875
0.336224 0.282894
0.357238 0.283482
0.378252 0.282498
0.399266 0.283045
0.420280 0.283362
0.441294 0.282433
0.462308 0.282796
0.483322 0.280873
0.504336 0.280434
0.525350 0.280621
0.546364 0.279909
0.567378 0.280574
0.588392 0.279209
0.609406 0.279537
0.630420 0.280000
0.651434 0.279336
0.672448 0.280013
0.693462 0.278982
0.714476 0.279607
0.735490 0.279266
0.756504 0.278754
0.777518 0.279662
0.798532 0.278452
0.819546 0.279309
0.840560 0.278716
0.861574 0.278554
0.882588 0.278855
0.903602 0.277970
0.924616 0.278554
0.945630 0.278131
0.966644 0.278124
0.987658 0.278570
1.008672 0.277764
1.029686 0.278472
1.050700 0.277735
1.071714 0.276962
1.092728 0.276959
1.113742 0.276765
1.134756 0.277679
1.155770 0.276526
1.176784 0.275659
1.197798 0.275950
1.218812 0.275945
1.239826 0.276529
1.260840 0.275896
1.281854 0.274864
1.302868 0.274493
1.323882 0.274411
1.344896 0.275463
1.365910 0.275180
1.386924 0.275338
1.407938 0.275156
1.428952 0.274360
1.449966 0.275018
1.470980 0.274717
1.491994 0.274535
1.513008 0.273713
1.534022 0.273696
1.555036 0.274402
1.576050 0.274174
1.597064 0.274033
1.618078 0.273464
1.639092 0.273553
1.660106 0.274400
1.681120 0.273858
1.702134 0.273771
1.723148 0.273181
1.744162 0.273322
1.765176 0.273605
1.786190 0.273537
1.807204 0.273483
1.828218 0.272562
1.849232 0.272855
1.870246 0.273194
1.891260 0.273219
1.912274 0.273860
1.933288 0.272830
1.954302 0.272547
1.975316 0.273254
1.996330 0.273822
2.017344 0.274128
2.038358 0.273118
2.059372 0.272660
2.080386 0.272680
2.101400 0.272819
2.122414 0.273162
2.143428 0.272884
2.164442 0.273391
2.185456 0.273600
2.206470 0.274062
2.227484 0.274524
2.248498 0.274226
2.269512 0.274692
2.290526 0.274481
2.311540 0.274667
2.332554 0.274958
2.353568 0.274174
2.374582 0.274587
2.395596 0.274710
2.416610 0.275916
2.437624 0.276860
2.458638 0.276533
2.479652 0.276941
2.500666 0.276867
2.521680 0.277898
2.542694 0.278633
2.563708 0.278267
2.584722 0.278851
2.605736 0.278322
2.626750 0.278865
2.647764 0.279925
2.668778 0.279648
2.689792 0.280482
2.710806 0.279771
2.731820 0.279884
2.752834 0.280173
2.773848 0.280495
2.794862 0.281501
2.815876 0.280689
2.836890 0.281217
2.857904 0.281382
2.878918 0.281601
2.899932 0.282165
2.920946 0.281153
2.941960 0.282522
2.962974 0.282448
2.983988 0.282399
3.005002 0.282754
3.026016 0.281904
3.047030 0.283454
3.068044 0.283499
3.089058 0.283849
3.110072 0.284249
3.131086 0.283392
3.152100 0.284241
3.173114 0.283203
3.194128 0.283730
3.215142 0.284259
3.236156 0.283689
3.257170 0.284754
3.278184 0.283485
3.299198 0.284622
3.320212 0.284851
3.341226 0.284446
3.362240 0.285932
3.383254 0.284238
3.404268 0.284881
3.425282 0.284626
3.446296 0.284346
3.467310 0.285993
3.488324 0.284320
3.509338 0.284964
3.530352 0.284342
3.551366 0.284019
3.572380 0.285008
3.593394 0.283590
3.614408 0.284684
3.635422 0.283467
3.656436 0.282806
3.677450 0.284068
3.698464 0.282924
3.719478 0.284826
3.740492 0.283735
3.761506 0.283153
3.782520 0.283855
3.803534 0.282769
3.824548 0.284402
3.845562 0.282886
3.866576 0.282666
3.887590 0.283040
3.908604 0.282137
3.929618 0.283896
3.950632 0.282568
3.971646 0.282706
3.992660 0.282835
4.013674 0.281538
4.034688 0.283257
4.055702 0.281494
4.076716 0.281550
4.097730 0.281509
4.118744 0.280763
4.139758 0.282649
4.160772 0.281431
4.181786 0.281501
4.202800 0.281319
4.223814 0.281221
4.244828 0.283351
4.265842 0.281984
4.286856 0.282367
4.307870 0.281824
4.328884 0.281278
4.349898 0.282905
4.370912 0.281613
4.391926 0.283027
4.412940 0.282546
4.433954 0.281958
4.454968 0.283442
4.475982 0.282708
4.496996 0.283972
4.518010 0.283100
4.539023 0.282969
4.560037 0.284000
4.581051 0.282860
4.602065 0.284404
4.623079 0.283145
4.644093 0.283103
4.665107 0.284194
4.686121 0.283147
4.707135 0.284378
4.728149 0.283389
4.749163 0.283479
4.770177 0.284141
4.791191 0.282797
4.812205 0.284285
4.833219 0.283135
4.854233 0.283520
4.875247 0.284347
4.896261 0.283522
4.917275 0.285508
4.938289 0.283978
4.959303 0.283568
4.980317 0.284134
5.001331 0.283691
5.022345 0.285499
5.043359 0.283927
5.064373 0.283927
5.085387 0.283945
5.106401 0.282962
5.127415 0.284581
5.148429 0.282965
5.169443 0.283509
5.190457 0.284083
5.211471 0.283457
5.232485 0.284849
5.253499 0.283319
5.274513 0.283849
5.295527 0.284011
5.316541 0.283546
5.337555 0.284962
5.358569 0.283558
5.379583 0.284353
5.400597 0.284206
5.421611 0.283565
5.442625 0.284806
5.463639 0.283904
5.484653 0.284712
5.505667 0.284283
5.526681 0.283697
5.547695 0.284961
5.568709 0.283894
5.589723 0.284628
5.610737 0.284476
5.631751 0.283895
5.652765 0.285210
5.673779 0.284105
5.694793 0.285079
5.715807 0.284648
5.736821 0.284383
5.757835 0.285453
5.778849 0.284334
5.799863 0.285927
5.820877 0.285189
5.841891 0.285089
5.862905 0.286130
5.883919 0.283854
5.904933 0.284872
5.925947 0.284204
5.946961 0.284626
5.967975 0.286108
5.988989 0.284712
6.010003 0.285767
6.031017 0.284872
6.052031 0.285340
6.073045 0.286244
6.094059 0.284812
6.115073 0.285392
6.136087 0.284389
6.157101 0.284550
6.178115 0.285746
6.199129 0.284255
6.220143 0.285288
6.241157 0.284428
6.262171 0.284638
6.283185 0.285139
