serial number: JANUSZ_4_RI80_21414857
torque: 16.0
start_temp: 30 (31)
finish_temp: 31 (31)
note: joint J4, pcb 3_4
0.000000 nan
0.021014 0.301282
0.042028 0.302191
0.063042 0.301450
0.084056 0.303043
0.105070 0.301966
0.126084 0.301121
0.147098 0.302037
0.168112 0.301155
0.189126 0.302456
0.210140 0.300561
0.231154 0.299934
0.252168 0.300650
0.273182 0.300417
0.294196 0.302121
0.315210 0.299996
0.336224 0.299597
0.357238 0.300151
0.378252 0.299857
0.399266 0.302110
0.420280 0.300106
0.441294 0.299820
0.462308 0.300434
0.483322 0.300024
0.504336 0.302083
0.525350 0.299855
0.546364 0.300154
0.567378 0.300428
0.588392 0.300083
0.609406 0.301882
0.630420 0.299829
0.651434 0.300903
0.672448 0.300422
0.693462 0.300381
0.714476 0.302246
0.735490 0.299893
0.756504 0.300224
0.777518 0.299544
0.798532 0.299617
0.819546 0.300996
0.840560 0.298297
0.861574 0.297918
0.882588 0.297112
0.903602 0.297584
0.924616 0.299511
0.945630 0.297294
0.966644 0.297447
0.987658 0.296367
1.008672 0.297353
1.029686 0.299134
1.050700 0.296926
1.071714 0.297052
1.092728 0.295644
1.113742 0.296004
1.134756 0.297651
1.155770 0.295324
1.176784 0.295716
1.197798 0.294071
1.218812 0.295011
1.239826 0.296673
1.260840 0.294993
1.281854 0.296301
1.302868 0.294100
1.323882 0.295196
1.344896 0.296578
1.365910 0.294282
1.386924 0.294824
1.407938 0.292907
1.428952 0.294684
1.449966 0.296010
1.470980 0.294229
1.491994 0.294775
1.513008 0.292372
1.534022 0.294070
1.555036 0.295021
1.576050 0.293987
1.597064 0.294867
1.618078 0.291816
1.639092 0.293134
1.660106 0.293967
1.681120 0.293507
1.702134 0.294570
1.723148 0.290993
1.744162 0.291918
1.765176 0.292298
1.786190 0.292645
1.807204 0.293834
1.828218 0.291272
1.849232 0.292643
1.870246 0.292878
1.891260 0.292642
1.912274 0.293835
1.933288 0.292016
1.954302 0.294113
1.975316 0.293899
1.996330 0.293287
2.017344 0.293952
2.038358 0.292170
2.059372 0.294029
2.080386 0.293764
2.101400 0.293830
2.122414 0.294422
2.143428 0.292674
2.164442 0.293864
2.185456 0.293857
2.206470 0.294795
2.227484 0.295581
2.248498 0.293927
2.269512 0.294870
2.290526 0.294695
2.311540 0.295404
2.332554 0.296413
2.353568 0.294455
2.374582 0.294689
2.395596 0.294729
2.416610 0.295445
2.437624 0.296427
2.458638 0.295695
2.479652 0.296774
2.500666 0.296764
2.521680 0.297088
2.542694 0.297576
2.563708 0.296653
2.584722 0.296785
2.605736 0.296568
2.626750 0.296972
2.647764 0.297335
2.668778 0.296737
2.689792 0.297162
2.710806 0.297413
2.731820 0.298957
2.752834 0.298860
2.773848 0.298547
2.794862 0.298795
2.815876 0.298716
2.836890 0.300278
2.857904 0.300317
2.878918 0.300308
2.899932 0.300078
2.920946 0.299476
2.941960 0.300820
2.962974 0.301067
2.983988 0.301322
3.005002 0.301338
3.026016 0.300661
3.047030 0.302053
3.068044 0.301761
3.089058 0.302310
3.110072 0.302477
3.131086 0.301908
3.152100 0.303646
3.173114 0.303027
3.194128 0.302983
3.215142 0.302609
3.236156 0.302589
3.257170 0.304105
3.278184 0.303564
3.299198 0.304099
3.320212 0.303463
3.341226 0.303788
3.362240 0.305532
3.383254 0.304786
3.404268 0.305728
3.425282 0.304637
3.446296 0.304304
3.467310 0.305747
3.488324 0.305479
3.509338 0.306781
3.530352 0.305467
3.551366 0.304870
3.572380 0.305693
3.593394 0.305617
3.614408 0.307116
3.635422 0.305629
3.656436 0.305954
3.677450 0.306694
3.698464 0.306224
3.719478 0.307617
3.740492 0.305989
3.761506 0.306412
3.782520 0.306730
3.803534 0.307336
3.824548 0.308766
3.845562 0.306488
3.866576 0.306074
3.887590 0.305618
3.908604 0.306218
3.929618 0.308167
3.950632 0.306527
3.971646 0.306692
3.992660 0.306080
4.013674 0.306590
4.034688 0.308379
4.055702 0.306427
4.076716 0.306616
4.097730 0.305489
4.118744 0.305430
4.139758 0.306965
4.160772 0.305337
4.181786 0.305941
4.202800 0.305335
4.223814 0.306240
4.244828 0.308110
4.265842 0.306232
4.286856 0.306819
4.307870 0.305644
4.328884 0.306456
4.349898 0.307840
4.370912 0.306073
4.391926 0.306626
4.412940 0.304782
4.433954 0.305867
4.454968 0.307214
4.475982 0.306098
4.496996 0.307224
4.518010 0.305106
4.539023 0.306243
4.560037 0.307069
4.581051 0.306464
4.602065 0.307908
4.623079 0.305530
4.644093 0.306411
4.665107 0.307317
4.686121 0.306667
4.707135 0.307736
4.728149 0.305196
4.749163 0.305921
4.770177 0.306419
4.791191 0.305568
4.812205 0.306758
4.833219 0.304701
4.854233 0.306181
4.875247 0.306398
4.896261 0.305277
4.917275 0.306309
4.938289 0.304412
4.959303 0.305680
4.980317 0.305848
5.001331 0.305089
5.022345 0.305984
5.043359 0.303668
5.064373 0.305353
5.085387 0.305401
5.106401 0.305402
5.127415 0.306325
5.148429 0.303771
5.169443 0.305318
5.190457 0.304950
5.211471 0.304470
5.232485 0.305582
5.253499 0.303546
5.274513 0.304859
5.295527 0.304254
5.316541 0.303539
5.337555 0.304353
5.358569 0.302569
5.379583 0.304294
5.400597 0.304210
5.421611 0.304028
5.442625 0.304952
5.463639 0.303258
5.484653 0.304711
5.505667 0.304257
5.526681 0.304311
5.547695 0.304769
5.568709 0.302377
5.589723 0.303904
5.610737 0.303699
5.631751 0.304321
5.652765 0.305068
5.673779 0.302703
5.694793 0.303342
5.715807 0.303034
5.736821 0.303973
5.757835 0.304299
5.778849 0.302796
5.799863 0.303895
5.820877 0.302715
5.841891 0.302875
5.862905 0.303193
5.883919 0.302068
5.904933 0.303472
5.925947 0.302750
5.946961 0.303307
5.967975 0.303911
5.988989 0.302809
6.010003 0.303789
6.031017 0.302754
6.052031 0.303290
6.073045 0.303360
6.094059 0.302383
6.115073 0.303543
6.136087 0.302306
6.157101 0.303708
6.178115 0.303602
6.199129 0.301985
6.220143 0.302441
6.241157 0.301566
6.262171 0.303191
6.283185 0.302561
