serial number: JANUSZ_4_RI80_21414857
torque: 16.0
start_temp: 30 (31)
finish_temp: 30 (31)
note: joint J4, pcb 3_4
0.000000 nan
0.021014 0.278955
0.042028 0.279962
0.063042 0.279760
0.084056 0.281175
0.105070 0.280166
0.126084 0.279776
0.147098 0.280473
0.168112 0.279768
0.189126 0.280462
0.210140 0.279037
0.231154 0.279132
0.252168 0.279718
0.273182 0.278630
0.294196 0.280173
0.315210 0.278953
0.336224 0.278233
0.357238 0.278291
0.378252 0.278296
0.399266 0.281054
0.420280 0.279467
0.441294 0.279434
0.462308 0.279165
0.483322 0.278868
0.504336 0.281284
0.525350 0.279495
0.546364 0.279783
0.567378 0.279546
0.588392 0.279349
0.609406 0.281151
0.630420 0.279379
0.651434 0.279042
0.672448 0.278232
0.693462 0.277993
0.714476 0.279755
0.735490 0.277910
0.756504 0.278374
0.777518 0.277627
0.798532 0.277833
0.819546 0.279589
0.840560 0.276749
0.861574 0.275975
0.882588 0.274407
0.903602 0.274884
0.924616 0.276630
0.945630 0.274788
0.966644 0.274648
0.987658 0.273617
1.008672 0.274495
1.029686 0.276269
1.050700 0.274572
1.071714 0.275307
1.092728 0.273920
1.113742 0.274360
1.134756 0.275707
1.155770 0.274095
1.176784 0.274824
1.197798 0.270921
1.218812 0.271242
1.239826 0.272353
1.260840 0.270988
1.281854 0.271355
1.302868 0.269322
1.323882 0.270829
1.344896 0.272286
1.365910 0.270921
1.386924 0.271102
1.407938 0.269023
1.428952 0.270914
1.449966 0.272364
1.470980 0.270881
1.491994 0.271053
1.513008 0.268377
1.534022 0.269315
1.555036 0.270200
1.576050 0.269042
1.597064 0.269253
1.618078 0.266674
1.639092 0.268242
1.660106 0.268926
1.681120 0.268639
1.702134 0.269377
1.723148 0.266787
1.744162 0.268306
1.765176 0.268465
1.786190 0.268066
1.807204 0.268266
1.828218 0.266136
1.849232 0.268362
1.870246 0.268046
1.891260 0.267761
1.912274 0.268207
1.933288 0.265529
1.954302 0.268280
1.975316 0.267719
1.996330 0.267584
2.017344 0.267997
2.038358 0.265240
2.059372 0.267131
2.080386 0.266735
2.101400 0.267139
2.122414 0.267687
2.143428 0.265669
2.164442 0.266936
2.185456 0.266611
2.206470 0.268071
2.227484 0.268780
2.248498 0.266059
2.269512 0.266663
2.290526 0.265869
2.311540 0.267114
2.332554 0.267755
2.353568 0.265880
2.374582 0.266849
2.395596 0.266121
2.416610 0.266895
2.437624 0.267045
2.458638 0.265644
2.479652 0.266883
2.500666 0.266563
2.521680 0.267437
2.542694 0.267620
2.563708 0.266277
2.584722 0.267800
2.605736 0.268029
2.626750 0.269963
2.647764 0.269978
2.668778 0.268375
2.689792 0.268566
2.710806 0.268930
2.731820 0.271240
2.752834 0.271277
2.773848 0.270640
2.794862 0.270711
2.815876 0.270364
2.836890 0.272097
2.857904 0.271818
2.878918 0.271528
2.899932 0.271772
2.920946 0.270892
2.941960 0.272258
2.962974 0.272184
2.983988 0.272493
3.005002 0.272689
3.026016 0.271864
3.047030 0.273726
3.068044 0.273832
3.089058 0.274070
3.110072 0.273995
3.131086 0.273610
3.152100 0.276061
3.173114 0.275196
3.194128 0.275060
3.215142 0.274238
3.236156 0.274258
3.257170 0.276854
3.278184 0.276840
3.299198 0.277054
3.320212 0.276175
3.341226 0.275472
3.362240 0.277426
3.383254 0.277150
3.404268 0.278694
3.425282 0.277501
3.446296 0.276700
3.467310 0.277967
3.488324 0.277822
3.509338 0.279622
3.530352 0.278500
3.551366 0.277958
3.572380 0.278920
3.593394 0.278497
3.614408 0.280396
3.635422 0.279070
3.656436 0.279038
3.677450 0.280029
3.698464 0.279350
3.719478 0.280965
3.740492 0.279182
3.761506 0.279411
3.782520 0.280349
3.803534 0.280384
3.824548 0.282280
3.845562 0.279836
3.866576 0.279645
3.887590 0.279918
3.908604 0.279873
3.929618 0.282049
3.950632 0.280563
3.971646 0.280505
3.992660 0.281084
4.013674 0.280194
4.034688 0.282231
4.055702 0.280278
4.076716 0.280648
4.097730 0.278987
4.118744 0.278779
4.139758 0.280929
4.160772 0.279549
4.181786 0.280750
4.202800 0.279660
4.223814 0.280530
4.244828 0.282797
4.265842 0.281439
4.286856 0.281291
4.307870 0.280132
4.328884 0.281410
4.349898 0.283109
4.370912 0.281508
4.391926 0.281679
4.412940 0.280165
4.433954 0.281721
4.454968 0.283540
4.475982 0.281747
4.496996 0.282290
4.518010 0.280054
4.539023 0.280716
4.560037 0.282010
4.581051 0.281498
4.602065 0.282468
4.623079 0.279756
4.644093 0.280002
4.665107 0.281261
4.686121 0.281194
4.707135 0.282510
4.728149 0.280090
4.749163 0.281060
4.770177 0.281890
4.791191 0.281351
4.812205 0.282498
4.833219 0.280911
4.854233 0.282025
4.875247 0.282308
4.896261 0.281625
4.917275 0.282804
4.938289 0.280646
4.959303 0.282423
4.980317 0.283294
5.001331 0.282409
5.022345 0.283277
5.043359 0.280600
5.064373 0.281968
5.085387 0.282351
5.106401 0.282090
5.127415 0.283399
5.148429 0.281132
5.169443 0.281705
5.190457 0.282092
5.211471 0.282327
5.232485 0.283483
5.253499 0.281192
5.274513 0.281970
5.295527 0.282017
5.316541 0.281560
5.337555 0.282190
5.358569 0.279890
5.379583 0.281297
5.400597 0.281499
5.421611 0.280905
5.442625 0.280999
5.463639 0.279100
5.484653 0.280638
5.505667 0.280775
5.526681 0.281047
5.547695 0.281584
5.568709 0.279288
5.589723 0.280422
5.610737 0.280200
5.631751 0.280837
5.652765 0.281218
5.673779 0.278338
5.694793 0.279371
5.715807 0.279765
5.736821 0.280233
5.757835 0.280031
5.778849 0.277932
5.799863 0.279199
5.820877 0.279053
5.841891 0.279966
5.862905 0.280017
5.883919 0.277977
5.904933 0.279341
5.925947 0.279297
5.946961 0.279875
5.967975 0.279564
5.988989 0.277845
6.010003 0.278896
6.031017 0.278629
6.052031 0.279321
6.073045 0.278916
6.094059 0.277586
6.115073 0.278648
6.136087 0.278502
6.157101 0.280128
6.178115 0.279343
6.199129 0.277880
6.220143 0.279080
6.241157 0.279288
6.262171 0.280955
6.283185 0.279946
