serial number: JANUSZ_4_RI80_21414857
torque: 16.0
start_temp: 30 (31)
finish_temp: 30 (31)
note: joint J4, pcb 3_4
0.000000 nan
0.021014 0.275839
0.042028 0.277044
0.063042 0.276263
0.084056 0.276295
0.105070 0.276775
0.126084 0.275353
0.147098 0.276413
0.168112 0.276013
0.189126 0.276338
0.210140 0.276766
0.231154 0.274855
0.252168 0.275514
0.273182 0.274616
0.294196 0.274775
0.315210 0.275161
0.336224 0.274066
0.357238 0.274792
0.378252 0.273360
0.399266 0.273631
0.420280 0.273744
0.441294 0.273147
0.462308 0.274443
0.483322 0.272772
0.504336 0.272818
0.525350 0.273055
0.546364 0.272251
0.567378 0.272837
0.588392 0.271668
0.609406 0.272331
0.630420 0.272342
0.651434 0.271203
0.672448 0.271857
0.693462 0.271126
0.714476 0.272207
0.735490 0.271933
0.756504 0.270581
0.777518 0.271068
0.798532 0.269763
0.819546 0.271017
0.840560 0.270851
0.861574 0.269965
0.882588 0.270344
0.903602 0.269012
0.924616 0.270135
0.945630 0.270035
0.966644 0.269904
0.987658 0.270280
1.008672 0.269255
1.029686 0.269919
1.050700 0.269099
1.071714 0.268781
1.092728 0.268968
1.113742 0.268395
1.134756 0.269449
1.155770 0.268803
1.176784 0.267737
1.197798 0.267882
1.218812 0.267725
1.239826 0.268786
1.260840 0.267993
1.281854 0.267229
1.302868 0.267003
1.323882 0.266408
1.344896 0.267304
1.365910 0.266835
1.386924 0.267319
1.407938 0.267786
1.428952 0.266722
1.449966 0.267411
1.470980 0.266768
1.491994 0.267206
1.513008 0.266811
1.534022 0.266156
1.555036 0.266436
1.576050 0.265716
1.597064 0.265855
1.618078 0.265724
1.639092 0.265614
1.660106 0.266313
1.681120 0.265260
1.702134 0.265280
1.723148 0.264781
1.744162 0.265134
1.765176 0.265967
1.786190 0.265393
1.807204 0.265386
1.828218 0.264558
1.849232 0.264906
1.870246 0.266083
1.891260 0.265615
1.912274 0.266596
1.933288 0.265502
1.954302 0.265582
1.975316 0.266099
1.996330 0.266481
2.017344 0.268083
2.038358 0.266307
2.059372 0.265772
2.080386 0.265891
2.101400 0.265852
2.122414 0.266964
2.143428 0.265942
2.164442 0.266386
2.185456 0.266475
2.206470 0.266257
2.227484 0.267126
2.248498 0.266026
2.269512 0.266726
2.290526 0.267129
2.311540 0.267007
2.332554 0.268004
2.353568 0.266577
2.374582 0.267223
2.395596 0.267978
2.416610 0.268182
2.437624 0.269254
2.458638 0.268104
2.479652 0.268231
2.500666 0.267857
2.521680 0.269058
2.542694 0.270485
2.563708 0.269784
2.584722 0.269937
2.605736 0.268735
2.626750 0.269478
2.647764 0.271201
2.668778 0.270870
2.689792 0.271144
2.710806 0.270482
2.731820 0.270570
2.752834 0.271500
2.773848 0.271664
2.794862 0.272456
2.815876 0.271352
2.836890 0.271991
2.857904 0.272640
2.878918 0.272171
2.899932 0.272993
2.920946 0.271756
2.941960 0.273004
2.962974 0.273026
2.983988 0.272672
3.005002 0.273224
3.026016 0.272086
3.047030 0.273520
3.068044 0.273666
3.089058 0.273715
3.110072 0.273764
3.131086 0.273197
3.152100 0.273960
3.173114 0.273772
3.194128 0.274748
3.215142 0.275721
3.236156 0.274682
3.257170 0.275271
3.278184 0.274647
3.299198 0.275510
3.320212 0.276587
3.341226 0.275705
3.362240 0.276943
3.383254 0.275406
3.404268 0.275666
3.425282 0.276329
3.446296 0.276213
3.467310 0.278600
3.488324 0.276462
3.509338 0.277028
3.530352 0.277226
3.551366 0.276938
3.572380 0.278493
3.593394 0.276429
3.614408 0.277684
3.635422 0.277425
3.656436 0.276476
3.677450 0.277138
3.698464 0.275422
3.719478 0.277346
3.740492 0.276960
3.761506 0.275491
3.782520 0.276381
3.803534 0.274610
3.824548 0.276473
3.845562 0.276536
3.866576 0.275807
3.887590 0.276618
3.908604 0.274842
3.929618 0.276238
3.950632 0.275862
3.971646 0.276108
3.992660 0.276834
4.013674 0.275634
4.034688 0.277150
4.055702 0.275388
4.076716 0.275691
4.097730 0.276211
4.118744 0.275257
4.139758 0.277356
4.160772 0.275736
4.181786 0.275549
4.202800 0.275568
4.223814 0.275305
4.244828 0.277681
4.265842 0.276236
4.286856 0.276628
4.307870 0.276092
4.328884 0.275273
4.349898 0.277279
4.370912 0.275815
4.391926 0.277140
4.412940 0.276941
4.433954 0.275665
4.454968 0.275853
4.475982 0.274664
4.496996 0.276105
4.518010 0.274343
4.539023 0.272664
4.560037 0.273947
4.581051 0.272580
4.602065 0.273802
4.623079 0.272559
4.644093 0.272407
4.665107 0.274413
4.686121 0.273290
4.707135 0.274599
4.728149 0.273006
4.749163 0.273092
4.770177 0.274758
4.791191 0.273665
4.812205 0.274844
4.833219 0.273179
4.854233 0.272945
4.875247 0.274507
4.896261 0.273610
4.917275 0.275189
4.938289 0.274048
4.959303 0.273624
4.980317 0.274738
5.001331 0.273620
5.022345 0.275206
5.043359 0.273909
5.064373 0.273968
5.085387 0.274530
5.106401 0.273323
5.127415 0.275113
5.148429 0.273775
5.169443 0.274622
5.190457 0.275158
5.211471 0.274339
5.232485 0.275575
5.253499 0.274142
5.274513 0.275112
5.295527 0.275326
5.316541 0.274656
5.337555 0.276013
5.358569 0.274420
5.379583 0.274453
5.400597 0.274729
5.421611 0.274674
5.442625 0.276305
5.463639 0.274495
5.484653 0.274309
5.505667 0.274225
5.526681 0.274009
5.547695 0.276030
5.568709 0.274669
5.589723 0.274962
5.610737 0.274493
5.631751 0.274040
5.652765 0.275500
5.673779 0.274581
5.694793 0.275376
5.715807 0.274894
5.736821 0.273857
5.757835 0.274937
5.778849 0.274513
5.799863 0.275604
5.820877 0.275761
5.841891 0.275974
5.862905 0.276887
5.883919 0.275246
5.904933 0.276171
5.925947 0.276093
5.946961 0.276242
5.967975 0.277645
5.988989 0.276096
6.010003 0.276767
6.031017 0.276286
6.052031 0.276171
6.073045 0.277008
6.094059 0.275907
6.115073 0.277238
6.136087 0.276495
6.157101 0.276112
6.178115 0.276957
6.199129 0.276344
6.220143 0.278155
6.241157 0.277007
6.262171 0.276287
6.283185 0.276826
