serial number: JANUSZ_4_RI80_21414857
torque: 16.0
start_temp: 30 (31)
finish_temp: 31 (31)
note: joint J4, pcb 3_4
0.000000 nan
0.021014 0.291217
0.042028 0.292191
0.063042 0.290700
0.084056 0.291354
0.105070 0.292005
0.126084 0.290999
0.147098 0.292074
0.168112 0.291009
0.189126 0.291538
0.210140 0.291745
0.231154 0.291008
0.252168 0.291616
0.273182 0.290169
0.294196 0.290822
0.315210 0.290635
0.336224 0.290166
0.357238 0.290653
0.378252 0.289238
0.399266 0.289187
0.420280 0.289480
0.441294 0.288866
0.462308 0.289775
0.483322 0.288286
0.504336 0.288310
0.525350 0.288074
0.546364 0.287466
0.567378 0.288137
0.588392 0.286885
0.609406 0.287517
0.630420 0.287271
0.651434 0.286510
0.672448 0.287138
0.693462 0.285747
0.714476 0.286832
0.735490 0.286199
0.756504 0.284998
0.777518 0.285514
0.798532 0.284688
0.819546 0.285791
0.840560 0.284715
0.861574 0.284164
0.882588 0.284636
0.903602 0.284046
0.924616 0.285147
0.945630 0.284534
0.966644 0.284181
0.987658 0.284966
1.008672 0.284034
1.029686 0.284928
1.050700 0.283999
1.071714 0.283642
1.092728 0.283838
1.113742 0.283500
1.134756 0.284451
1.155770 0.283580
1.176784 0.282962
1.197798 0.282995
1.218812 0.283265
1.239826 0.284243
1.260840 0.283299
1.281854 0.282543
1.302868 0.282141
1.323882 0.282077
1.344896 0.283237
1.365910 0.282385
1.386924 0.282005
1.407938 0.281295
1.428952 0.280515
1.449966 0.281600
1.470980 0.281479
1.491994 0.281889
1.513008 0.281234
1.534022 0.280493
1.555036 0.281098
1.576050 0.280737
1.597064 0.281070
1.618078 0.280184
1.639092 0.279612
1.660106 0.280395
1.681120 0.280414
1.702134 0.280333
1.723148 0.279830
1.744162 0.280226
1.765176 0.280514
1.786190 0.279982
1.807204 0.279915
1.828218 0.279359
1.849232 0.279741
1.870246 0.280022
1.891260 0.280202
1.912274 0.280849
1.933288 0.280442
1.954302 0.280082
1.975316 0.280359
1.996330 0.280604
2.017344 0.280931
2.038358 0.280392
2.059372 0.280556
2.080386 0.280623
2.101400 0.281015
2.122414 0.281844
2.143428 0.280863
2.164442 0.281041
2.185456 0.280915
2.206470 0.281108
2.227484 0.281893
2.248498 0.281191
2.269512 0.282057
2.290526 0.282044
2.311540 0.282270
2.332554 0.282778
2.353568 0.281948
2.374582 0.282771
2.395596 0.282684
2.416610 0.283555
2.437624 0.284227
2.458638 0.283735
2.479652 0.284145
2.500666 0.284252
2.521680 0.285437
2.542694 0.286024
2.563708 0.285296
2.584722 0.285643
2.605736 0.284990
2.626750 0.285990
2.647764 0.286694
2.668778 0.286320
2.689792 0.287698
2.710806 0.286801
2.731820 0.287479
2.752834 0.287771
2.773848 0.287769
2.794862 0.289041
2.815876 0.287870
2.836890 0.288677
2.857904 0.288577
2.878918 0.288128
2.899932 0.289029
2.920946 0.288386
2.941960 0.289626
2.962974 0.289450
2.983988 0.289440
3.005002 0.289867
3.026016 0.289230
3.047030 0.291158
3.068044 0.290829
3.089058 0.291045
3.110072 0.291154
3.131086 0.289768
3.152100 0.291018
3.173114 0.290190
3.194128 0.291121
3.215142 0.291280
3.236156 0.289898
3.257170 0.291403
3.278184 0.290363
3.299198 0.291720
3.320212 0.291538
3.341226 0.290205
3.362240 0.291482
3.383254 0.290007
3.404268 0.290655
3.425282 0.290356
3.446296 0.289198
3.467310 0.290476
3.488324 0.289172
3.509338 0.290475
3.530352 0.290006
3.551366 0.289298
3.572380 0.290052
3.593394 0.288447
3.614408 0.290287
3.635422 0.289394
3.656436 0.288723
3.677450 0.289586
3.698464 0.287906
3.719478 0.289851
3.740492 0.289029
3.761506 0.288777
3.782520 0.289375
3.803534 0.287670
3.824548 0.289201
3.845562 0.288172
3.866576 0.288338
3.887590 0.288534
3.908604 0.287213
3.929618 0.289359
3.950632 0.288302
3.971646 0.288605
3.992660 0.288910
4.013674 0.287492
4.034688 0.288868
4.055702 0.287192
4.076716 0.287503
4.097730 0.287545
4.118744 0.286618
4.139758 0.288334
4.160772 0.287214
4.181786 0.287933
4.202800 0.287664
4.223814 0.287588
4.244828 0.289610
4.265842 0.288138
4.286856 0.289145
4.307870 0.288644
4.328884 0.288047
4.349898 0.289169
4.370912 0.287740
4.391926 0.289002
4.412940 0.288377
4.433954 0.288091
4.454968 0.289018
4.475982 0.287609
4.496996 0.288779
4.518010 0.288045
4.539023 0.288898
4.560037 0.290108
4.581051 0.288246
4.602065 0.289191
4.623079 0.288315
4.644093 0.289010
4.665107 0.289966
4.686121 0.288174
4.707135 0.289481
4.728149 0.288849
4.749163 0.289244
4.770177 0.289509
4.791191 0.288402
4.812205 0.290013
4.833219 0.288841
4.854233 0.289582
4.875247 0.290029
4.896261 0.288928
4.917275 0.290677
4.938289 0.289222
4.959303 0.289814
4.980317 0.289879
5.001331 0.288711
5.022345 0.290322
5.043359 0.289192
5.064373 0.290035
5.085387 0.290265
5.106401 0.289380
5.127415 0.290903
5.148429 0.289570
5.169443 0.290171
5.190457 0.290097
5.211471 0.289081
5.232485 0.290804
5.253499 0.289131
5.274513 0.289504
5.295527 0.289554
5.316541 0.289579
5.337555 0.290656
5.358569 0.288602
5.379583 0.288985
5.400597 0.289202
5.421611 0.289730
5.442625 0.291544
5.463639 0.290007
5.484653 0.290698
5.505667 0.291016
5.526681 0.291278
5.547695 0.292437
5.568709 0.290185
5.589723 0.290565
5.610737 0.290844
5.631751 0.290738
5.652765 0.292034
5.673779 0.290349
5.694793 0.291354
5.715807 0.291269
5.736821 0.291888
5.757835 0.293254
5.778849 0.291338
5.799863 0.292545
5.820877 0.292074
5.841891 0.292600
5.862905 0.293557
5.883919 0.291356
5.904933 0.292037
5.925947 0.291301
5.946961 0.291834
5.967975 0.293246
5.988989 0.291837
6.010003 0.292550
6.031017 0.291757
6.052031 0.292278
6.073045 0.293080
6.094059 0.291687
6.115073 0.292517
6.136087 0.291216
6.157101 0.291137
6.178115 0.292195
6.199129 0.290737
6.220143 0.291942
6.241157 0.291259
6.262171 0.292098
6.283185 0.292670
