serial number: JANUSZ_4_RI80_21414840
torque: 16
start_temp: 30 (32)
finish_temp: 30 (31)
note: joint J4, pcb 3_4
0.000000 0.288330 30.000000 0.000000
0.020010 0.292625 30.000000 0.000000
0.040020 0.294317 30.000000 0.000000
0.060030 0.287361 30.000000 0.000000
0.080041 0.293546 30.000000 0.000000
0.100051 0.290081 30.000000 0.000000
0.120061 0.290041 30.000000 0.000000
0.140071 0.293689 30.000000 0.000000
0.160081 0.286855 30.000000 0.000000
0.180091 0.293049 30.000000 0.000000
0.200101 0.292008 30.000000 0.000000
0.220112 0.287422 30.000000 0.000000
0.240122 0.293123 30.000000 0.000000
0.260132 0.288764 30.000000 0.000000
0.280142 0.292730 30.000000 0.000000
0.300152 0.292913 30.000000 0.000000
0.320162 0.286291 30.000000 0.000000
0.340172 0.293257 30.000000 0.000000
0.360183 0.291145 30.000000 0.000000
0.380193 0.290822 30.000000 0.000000
0.400203 0.294168 30.000000 0.000000
0.420213 0.287490 30.000000 0.000000
0.440223 0.293832 30.000000 0.000000
0.460233 0.293798 30.000000 0.000000
0.480243 0.288995 30.000000 0.000000
0.500254 0.295326 30.000000 0.000000
0.520264 0.290385 30.000000 0.000000
0.540274 0.294455 30.000000 0.000000
0.560284 0.295591 30.000000 0.000000
0.580294 0.289538 30.000000 0.000000
0.600304 0.296870 30.000000 0.000000
0.620314 0.294202 30.000000 0.000000
0.640325 0.292441 30.000000 0.000000
0.660335 0.296432 30.000000 0.000000
0.680345 0.290001 30.000000 0.000000
0.700355 0.296360 30.000000 0.000000
0.720365 0.294597 30.000000 0.000000
0.740375 0.288930 30.000000 0.000000
0.760385 0.295332 30.000000 0.000000
0.780396 0.290807 30.000000 0.000000
0.800406 0.294009 30.000000 0.000000
0.820416 0.294794 30.000000 0.000000
0.840426 0.287753 30.000000 0.000000
0.860436 0.294854 30.000000 0.000000
0.880446 0.292709 30.000000 0.000000
0.900456 0.290752 30.000000 0.000000
0.920467 0.295418 30.000000 0.000000
0.940477 0.289935 30.000000 0.000000
0.960487 0.295852 30.000000 0.000000
0.980497 0.295461 30.000000 0.000000
1.000507 0.290326 30.000000 0.000000
1.020517 0.296860 30.000000 0.000000
1.040528 0.292905 30.000000 0.000000
1.060538 0.293770 30.000000 0.000000
1.080548 0.296435 30.000000 0.000000
1.100558 0.290769 30.000000 0.000000
1.120568 0.298380 30.000000 0.000000
1.140578 0.295910 30.000000 0.000000
1.160588 0.291897 30.000000 0.000000
1.180599 0.297296 30.000000 0.000000
1.200609 0.291418 30.000000 0.000000
1.220619 0.295897 30.000000 0.000000
1.240629 0.295809 30.000000 0.000000
1.260639 0.289981 30.000000 0.000000
1.280649 0.297256 30.000000 0.000000
1.300659 0.292804 30.000000 0.000000
1.320670 0.292822 30.000000 0.000000
1.340680 0.296081 30.000000 0.000000
1.360690 0.289882 30.000000 0.000000
1.380700 0.296012 30.000000 0.000000
1.400710 0.294027 30.000000 0.000000
1.420720 0.290003 30.000000 0.000000
1.440730 0.296005 30.000000 0.000000
1.460741 0.291322 30.000000 0.000000
1.480751 0.294704 30.000000 0.000000
1.500761 0.295819 30.000000 0.000000
1.520771 0.289540 30.000000 0.000000
1.540781 0.296364 30.000000 0.000000
1.560791 0.292704 30.000000 0.000000
1.580801 0.292007 30.000000 0.000000
1.600812 0.296127 30.000000 0.000000
1.620822 0.289527 30.000000 0.000000
1.640832 0.294615 30.000000 0.000000
1.660842 0.292900 30.000000 0.000000
1.680852 0.288728 30.000000 0.000000
1.700862 0.295595 30.000000 0.000000
1.720872 0.289786 30.000000 0.000000
1.740883 0.292203 30.000000 0.000000
1.760893 0.293730 30.000000 0.000000
1.780903 0.287622 30.000000 0.000000
1.800913 0.294921 30.000000 0.000000
1.820923 0.291269 30.000000 0.000000
1.840933 0.289277 30.000000 0.000000
1.860943 0.293570 30.000000 0.000000
1.880954 0.287519 30.000000 0.000000
1.900964 0.292856 30.000000 0.000000
1.920974 0.292237 30.000000 0.000000
1.940984 0.287144 30.000000 0.000000
1.960994 0.294185 30.000000 0.000000
1.981004 0.288954 30.000000 0.000000
2.001014 0.291083 30.000000 0.000000
2.021025 0.293518 30.000000 0.000000
2.041035 0.287960 30.000000 0.000000
2.061045 0.294204 30.000000 0.000000
2.081055 0.290960 30.000000 0.000000
2.101065 0.288630 30.000000 0.000000
2.121075 0.294521 30.000000 0.000000
2.141085 0.288439 30.000000 0.000000
2.161096 0.293433 30.000000 0.000000
2.181106 0.292838 30.000000 0.000000
2.201116 0.287412 30.000000 0.000000
2.221126 0.294672 30.000000 0.000000
2.241136 0.289748 30.000000 0.000000
2.261146 0.291446 30.000000 0.000000
2.281156 0.294019 30.000000 0.000000
2.301167 0.287819 30.000000 0.000000
2.321177 0.293690 30.000000 0.000000
2.341187 0.291297 30.000000 0.000000
2.361197 0.289503 30.000000 0.000000
2.381207 0.295065 30.000000 0.000000
2.401217 0.288002 30.000000 0.000000
2.421227 0.292638 30.000000 0.000000
2.441238 0.292428 30.000000 0.000000
2.461248 0.287558 30.000000 0.000000
2.481258 0.294436 30.000000 0.000000
2.501268 0.289803 30.000000 0.000000
2.521278 0.291750 30.000000 0.000000
2.541288 0.294564 30.000000 0.000000
2.561298 0.287340 30.000000 0.000000
2.581309 0.293753 30.000000 0.000000
2.601319 0.291466 30.000000 0.000000
2.621329 0.289416 30.000000 0.000000
2.641339 0.294696 30.000000 0.000000
2.661349 0.287535 30.000000 0.000000
2.681359 0.292899 30.000000 0.000000
2.701369 0.293043 30.000000 0.000000
2.721380 0.288069 30.000000 0.000000
2.741390 0.294886 30.000000 0.000000
2.761400 0.289294 30.000000 0.000000
2.781410 0.291728 30.000000 0.000000
2.801420 0.294391 30.000000 0.000000
2.821430 0.287677 30.000000 0.000000
2.841440 0.294851 30.000000 0.000000
2.861451 0.292013 30.000000 0.000000
2.881461 0.290449 30.000000 0.000000
2.901471 0.295077 30.000000 0.000000
2.921481 0.288822 30.000000 0.000000
2.941491 0.294339 30.000000 0.000000
2.961501 0.294117 30.000000 0.000000
2.981511 0.288932 30.000000 0.000000
3.001522 0.294396 30.000000 0.000000
3.021532 0.289440 30.000000 0.000000
3.041542 0.292779 30.000000 0.000000
3.061552 0.294893 30.000000 0.000000
3.081562 0.288067 30.000000 0.000000
3.101572 0.295061 30.000000 0.000000
3.121583 0.292527 30.000000 0.000000
3.141593 0.291990 30.000000 0.000000
3.161603 0.296128 30.000000 0.000000
3.181613 0.288913 30.000000 0.000000
3.201623 0.294294 30.000000 0.000000
3.221633 0.294238 30.000000 0.000000
3.241643 0.289235 30.000000 0.000000
3.261654 0.295439 30.000000 0.000000
3.281664 0.290221 30.000000 0.000000
3.301674 0.294072 30.000000 0.000000
3.321684 0.295204 30.000000 0.000000
3.341694 0.288393 30.000000 0.000000
3.361704 0.295135 30.000000 0.000000
3.381714 0.292290 30.000000 0.000000
3.401725 0.292288 30.000000 0.000000
3.421735 0.295741 30.000000 0.000000
3.441745 0.288979 30.000000 0.000000
3.461755 0.294409 30.000000 0.000000
3.481765 0.293660 30.000000 0.000000
3.501775 0.289199 30.000000 0.000000
3.521785 0.293660 30.000000 0.000000
3.541796 0.287769 30.000000 0.000000
3.561806 0.291294 30.000000 0.000000
3.581816 0.290893 30.000000 0.000000
3.601826 0.282633 30.000000 0.000000
3.621836 0.283693 30.000000 0.000000
3.641846 0.264075 30.000000 0.000000
3.661856 0.227842 30.000000 0.000000
3.681867 0.294576 30.000000 0.000000
3.701877 0.288434 30.000000 0.000000
3.721887 0.294931 30.000000 0.000000
3.741897 0.293657 30.000000 0.000000
3.761907 0.290104 30.000000 0.000000
3.781917 0.294453 30.000000 0.000000
3.801927 0.288817 30.000000 0.000000
3.821938 0.295012 30.000000 0.000000
3.841948 0.294681 30.000000 0.000000
3.861958 0.288392 30.000000 0.000000
3.881968 0.294317 30.000000 0.000000
3.901978 0.290231 30.000000 0.000000
3.921988 0.292696 30.000000 0.000000
3.941998 0.294009 30.000000 0.000000
3.962009 0.287785 30.000000 0.000000
3.982019 0.294520 30.000000 0.000000
4.002029 0.292357 30.000000 0.000000
4.022039 0.290774 30.000000 0.000000
4.042049 0.294372 30.000000 0.000000
4.062059 0.289059 30.000000 0.000000
4.082069 0.295522 30.000000 0.000000
4.102080 0.294378 30.000000 0.000000
4.122090 0.289376 30.000000 0.000000
4.142100 0.294750 30.000000 0.000000
4.162110 0.290073 30.000000 0.000000
4.182120 0.294661 30.000000 0.000000
4.202130 0.294561 30.000000 0.000000
4.222140 0.287771 30.000000 0.000000
4.242151 0.294114 30.000000 0.000000
4.262161 0.290354 30.000000 0.000000
4.282171 0.290277 30.000000 0.000000
4.302181 0.293235 30.000000 0.000000
4.322191 0.286825 30.000000 0.000000
4.342201 0.293578 30.000000 0.000000
4.362211 0.290881 30.000000 0.000000
4.382222 0.287575 30.000000 0.000000
4.402232 0.292659 30.000000 0.000000
4.422242 0.287194 30.000000 0.000000
4.442252 0.292691 30.000000 0.000000
4.462262 0.292289 30.000000 0.000000
4.482272 0.287253 30.000000 0.000000
4.502282 0.293588 30.000000 0.000000
4.522293 0.288440 30.000000 0.000000
4.542303 0.291086 30.000000 0.000000
4.562313 0.292304 30.000000 0.000000
4.582323 0.286675 30.000000 0.000000
4.602333 0.294078 30.000000 0.000000
4.622343 0.290069 30.000000 0.000000
4.642353 0.288592 30.000000 0.000000
4.662364 0.293410 30.000000 0.000000
4.682374 0.287894 30.000000 0.000000
4.702384 0.294181 30.000000 0.000000
4.722394 0.292794 30.000000 0.000000
4.742404 0.288329 30.000000 0.000000
4.762414 0.294855 30.000000 0.000000
4.782424 0.289125 30.000000 0.000000
4.802435 0.292781 30.000000 0.000000
4.822445 0.292682 30.000000 0.000000
4.842455 0.287222 30.000000 0.000000
4.862465 0.294963 30.000000 0.000000
4.882475 0.290576 30.000000 0.000000
4.902485 0.291295 30.000000 0.000000
4.922495 0.293509 30.000000 0.000000
4.942506 0.287718 30.000000 0.000000
4.962516 0.294779 30.000000 0.000000
4.982526 0.291665 30.000000 0.000000
5.002536 0.288725 30.000000 0.000000
5.022546 0.293470 30.000000 0.000000
5.042556 0.287668 30.000000 0.000000
5.062567 0.293003 30.000000 0.000000
5.082577 0.293069 30.000000 0.000000
5.102587 0.288583 30.000000 0.000000
5.122597 0.294914 30.000000 0.000000
5.142607 0.289142 30.000000 0.000000
5.162617 0.291554 30.000000 0.000000
5.182627 0.293985 30.000000 0.000000
5.202638 0.288610 30.000000 0.000000
5.222648 0.295424 30.000000 0.000000
5.242658 0.291280 30.000000 0.000000
5.262668 0.290478 30.000000 0.000000
5.282678 0.295116 30.000000 0.000000
5.302688 0.288298 30.000000 0.000000
5.322698 0.293556 30.000000 0.000000
5.342709 0.292060 30.000000 0.000000
5.362719 0.287888 30.000000 0.000000
5.382729 0.293739 30.000000 0.000000
5.402739 0.287259 30.000000 0.000000
5.422749 0.290982 30.000000 0.000000
5.442759 0.291866 30.000000 0.000000
5.462769 0.286456 30.000000 0.000000
5.482780 0.293233 30.000000 0.000000
5.502790 0.288882 30.000000 0.000000
5.522800 0.290221 30.000000 0.000000
5.542810 0.293611 30.000000 0.000000
5.562820 0.287034 30.000000 0.000000
5.582830 0.293246 30.000000 0.000000
5.602840 0.291198 30.000000 0.000000
5.622851 0.289020 30.000000 0.000000
5.642861 0.294551 30.000000 0.000000
5.662871 0.288543 30.000000 0.000000
5.682881 0.293592 30.000000 0.000000
5.702891 0.293657 30.000000 0.000000
5.722901 0.289027 30.000000 0.000000
5.742911 0.295860 30.000000 0.000000
5.762922 0.291483 30.000000 0.000000
5.782932 0.293219 30.000000 0.000000
5.802942 0.295391 30.000000 0.000000
5.822952 0.288159 30.000000 0.000000
5.842962 0.294921 30.000000 0.000000
5.862972 0.292535 30.000000 0.000000
5.882982 0.291013 30.000000 0.000000
5.902993 0.295639 30.000000 0.000000
5.923003 0.288538 30.000000 0.000000
5.943013 0.294181 30.000000 0.000000
5.963023 0.294085 30.000000 0.000000
5.983033 0.289728 30.000000 0.000000
6.003043 0.296020 30.000000 0.000000
6.023053 0.290700 30.000000 0.000000
6.043064 0.293759 30.000000 0.000000
6.063074 0.295810 30.000000 0.000000
6.083084 0.289423 30.000000 0.000000
6.103094 0.295604 30.000000 0.000000
6.123104 0.291921 30.000000 0.000000
6.143114 0.291015 30.000000 0.000000
6.163124 0.294863 30.000000 0.000000
6.183135 0.288134 30.000000 0.000000
6.203145 0.293960 30.000000 0.000000
6.223155 0.292858 30.000000 0.000000
6.243165 0.287406 30.000000 0.000000
6.263175 0.293307 30.000000 0.000000
