serial number: JANUSZ_4_RI80_21414840
torque: 16.0
start_temp: 31 (32)
finish_temp: 30 (32)
note: joint 1 J4, pcb 3_4
0.000000 nan
0.021014 0.508478
0.042028 0.507253
0.063042 0.507838
0.084056 0.508344
0.105070 0.507072
0.126084 0.508272
0.147098 0.506984
0.168112 0.507684
0.189126 0.507902
0.210140 0.506964
0.231154 0.508361
0.252168 0.507000
0.273182 0.507859
0.294196 0.507566
0.315210 0.506581
0.336224 0.507659
0.357238 0.506073
0.378252 0.506996
0.399266 0.506861
0.420280 0.506129
0.441294 0.507279
0.462308 0.505682
0.483322 0.507112
0.504336 0.506815
0.525350 0.506249
0.546364 0.507616
0.567378 0.506321
0.588392 0.508108
0.609406 0.507580
0.630420 0.507276
0.651434 0.508719
0.672448 0.507320
0.693462 0.509186
0.714476 0.508584
0.735490 0.508233
0.756504 0.509130
0.777518 0.507466
0.798532 0.509324
0.819546 0.508193
0.840560 0.508427
0.861574 0.509164
0.882588 0.508973
0.903602 0.511203
0.924616 0.509522
0.945630 0.509821
0.966644 0.509889
0.987658 0.508286
1.008672 0.510425
1.029686 0.508605
1.050700 0.509221
1.071714 0.508962
1.092728 0.506869
1.113742 0.509051
1.134756 0.506595
1.155770 0.507337
1.176784 0.506562
1.197798 0.504438
1.218812 0.506883
1.239826 0.504577
1.260840 0.506570
1.281854 0.505643
1.302868 0.503957
1.323882 0.506846
1.344896 0.505413
1.365910 0.508371
1.386924 0.507471
1.407938 0.506744
1.428952 0.509135
1.449966 0.507936
1.470980 0.510727
1.491994 0.509675
1.513008 0.509007
1.534022 0.510268
1.555036 0.508726
1.576050 0.511003
1.597064 0.509429
1.618078 0.508819
1.639092 0.509236
1.660106 0.506970
1.681120 0.509069
1.702134 0.507210
1.723148 0.506147
1.744162 0.506140
1.765176 0.503916
1.786190 0.505734
1.807204 0.503855
1.828218 0.503574
1.849232 0.503109
1.870246 0.500974
1.891260 0.502622
1.912274 0.501067
1.933288 0.500962
1.954302 0.499807
1.975316 0.497546
1.996330 0.498795
2.017344 0.497334
2.038358 0.497452
2.059372 0.496335
2.080386 0.493859
2.101400 0.494696
2.122414 0.492888
2.143428 0.493383
2.164442 0.491624
2.185456 0.489347
2.206470 0.490393
2.227484 0.489513
2.248498 0.490762
2.269512 0.489365
2.290526 0.487724
2.311540 0.488748
2.332554 0.487624
2.353568 0.489708
2.374582 0.488470
2.395596 0.487264
2.416610 0.487922
2.437624 0.486189
2.458638 0.487604
2.479652 0.485876
2.500666 0.485058
2.521680 0.484790
2.542694 0.482945
2.563708 0.484936
2.584722 0.483976
2.605736 0.483653
2.626750 0.483433
2.647764 0.481816
2.668778 0.483377
2.689792 0.482136
2.710806 0.481553
2.731820 0.481018
2.752834 0.479309
2.773848 0.481319
2.794862 0.480416
2.815876 0.480748
2.836890 0.480395
2.857904 0.478741
2.878918 0.480745
2.899932 0.480272
2.920946 0.480761
2.941960 0.480190
2.962974 0.478637
2.983988 0.480601
3.005002 0.480479
3.026016 0.480759
3.047030 0.480565
3.068044 0.479192
3.089058 0.481052
3.110072 0.480859
3.131086 0.481995
3.152100 0.482222
3.173114 0.480514
3.194128 0.482307
3.215142 0.481583
3.236156 0.482765
3.257170 0.482851
3.278184 0.481753
3.299198 0.483666
3.320212 0.483319
3.341226 0.484456
3.362240 0.484687
3.383254 0.483804
3.404268 0.485270
3.425282 0.484357
3.446296 0.485718
3.467310 0.486183
3.488324 0.486405
3.509338 0.488077
3.530352 0.487660
3.551366 0.489350
3.572380 0.489872
3.593394 0.490319
3.614408 0.491654
3.635422 0.491413
3.656436 0.492958
3.677450 0.492928
3.698464 0.493211
3.719478 0.494196
3.740492 0.493759
3.761506 0.495338
3.782520 0.494998
3.803534 0.495530
3.824548 0.496259
3.845562 0.496038
3.866576 0.497329
3.887590 0.497323
3.908604 0.498119
3.929618 0.498894
3.950632 0.498787
3.971646 0.499719
3.992660 0.499379
4.013674 0.499933
4.034688 0.500427
4.055702 0.500662
4.076716 0.501056
4.097730 0.501017
4.118744 0.501543
4.139758 0.502109
4.160772 0.502039
4.181786 0.502157
4.202800 0.501298
4.223814 0.501801
4.244828 0.502045
4.265842 0.502060
4.286856 0.501739
4.307870 0.500853
4.328884 0.501328
4.349898 0.501030
4.370912 0.501151
4.391926 0.501038
4.412940 0.500361
4.433954 0.501083
4.454968 0.501165
4.475982 0.501755
4.496996 0.501485
4.518010 0.500928
4.539023 0.501533
4.560037 0.501344
4.581051 0.501371
4.602065 0.500806
4.623079 0.500693
4.644093 0.501421
4.665107 0.501499
4.686121 0.501952
4.707135 0.501968
4.728149 0.501372
4.749163 0.502011
4.770177 0.502424
4.791191 0.502894
4.812205 0.502321
4.833219 0.501950
4.854233 0.502904
4.875247 0.503490
4.896261 0.504689
4.917275 0.504299
4.938289 0.504144
4.959303 0.504425
4.980317 0.504794
5.001331 0.505578
5.022345 0.504997
5.043359 0.505184
5.064373 0.505847
5.085387 0.506072
5.106401 0.506626
5.127415 0.505788
5.148429 0.505892
5.169443 0.506138
5.190457 0.506242
5.211471 0.507002
5.232485 0.506156
5.253499 0.506076
5.274513 0.506451
5.295527 0.506750
5.316541 0.507248
5.337555 0.506245
5.358569 0.505987
5.379583 0.506255
5.400597 0.506127
5.421611 0.506835
5.442625 0.505944
5.463639 0.506174
5.484653 0.506000
5.505667 0.505997
5.526681 0.506891
5.547695 0.505485
5.568709 0.506207
5.589723 0.506010
5.610737 0.506344
5.631751 0.507336
5.652765 0.505805
5.673779 0.506718
5.694793 0.506067
5.715807 0.506312
5.736821 0.507389
5.757835 0.505655
5.778849 0.506774
5.799863 0.506136
5.820877 0.506688
5.841891 0.508018
5.862905 0.506555
5.883919 0.507801
5.904933 0.506763
5.925947 0.507300
5.946961 0.508651
5.967975 0.507165
5.988989 0.508734
6.010003 0.507718
6.031017 0.508312
6.052031 0.509260
6.073045 0.507809
6.094059 0.509214
6.115073 0.508063
6.136087 0.508543
6.157101 0.509021
6.178115 0.507615
6.199129 0.508955
6.220143 0.507414
6.241157 0.507979
6.262171 0.508476
6.283185 0.507264
