serial number: JANUSZ_4_RI80_21414840
torque: 16
start_temp: 30 (31)
finish_temp: 30 (31)
note: joint J4, pcb 3_4
0.000000 0.287753 30.000000 0.000000
0.020010 0.292205 30.000000 0.000000
0.040020 0.293985 30.000000 0.000000
0.060030 0.287835 30.000000 0.000000
0.080041 0.294334 30.000000 0.000000
0.100051 0.290672 30.000000 0.000000
0.120061 0.290515 30.000000 0.000000
0.140071 0.294107 30.000000 0.000000
0.160081 0.288176 30.000000 0.000000
0.180091 0.294223 30.000000 0.000000
0.200101 0.293226 30.000000 0.000000
0.220112 0.288516 30.000000 0.000000
0.240122 0.294005 30.000000 0.000000
0.260132 0.288893 30.000000 0.000000
0.280142 0.292812 30.000000 0.000000
0.300152 0.293194 30.000000 0.000000
0.320162 0.286870 30.000000 0.000000
0.340172 0.293625 30.000000 0.000000
0.360183 0.290302 30.000000 0.000000
0.380193 0.289549 30.000000 0.000000
0.400203 0.293735 30.000000 0.000000
0.420213 0.287495 30.000000 0.000000
0.440223 0.294628 30.000000 0.000000
0.460233 0.294042 30.000000 0.000000
0.480243 0.289629 30.000000 0.000000
0.500254 0.295869 30.000000 0.000000
0.520264 0.290532 30.000000 0.000000
0.540274 0.294270 30.000000 0.000000
0.560284 0.294796 30.000000 0.000000
0.580294 0.288185 30.000000 0.000000
0.600304 0.295503 30.000000 0.000000
0.620314 0.293080 30.000000 0.000000
0.640325 0.291628 30.000000 0.000000
0.660335 0.295743 30.000000 0.000000
0.680345 0.289376 30.000000 0.000000
0.700355 0.296028 30.000000 0.000000
0.720365 0.295280 30.000000 0.000000
0.740375 0.290409 30.000000 0.000000
0.760385 0.296330 30.000000 0.000000
0.780396 0.291414 30.000000 0.000000
0.800406 0.294579 30.000000 0.000000
0.820416 0.295872 30.000000 0.000000
0.840426 0.290105 30.000000 0.000000
0.860436 0.297079 30.000000 0.000000
0.880446 0.294672 30.000000 0.000000
0.900456 0.292456 30.000000 0.000000
0.920467 0.296757 30.000000 0.000000
0.940477 0.291191 30.000000 0.000000
0.960487 0.297061 30.000000 0.000000
0.980497 0.296447 30.000000 0.000000
1.000507 0.291215 30.000000 0.000000
1.020517 0.297357 30.000000 0.000000
1.040528 0.293380 30.000000 0.000000
1.060538 0.294386 30.000000 0.000000
1.080548 0.296438 30.000000 0.000000
1.100558 0.290774 30.000000 0.000000
1.120568 0.296919 30.000000 0.000000
1.140578 0.294729 30.000000 0.000000
1.160588 0.291585 30.000000 0.000000
1.180599 0.296213 30.000000 0.000000
1.200609 0.291195 30.000000 0.000000
1.220619 0.296004 30.000000 0.000000
1.240629 0.296096 30.000000 0.000000
1.260639 0.290455 30.000000 0.000000
1.280649 0.297364 30.000000 0.000000
1.300659 0.293788 30.000000 0.000000
1.320670 0.293961 30.000000 0.000000
1.340680 0.296445 30.000000 0.000000
1.360690 0.290561 30.000000 0.000000
1.380700 0.297011 30.000000 0.000000
1.400710 0.295452 30.000000 0.000000
1.420720 0.291450 30.000000 0.000000
1.440730 0.296587 30.000000 0.000000
1.460741 0.291234 30.000000 0.000000
1.480751 0.294407 30.000000 0.000000
1.500761 0.294347 30.000000 0.000000
1.520771 0.288315 30.000000 0.000000
1.540781 0.295373 30.000000 0.000000
1.560791 0.291597 30.000000 0.000000
1.580801 0.290767 30.000000 0.000000
1.600812 0.294045 30.000000 0.000000
1.620822 0.287747 30.000000 0.000000
1.640832 0.293088 30.000000 0.000000
1.660842 0.291790 30.000000 0.000000
1.680852 0.287890 30.000000 0.000000
1.700862 0.293735 30.000000 0.000000
1.720872 0.288033 30.000000 0.000000
1.740883 0.290581 30.000000 0.000000
1.760893 0.291625 30.000000 0.000000
1.780903 0.285738 30.000000 0.000000
1.800913 0.292263 30.000000 0.000000
1.820923 0.288157 30.000000 0.000000
1.840933 0.285924 30.000000 0.000000
1.860943 0.289321 30.000000 0.000000
1.880954 0.281044 30.000000 0.000000
1.900964 0.283475 30.000000 0.000000
1.920974 0.276186 30.000000 0.000000
1.940984 0.240384 30.000000 0.000000
1.960994 0.253128 30.000000 0.000000
1.981004 0.287863 30.000000 0.000000
2.001014 0.290141 30.000000 0.000000
2.021025 0.291987 30.000000 0.000000
2.041035 0.285634 30.000000 0.000000
2.061045 0.292824 30.000000 0.000000
2.081055 0.290327 30.000000 0.000000
2.101065 0.288500 30.000000 0.000000
2.121075 0.293164 30.000000 0.000000
2.141085 0.285971 30.000000 0.000000
2.161096 0.291811 30.000000 0.000000
2.181106 0.291599 30.000000 0.000000
2.201116 0.286740 30.000000 0.000000
2.221126 0.294206 30.000000 0.000000
2.241136 0.288494 30.000000 0.000000
2.261146 0.290201 30.000000 0.000000
2.281156 0.292208 30.000000 0.000000
2.301167 0.284986 30.000000 0.000000
2.321177 0.292377 30.000000 0.000000
2.341187 0.290035 30.000000 0.000000
2.361197 0.288030 30.000000 0.000000
2.381207 0.293005 30.000000 0.000000
2.401217 0.285290 30.000000 0.000000
2.421227 0.291124 30.000000 0.000000
2.441238 0.291699 30.000000 0.000000
2.461248 0.286833 30.000000 0.000000
2.481258 0.293133 30.000000 0.000000
2.501268 0.287447 30.000000 0.000000
2.521278 0.289599 30.000000 0.000000
2.541288 0.292789 30.000000 0.000000
2.561298 0.285934 30.000000 0.000000
2.581309 0.292946 30.000000 0.000000
2.601319 0.290002 30.000000 0.000000
2.621329 0.287857 30.000000 0.000000
2.641339 0.293459 30.000000 0.000000
2.661349 0.286677 30.000000 0.000000
2.681359 0.292639 30.000000 0.000000
2.701369 0.292207 30.000000 0.000000
2.721380 0.287440 30.000000 0.000000
2.741390 0.294583 30.000000 0.000000
2.761400 0.289570 30.000000 0.000000
2.781410 0.291146 30.000000 0.000000
2.801420 0.293822 30.000000 0.000000
2.821430 0.287076 30.000000 0.000000
2.841440 0.294610 30.000000 0.000000
2.861451 0.291945 30.000000 0.000000
2.881461 0.290205 30.000000 0.000000
2.901471 0.295017 30.000000 0.000000
2.921481 0.287611 30.000000 0.000000
2.941491 0.292695 30.000000 0.000000
2.961501 0.292915 30.000000 0.000000
2.981511 0.288097 30.000000 0.000000
3.001522 0.294915 30.000000 0.000000
3.021532 0.290124 30.000000 0.000000
3.041542 0.292801 30.000000 0.000000
3.061552 0.295481 30.000000 0.000000
3.081562 0.289028 30.000000 0.000000
3.101572 0.295071 30.000000 0.000000
3.121583 0.291703 30.000000 0.000000
3.141593 0.290849 30.000000 0.000000
3.161603 0.294761 30.000000 0.000000
3.181613 0.288353 30.000000 0.000000
3.201623 0.293646 30.000000 0.000000
3.221633 0.293208 30.000000 0.000000
3.241643 0.289048 30.000000 0.000000
3.261654 0.294792 30.000000 0.000000
3.281664 0.289476 30.000000 0.000000
3.301674 0.292977 30.000000 0.000000
3.321684 0.294508 30.000000 0.000000
3.341694 0.288076 30.000000 0.000000
3.361704 0.295160 30.000000 0.000000
3.381714 0.291793 30.000000 0.000000
3.401725 0.291772 30.000000 0.000000
3.421735 0.294884 30.000000 0.000000
3.441745 0.288805 30.000000 0.000000
3.461755 0.294806 30.000000 0.000000
3.481765 0.294108 30.000000 0.000000
3.501775 0.290714 30.000000 0.000000
3.521785 0.295289 30.000000 0.000000
3.541796 0.290044 30.000000 0.000000
3.561806 0.294708 30.000000 0.000000
3.581816 0.295006 30.000000 0.000000
3.601826 0.289174 30.000000 0.000000
3.621836 0.295120 30.000000 0.000000
3.641846 0.290677 30.000000 0.000000
3.661856 0.291936 30.000000 0.000000
3.681867 0.293923 30.000000 0.000000
3.701877 0.287652 30.000000 0.000000
3.721887 0.293862 30.000000 0.000000
3.741897 0.292229 30.000000 0.000000
3.761907 0.289471 30.000000 0.000000
3.781917 0.293588 30.000000 0.000000
3.801927 0.287802 30.000000 0.000000
3.821938 0.293140 30.000000 0.000000
3.841948 0.293006 30.000000 0.000000
3.861958 0.287632 30.000000 0.000000
3.881968 0.293555 30.000000 0.000000
3.901978 0.289141 30.000000 0.000000
3.921988 0.292130 30.000000 0.000000
3.941998 0.293463 30.000000 0.000000
3.962009 0.287692 30.000000 0.000000
3.982019 0.294048 30.000000 0.000000
4.002029 0.290820 30.000000 0.000000
4.022039 0.290530 30.000000 0.000000
4.042049 0.294351 30.000000 0.000000
4.062059 0.288539 30.000000 0.000000
4.082069 0.294336 30.000000 0.000000
4.102080 0.292042 30.000000 0.000000
4.122090 0.287999 30.000000 0.000000
4.142100 0.294137 30.000000 0.000000
4.162110 0.288606 30.000000 0.000000
4.182120 0.292728 30.000000 0.000000
4.202130 0.292920 30.000000 0.000000
4.222140 0.286937 30.000000 0.000000
4.242151 0.293723 30.000000 0.000000
4.262161 0.289084 30.000000 0.000000
4.282171 0.289841 30.000000 0.000000
4.302181 0.292751 30.000000 0.000000
4.322191 0.286445 30.000000 0.000000
4.342201 0.293528 30.000000 0.000000
4.362211 0.290982 30.000000 0.000000
4.382222 0.288027 30.000000 0.000000
4.402232 0.293558 30.000000 0.000000
4.422242 0.287576 30.000000 0.000000
4.442252 0.293379 30.000000 0.000000
4.462262 0.292829 30.000000 0.000000
4.482272 0.287623 30.000000 0.000000
4.502282 0.294848 30.000000 0.000000
4.522293 0.289574 30.000000 0.000000
4.542303 0.291891 30.000000 0.000000
4.562313 0.293480 30.000000 0.000000
4.582323 0.287287 30.000000 0.000000
4.602333 0.294658 30.000000 0.000000
4.622343 0.291255 30.000000 0.000000
4.642353 0.289473 30.000000 0.000000
4.662364 0.293705 30.000000 0.000000
4.682374 0.287483 30.000000 0.000000
4.702384 0.293915 30.000000 0.000000
4.722394 0.292729 30.000000 0.000000
4.742404 0.288679 30.000000 0.000000
4.762414 0.294889 30.000000 0.000000
4.782424 0.288125 30.000000 0.000000
4.802435 0.291986 30.000000 0.000000
4.822445 0.292869 30.000000 0.000000
4.842455 0.287671 30.000000 0.000000
4.862465 0.294936 30.000000 0.000000
4.882475 0.289657 30.000000 0.000000
4.902485 0.290685 30.000000 0.000000
4.922495 0.294081 30.000000 0.000000
4.942506 0.288581 30.000000 0.000000
4.962516 0.295905 30.000000 0.000000
4.982526 0.292762 30.000000 0.000000
5.002536 0.289964 30.000000 0.000000
5.022546 0.295819 30.000000 0.000000
5.042556 0.289571 30.000000 0.000000
5.062567 0.294501 30.000000 0.000000
5.082577 0.293953 30.000000 0.000000
5.102587 0.288577 30.000000 0.000000
5.122597 0.295684 30.000000 0.000000
5.142607 0.289782 30.000000 0.000000
5.162617 0.292428 30.000000 0.000000
5.182627 0.294944 30.000000 0.000000
5.202638 0.289337 30.000000 0.000000
5.222648 0.295774 30.000000 0.000000
5.242658 0.291933 30.000000 0.000000
5.262668 0.290825 30.000000 0.000000
5.282678 0.295153 30.000000 0.000000
5.302688 0.289119 30.000000 0.000000
5.322698 0.294263 30.000000 0.000000
5.342709 0.293302 30.000000 0.000000
5.362719 0.288969 30.000000 0.000000
5.382729 0.294862 30.000000 0.000000
5.402739 0.288474 30.000000 0.000000
5.422749 0.291704 30.000000 0.000000
5.442759 0.293186 30.000000 0.000000
5.462769 0.288251 30.000000 0.000000
5.482780 0.294490 30.000000 0.000000
5.502790 0.290179 30.000000 0.000000
5.522800 0.290767 30.000000 0.000000
5.542810 0.294151 30.000000 0.000000
5.562820 0.287708 30.000000 0.000000
5.582830 0.293228 30.000000 0.000000
5.602840 0.290791 30.000000 0.000000
5.622851 0.288382 30.000000 0.000000
5.642861 0.294707 30.000000 0.000000
5.662871 0.288490 30.000000 0.000000
5.682881 0.293337 30.000000 0.000000
5.702891 0.293380 30.000000 0.000000
5.722901 0.289073 30.000000 0.000000
5.742911 0.295965 30.000000 0.000000
5.762922 0.291187 30.000000 0.000000
5.782932 0.292810 30.000000 0.000000
5.802942 0.294654 30.000000 0.000000
5.822952 0.288086 30.000000 0.000000
5.842962 0.294376 30.000000 0.000000
5.862972 0.291678 30.000000 0.000000
5.882982 0.289903 30.000000 0.000000
5.902993 0.293971 30.000000 0.000000
5.923003 0.286596 30.000000 0.000000
5.943013 0.291784 30.000000 0.000000
5.963023 0.291524 30.000000 0.000000
5.983033 0.287493 30.000000 0.000000
6.003043 0.293415 30.000000 0.000000
6.023053 0.288585 30.000000 0.000000
6.043064 0.292006 30.000000 0.000000
6.063074 0.293919 30.000000 0.000000
6.083084 0.287729 30.000000 0.000000
6.103094 0.294150 30.000000 0.000000
6.123104 0.290910 30.000000 0.000000
6.143114 0.290123 30.000000 0.000000
6.163124 0.293444 30.000000 0.000000
6.183135 0.287130 30.000000 0.000000
6.203145 0.292811 30.000000 0.000000
6.223155 0.292575 30.000000 0.000000
6.243165 0.287957 30.000000 0.000000
6.263175 0.292971 30.000000 0.000000
