serial number: JANUSZ_4_RI80_21414840
torque: 16.0
start_temp: 30 (31)
finish_temp: 30 (31)
note: joint 1 J4, pcb 3_4
0.000000 nan
0.021014 0.464414
0.042028 0.464492
0.063042 0.464851
0.084056 0.465787
0.105070 0.465578
0.126084 0.465906
0.147098 0.465303
0.168112 0.466225
0.189126 0.467093
0.210140 0.467127
0.231154 0.467964
0.252168 0.467163
0.273182 0.468180
0.294196 0.468853
0.315210 0.469156
0.336224 0.470213
0.357238 0.469474
0.378252 0.470717
0.399266 0.470989
0.420280 0.471242
0.441294 0.471866
0.462308 0.470548
0.483322 0.471969
0.504336 0.471852
0.525350 0.472041
0.546364 0.472595
0.567378 0.471695
0.588392 0.473260
0.609406 0.473039
0.630420 0.473378
0.651434 0.473917
0.672448 0.472226
0.693462 0.474072
0.714476 0.473321
0.735490 0.473954
0.756504 0.474249
0.777518 0.472988
0.798532 0.474972
0.819546 0.473978
0.840560 0.474644
0.861574 0.474773
0.882588 0.473517
0.903602 0.475265
0.924616 0.473992
0.945630 0.474910
0.966644 0.474568
0.987658 0.472689
1.008672 0.473952
1.029686 0.471992
1.050700 0.472740
1.071714 0.472176
1.092728 0.470640
1.113742 0.472434
1.134756 0.470545
1.155770 0.471762
1.176784 0.470662
1.197798 0.468457
1.218812 0.470312
1.239826 0.468536
1.260840 0.470199
1.281854 0.468919
1.302868 0.466992
1.323882 0.468793
1.344896 0.467007
1.365910 0.469023
1.386924 0.467547
1.407938 0.466301
1.428952 0.467290
1.449966 0.465528
1.470980 0.467918
1.491994 0.466637
1.513008 0.465738
1.534022 0.466806
1.555036 0.465697
1.576050 0.468030
1.597064 0.466639
1.618078 0.466425
1.639092 0.467280
1.660106 0.465934
1.681120 0.468462
1.702134 0.467009
1.723148 0.467028
1.744162 0.467366
1.765176 0.465978
1.786190 0.468598
1.807204 0.467499
1.828218 0.468043
1.849232 0.467736
1.870246 0.466097
1.891260 0.468549
1.912274 0.467422
1.933288 0.467701
1.954302 0.466030
1.975316 0.463504
1.996330 0.465307
2.017344 0.464198
2.038358 0.464741
2.059372 0.463013
2.080386 0.460316
2.101400 0.461313
2.122414 0.459932
2.143428 0.460352
2.164442 0.458447
2.185456 0.455436
2.206470 0.456150
2.227484 0.454733
2.248498 0.455391
2.269512 0.453531
2.290526 0.450728
2.311540 0.451052
2.332554 0.449386
2.353568 0.450185
2.374582 0.448448
2.395596 0.446453
2.416610 0.446926
2.437624 0.445646
2.458638 0.446723
2.479652 0.445254
2.500666 0.442823
2.521680 0.442964
2.542694 0.440914
2.563708 0.442523
2.584722 0.441145
2.605736 0.438868
2.626750 0.439091
2.647764 0.436620
2.668778 0.438980
2.689792 0.438694
2.710806 0.436772
2.731820 0.436986
2.752834 0.434188
2.773848 0.436480
2.794862 0.436110
2.815876 0.435082
2.836890 0.435840
2.857904 0.432523
2.878918 0.435445
2.899932 0.435713
2.920946 0.435046
2.941960 0.436315
2.962974 0.433132
2.983988 0.436185
3.005002 0.436173
3.026016 0.435862
3.047030 0.436289
3.068044 0.432239
3.089058 0.435781
3.110072 0.435353
3.131086 0.435674
3.152100 0.437039
3.173114 0.434079
3.194128 0.438208
3.215142 0.438023
3.236156 0.439569
3.257170 0.440788
3.278184 0.438016
3.299198 0.442074
3.320212 0.441530
3.341226 0.443211
3.362240 0.444560
3.383254 0.442748
3.404268 0.446111
3.425282 0.445696
3.446296 0.447739
3.467310 0.449473
3.488324 0.448758
3.509338 0.451983
3.530352 0.451904
3.551366 0.454056
3.572380 0.455242
3.593394 0.454467
3.614408 0.456935
3.635422 0.456143
3.656436 0.458082
3.677450 0.458579
3.698464 0.458429
3.719478 0.460863
3.740492 0.460149
3.761506 0.461896
3.782520 0.461985
3.803534 0.462008
3.824548 0.463275
3.845562 0.462950
3.866576 0.464703
3.887590 0.464642
3.908604 0.464759
3.929618 0.465635
3.950632 0.465324
3.971646 0.466417
3.992660 0.465847
4.013674 0.465776
4.034688 0.466395
4.055702 0.465970
4.076716 0.466197
4.097730 0.465315
4.118744 0.465503
4.139758 0.465608
4.160772 0.465047
4.181786 0.465491
4.202800 0.464824
4.223814 0.465462
4.244828 0.465688
4.265842 0.465806
4.286856 0.466205
4.307870 0.464897
4.328884 0.465568
4.349898 0.465645
4.370912 0.465566
4.391926 0.466008
4.412940 0.465210
4.433954 0.466126
4.454968 0.466602
4.475982 0.467088
4.496996 0.467249
4.518010 0.466414
4.539023 0.466774
4.560037 0.467179
4.581051 0.467061
4.602065 0.466803
4.623079 0.464924
4.644093 0.465734
4.665107 0.466131
4.686121 0.466328
4.707135 0.466644
4.728149 0.465070
4.749163 0.465844
4.770177 0.465754
4.791191 0.465983
4.812205 0.466125
4.833219 0.464200
4.854233 0.465070
4.875247 0.465193
4.896261 0.465696
4.917275 0.466250
4.938289 0.464938
4.959303 0.466039
4.980317 0.466057
5.001331 0.466082
5.022345 0.466319
5.043359 0.464497
5.064373 0.465966
5.085387 0.466763
5.106401 0.467229
5.127415 0.467632
5.148429 0.465606
5.169443 0.466718
5.190457 0.466661
5.211471 0.466716
5.232485 0.466814
5.253499 0.464650
5.274513 0.465850
5.295527 0.465798
5.316541 0.466349
5.337555 0.466395
5.358569 0.464207
5.379583 0.465509
5.400597 0.465502
5.421611 0.466138
5.442625 0.466152
5.463639 0.464050
5.484653 0.464604
5.505667 0.464521
5.526681 0.464893
5.547695 0.464724
5.568709 0.463085
5.589723 0.463427
5.610737 0.463284
5.631751 0.463770
5.652765 0.463440
5.673779 0.462130
5.694793 0.462892
5.715807 0.462501
5.736821 0.463465
5.757835 0.463108
5.778849 0.461962
5.799863 0.462689
5.820877 0.462188
5.841891 0.463378
5.862905 0.462923
5.883919 0.461877
5.904933 0.462250
5.925947 0.461921
5.946961 0.463038
5.967975 0.462370
5.988989 0.461542
6.010003 0.461742
6.031017 0.461734
6.052031 0.462764
6.073045 0.462558
6.094059 0.462591
6.115073 0.462839
6.136087 0.463213
6.157101 0.464350
6.178115 0.464078
6.199129 0.463867
6.220143 0.463789
6.241157 0.463822
6.262171 0.464911
6.283185 0.464321
