serial number: JANUSZ_3_RI80_21414853
torque: 16
start_temp: 30 (32)
finish_temp: 30 (32)
note: zdjęty z robota, soft 18.07 g 11:14, łagodne PIDy, oś 1, Montaż TK
0.000000 0.381418 30.000000 0.000000
0.020010 0.373627 30.000000 0.000000
0.040020 0.374602 30.000000 0.000000
0.060030 0.380086 30.000000 0.000000
0.080041 0.371031 30.000000 0.000000
0.100051 0.378894 30.000000 0.000000
0.120061 0.373720 30.000000 0.000000
0.140071 0.370804 30.000000 0.000000
0.160081 0.379153 30.000000 0.000000
0.180091 0.369187 30.000000 0.000000
0.200101 0.374149 30.000000 0.000000
0.220112 0.372432 30.000000 0.000000
0.240122 0.366074 30.000000 0.000000
0.260132 0.375460 30.000000 0.000000
0.280142 0.365505 30.000000 0.000000
0.300152 0.367932 30.000000 0.000000
0.320162 0.370117 30.000000 0.000000
0.340172 0.359911 30.000000 0.000000
0.360183 0.366960 30.000000 0.000000
0.380193 0.359472 30.000000 0.000000
0.400203 0.357425 30.000000 0.000000
0.420213 0.363890 30.000000 0.000000
0.440223 0.354413 30.000000 0.000000
0.460233 0.360112 30.000000 0.000000
0.480243 0.357230 30.000000 0.000000
0.500254 0.351357 30.000000 0.000000
0.520264 0.359337 30.000000 0.000000
0.540274 0.349238 30.000000 0.000000
0.560284 0.352881 30.000000 0.000000
0.580294 0.355234 30.000000 0.000000
0.600304 0.347012 30.000000 0.000000
0.620314 0.355079 30.000000 0.000000
0.640325 0.346340 30.000000 0.000000
0.660335 0.348299 30.000000 0.000000
0.680345 0.353591 30.000000 0.000000
0.700355 0.342812 30.000000 0.000000
0.720365 0.350408 30.000000 0.000000
0.740375 0.345196 30.000000 0.000000
0.760385 0.342260 30.000000 0.000000
0.780396 0.349249 30.000000 0.000000
0.800406 0.338047 30.000000 0.000000
0.820416 0.344230 30.000000 0.000000
0.840426 0.342564 30.000000 0.000000
0.860436 0.335018 30.000000 0.000000
0.880446 0.342758 30.000000 0.000000
0.900456 0.333054 30.000000 0.000000
0.920467 0.337166 30.000000 0.000000
0.940477 0.339758 30.000000 0.000000
0.960487 0.329012 30.000000 0.000000
0.980497 0.338073 30.000000 0.000000
1.000507 0.331548 30.000000 0.000000
1.020517 0.330562 30.000000 0.000000
1.040528 0.337042 30.000000 0.000000
1.060538 0.326076 30.000000 0.000000
1.080548 0.334902 30.000000 0.000000
1.100558 0.333194 30.000000 0.000000
1.120568 0.326175 30.000000 0.000000
1.140578 0.335280 30.000000 0.000000
1.160588 0.324192 30.000000 0.000000
1.180599 0.329733 30.000000 0.000000
1.200609 0.331383 30.000000 0.000000
1.220619 0.321612 30.000000 0.000000
1.240629 0.332949 30.000000 0.000000
1.260639 0.325156 30.000000 0.000000
1.280649 0.326093 30.000000 0.000000
1.300659 0.331808 30.000000 0.000000
1.320670 0.319648 30.000000 0.000000
1.340680 0.330172 30.000000 0.000000
1.360690 0.325664 30.000000 0.000000
1.380700 0.318151 30.000000 0.000000
1.400710 0.327618 30.000000 0.000000
1.420720 0.315481 30.000000 0.000000
1.440730 0.322152 30.000000 0.000000
1.460741 0.321690 30.000000 0.000000
1.480751 0.311798 30.000000 0.000000
1.500761 0.322689 30.000000 0.000000
1.520771 0.313274 30.000000 0.000000
1.540781 0.316045 30.000000 0.000000
1.560791 0.319382 30.000000 0.000000
1.580801 0.307865 30.000000 0.000000
1.600812 0.320905 30.000000 0.000000
1.620822 0.314500 30.000000 0.000000
1.640832 0.310832 30.000000 0.000000
1.660842 0.321257 30.000000 0.000000
1.680852 0.309371 30.000000 0.000000
1.700862 0.319919 30.000000 0.000000
1.720872 0.317066 30.000000 0.000000
1.740883 0.309735 30.000000 0.000000
1.760893 0.323152 30.000000 0.000000
1.780903 0.312644 30.000000 0.000000
1.800913 0.315896 30.000000 0.000000
1.820923 0.319766 30.000000 0.000000
1.840933 0.308827 30.000000 0.000000
1.860943 0.320625 30.000000 0.000000
1.880954 0.312442 30.000000 0.000000
1.900964 0.308671 30.000000 0.000000
1.920974 0.318148 30.000000 0.000000
1.940984 0.305336 30.000000 0.000000
1.960994 0.314916 30.000000 0.000000
1.981004 0.310899 30.000000 0.000000
2.001014 0.304180 30.000000 0.000000
2.021025 0.318349 30.000000 0.000000
2.041035 0.306103 30.000000 0.000000
2.061045 0.310480 30.000000 0.000000
2.081055 0.313217 30.000000 0.000000
2.101065 0.302375 30.000000 0.000000
2.121075 0.316928 30.000000 0.000000
2.141085 0.307011 30.000000 0.000000
2.161096 0.305185 30.000000 0.000000
2.181106 0.314438 30.000000 0.000000
2.201116 0.300819 30.000000 0.000000
2.221126 0.311521 30.000000 0.000000
2.241136 0.304432 30.000000 0.000000
2.261146 0.297991 30.000000 0.000000
2.281156 0.310852 30.000000 0.000000
2.301167 0.296422 30.000000 0.000000
2.321177 0.301991 30.000000 0.000000
2.341187 0.304062 30.000000 0.000000
2.361197 0.293818 30.000000 0.000000
2.381207 0.309924 30.000000 0.000000
2.401217 0.295765 30.000000 0.000000
2.421227 0.296002 30.000000 0.000000
2.441238 0.306669 30.000000 0.000000
2.461248 0.292757 30.000000 0.000000
2.481258 0.304888 30.000000 0.000000
2.501268 0.296025 30.000000 0.000000
2.521278 0.290548 30.000000 0.000000
2.541288 0.304993 30.000000 0.000000
2.561298 0.288025 30.000000 0.000000
2.581309 0.295167 30.000000 0.000000
2.601319 0.299256 30.000000 0.000000
2.621329 0.290268 30.000000 0.000000
2.641339 0.305277 30.000000 0.000000
2.661349 0.288869 30.000000 0.000000
2.681359 0.289152 30.000000 0.000000
2.701369 0.298591 30.000000 0.000000
2.721380 0.285937 30.000000 0.000000
2.741390 0.298840 30.000000 0.000000
2.761400 0.290248 30.000000 0.000000
2.781410 0.283811 30.000000 0.000000
2.801420 0.297990 30.000000 0.000000
2.821430 0.280507 30.000000 0.000000
2.841440 0.288152 30.000000 0.000000
2.861451 0.289364 30.000000 0.000000
2.881461 0.282017 30.000000 0.000000
2.901471 0.297894 30.000000 0.000000
2.921481 0.282215 30.000000 0.000000
2.941491 0.285054 30.000000 0.000000
2.961501 0.293855 30.000000 0.000000
2.981511 0.280516 30.000000 0.000000
3.001522 0.293536 30.000000 0.000000
3.021532 0.283443 30.000000 0.000000
3.041542 0.282676 30.000000 0.000000
3.061552 0.297459 30.000000 0.000000
3.081562 0.280097 30.000000 0.000000
3.101572 0.289316 30.000000 0.000000
3.121583 0.290147 30.000000 0.000000
3.141593 0.282775 30.000000 0.000000
3.161603 0.297839 30.000000 0.000000
3.181613 0.279734 30.000000 0.000000
3.201623 0.286617 30.000000 0.000000
3.221633 0.295485 30.000000 0.000000
3.241643 0.282147 30.000000 0.000000
3.261654 0.297481 30.000000 0.000000
3.281664 0.285933 30.000000 0.000000
3.301674 0.287095 30.000000 0.000000
3.321684 0.301124 30.000000 0.000000
3.341694 0.281064 30.000000 0.000000
3.361704 0.294179 30.000000 0.000000
3.381714 0.295073 30.000000 0.000000
3.401725 0.286768 30.000000 0.000000
3.421735 0.302458 30.000000 0.000000
3.441745 0.283101 30.000000 0.000000
3.461755 0.290045 30.000000 0.000000
3.481765 0.300267 30.000000 0.000000
3.501775 0.285810 30.000000 0.000000
3.521785 0.300500 30.000000 0.000000
3.541796 0.291994 30.000000 0.000000
3.561806 0.291564 30.000000 0.000000
3.581816 0.305699 30.000000 0.000000
3.601826 0.287934 30.000000 0.000000
3.621836 0.300704 30.000000 0.000000
3.641846 0.301995 30.000000 0.000000
3.661856 0.294731 30.000000 0.000000
3.681867 0.310160 30.000000 0.000000
3.701877 0.293827 30.000000 0.000000
3.721887 0.301007 30.000000 0.000000
3.741897 0.311971 30.000000 0.000000
3.761907 0.297824 30.000000 0.000000
3.781917 0.315638 30.000000 0.000000
3.801927 0.309072 30.000000 0.000000
3.821938 0.308260 30.000000 0.000000
3.841948 0.322637 30.000000 0.000000
3.861958 0.303802 30.000000 0.000000
3.881968 0.319087 30.000000 0.000000
3.901978 0.322755 30.000000 0.000000
3.921988 0.313274 30.000000 0.000000
3.941998 0.329778 30.000000 0.000000
3.962009 0.313673 30.000000 0.000000
3.982019 0.321166 30.000000 0.000000
4.002029 0.331688 30.000000 0.000000
4.022039 0.316810 30.000000 0.000000
4.042049 0.335597 30.000000 0.000000
4.062059 0.328990 30.000000 0.000000
4.082069 0.327881 30.000000 0.000000
4.102080 0.343047 30.000000 0.000000
4.122090 0.325102 30.000000 0.000000
4.142100 0.338215 30.000000 0.000000
4.162110 0.342624 30.000000 0.000000
4.182120 0.330501 30.000000 0.000000
4.202130 0.347881 30.000000 0.000000
4.222140 0.333125 30.000000 0.000000
4.242151 0.339810 30.000000 0.000000
4.262161 0.351195 30.000000 0.000000
4.282171 0.333774 30.000000 0.000000
4.302181 0.351978 30.000000 0.000000
4.322191 0.348387 30.000000 0.000000
4.342201 0.343892 30.000000 0.000000
4.362211 0.360351 30.000000 0.000000
4.382222 0.343797 30.000000 0.000000
4.402232 0.354055 30.000000 0.000000
4.422242 0.359425 30.000000 0.000000
4.442252 0.345984 30.000000 0.000000
4.462262 0.362958 30.000000 0.000000
4.482272 0.352211 30.000000 0.000000
4.502282 0.355485 30.000000 0.000000
4.522293 0.366987 30.000000 0.000000
4.542303 0.351455 30.000000 0.000000
4.562313 0.366098 30.000000 0.000000
4.582323 0.363029 30.000000 0.000000
4.602333 0.355975 30.000000 0.000000
4.622343 0.371026 30.000000 0.000000
4.642353 0.356570 30.000000 0.000000
4.662364 0.365454 30.000000 0.000000
4.682374 0.369341 30.000000 0.000000
4.702384 0.355910 30.000000 0.000000
4.722394 0.371276 30.000000 0.000000
4.742404 0.360748 30.000000 0.000000
4.762414 0.362160 30.000000 0.000000
4.782424 0.373243 30.000000 0.000000
4.802435 0.357808 30.000000 0.000000
4.822445 0.372136 30.000000 0.000000
4.842455 0.369019 30.000000 0.000000
4.862465 0.361389 30.000000 0.000000
4.882475 0.375683 30.000000 0.000000
4.902485 0.361587 30.000000 0.000000
4.922495 0.370427 30.000000 0.000000
4.942506 0.375849 30.000000 0.000000
4.962516 0.362845 30.000000 0.000000
4.982526 0.377702 30.000000 0.000000
5.002536 0.368241 30.000000 0.000000
5.022546 0.368769 30.000000 0.000000
5.042556 0.379686 30.000000 0.000000
5.062567 0.366029 30.000000 0.000000
5.082577 0.378409 30.000000 0.000000
5.102587 0.375220 30.000000 0.000000
5.122597 0.368037 30.000000 0.000000
5.142607 0.381525 30.000000 0.000000
5.162617 0.369419 30.000000 0.000000
5.182627 0.375511 30.000000 0.000000
5.202638 0.379564 30.000000 0.000000
5.222648 0.367338 30.000000 0.000000
5.242658 0.381354 30.000000 0.000000
5.262668 0.373909 30.000000 0.000000
5.282678 0.372509 30.000000 0.000000
5.302688 0.382232 30.000000 0.000000
5.322698 0.368611 30.000000 0.000000
5.342709 0.379591 30.000000 0.000000
5.362719 0.377476 30.000000 0.000000
5.382729 0.370428 30.000000 0.000000
5.402739 0.382600 30.000000 0.000000
5.422749 0.370302 30.000000 0.000000
5.442759 0.375091 30.000000 0.000000
5.462769 0.377143 30.000000 0.000000
5.482780 0.365808 30.000000 0.000000
5.502790 0.378691 30.000000 0.000000
5.522800 0.370869 30.000000 0.000000
5.542810 0.370350 30.000000 0.000000
5.562820 0.378529 30.000000 0.000000
5.582830 0.366819 30.000000 0.000000
5.602840 0.377006 30.000000 0.000000
5.622851 0.374280 30.000000 0.000000
5.642861 0.368698 30.000000 0.000000
5.662871 0.380098 30.000000 0.000000
5.682881 0.370223 30.000000 0.000000
5.702891 0.374889 30.000000 0.000000
5.722901 0.378012 30.000000 0.000000
5.742911 0.367534 30.000000 0.000000
5.762922 0.378700 30.000000 0.000000
5.782932 0.371321 30.000000 0.000000
5.802942 0.370961 30.000000 0.000000
5.822952 0.379409 30.000000 0.000000
5.842962 0.369706 30.000000 0.000000
5.862972 0.378748 30.000000 0.000000
5.882982 0.375702 30.000000 0.000000
5.902993 0.370927 30.000000 0.000000
5.923003 0.380499 30.000000 0.000000
5.943013 0.372023 30.000000 0.000000
5.963023 0.377466 30.000000 0.000000
5.983033 0.379427 30.000000 0.000000
6.003043 0.372599 30.000000 0.000000
6.023053 0.383366 30.000000 0.000000
6.043064 0.376860 30.000000 0.000000
6.063074 0.376868 30.000000 0.000000
6.083084 0.382298 30.000000 0.000000
6.103094 0.374539 30.000000 0.000000
6.123104 0.382274 30.000000 0.000000
6.143114 0.378200 30.000000 0.000000
6.163124 0.374775 30.000000 0.000000
6.183135 0.383387 30.000000 0.000000
6.203145 0.375105 30.000000 0.000000
6.223155 0.379557 30.000000 0.000000
6.243165 0.379107 30.000000 0.000000
6.263175 0.371960 30.000000 0.000000
