serial number: JANUSZ_3_RI80_21414853
torque: 16
start_temp: 34 (38)
finish_temp: 34 (38)
note: asdf
0.000000 0.651818 34.000000 0.000000
0.020010 0.630339 34.000000 0.000000
0.040020 0.642439 33.999710 0.000000
0.060030 0.640387 33.999791 0.000000
0.080041 0.644192 34.000000 0.000000
0.100051 0.671474 34.000000 0.000000
0.120061 0.626572 33.997764 0.000000
0.140071 0.648193 34.000000 0.000000
0.160081 0.643592 34.000000 0.000000
0.180091 0.635876 34.000685 0.000000
0.200101 0.653949 34.001084 0.000000
0.220112 0.634063 34.000857 0.000000
0.240122 0.644810 34.000494 0.000000
0.260132 0.636189 34.006214 0.000000
0.280142 0.630871 34.004318 0.000000
0.300152 0.640963 34.000000 0.000000
0.320162 0.637593 34.000000 0.000000
0.340172 0.640415 34.000000 0.000000
0.360183 0.639588 34.000000 0.000000
0.380193 0.631260 33.998498 0.000000
0.400203 0.632121 34.000000 0.000000
0.420213 0.637196 34.000468 0.000000
0.440223 0.622608 34.000000 0.000000
0.460233 0.637787 34.000000 0.000000
0.480243 0.631090 34.000773 0.000000
0.500254 0.637494 34.000000 0.000000
0.520264 0.639972 34.000000 0.000000
0.540274 0.630111 34.000000 0.000000
0.560284 0.653741 34.000000 0.000000
0.580294 0.635165 34.000000 0.000000
0.600304 0.631901 33.998481 0.000000
0.620314 0.650169 33.998462 0.000000
0.640325 0.622514 33.999612 0.000000
0.660335 0.639444 33.999456 0.000000
0.680345 0.637229 34.000000 0.000000
0.700355 0.623170 34.000000 0.000000
0.720365 0.635868 34.000000 0.000000
0.740375 0.636264 34.000000 0.000000
0.760385 0.617695 34.000000 0.000000
0.780396 0.654193 34.000000 0.000000
0.800406 0.620520 33.996923 0.000000
0.820416 0.634463 34.000000 0.000000
0.840426 0.637186 34.000548 0.000000
0.860436 0.630160 34.000000 0.000000
0.880446 0.648314 34.000000 0.000000
0.900456 0.626989 34.000127 0.000000
0.920467 0.634829 34.000000 0.000000
0.940477 0.631370 34.000000 0.000000
0.960487 0.621646 34.000000 0.000000
0.980497 0.634428 34.000000 0.000000
1.000507 0.638553 34.000000 0.000000
1.020517 0.639259 34.000766 0.000000
1.040528 0.649598 33.995165 0.000000
1.060538 0.625985 33.994915 0.000000
1.080548 0.631787 34.000000 0.000000
1.100558 0.645487 34.000000 0.000000
1.120568 0.634788 33.997600 0.000000
1.140578 0.649596 33.998957 0.000000
1.160588 0.639705 34.000000 0.000000
1.180599 0.641884 34.000000 0.000000
1.200609 0.646250 34.000000 0.000000
1.220619 0.634944 34.000000 0.000000
1.240629 0.650932 34.000000 0.000000
1.260639 0.640187 34.000000 0.000000
1.280649 0.629874 34.000000 0.000000
1.300659 0.644253 34.000000 0.000000
1.320670 0.634392 34.000000 0.000000
1.340680 0.644624 34.000000 0.000000
1.360690 0.643857 34.000000 0.000000
1.380700 0.644288 33.998495 0.000000
1.400710 0.644546 33.997222 0.000000
1.420720 0.624653 34.000000 0.000000
1.440730 0.637474 34.000000 0.000000
1.460741 0.630454 34.000000 0.000000
1.480751 0.629643 33.999306 0.000000
1.500761 0.644773 34.000000 0.000000
1.520771 0.619544 34.000396 0.000000
1.540781 0.631994 33.999697 0.000000
1.560791 0.642535 34.000000 0.000000
1.580801 0.640621 34.000000 0.000000
1.600812 0.639903 34.000000 0.000000
1.620822 0.642383 34.000000 0.000000
1.640832 0.638412 34.000000 0.000000
1.660842 0.649090 33.999452 0.000000
1.680852 0.629221 34.000000 0.000000
1.700862 0.637932 34.000000 0.000000
1.720872 0.633351 34.000000 0.000000
1.740883 0.642932 34.000000 0.000000
1.760893 0.641013 34.000000 0.000000
1.780903 0.632662 34.000262 0.000000
1.800913 0.628770 34.000000 0.000000
1.820923 0.632753 34.000000 0.000000
1.840933 0.641845 34.000000 0.000000
1.860943 0.654865 34.000000 0.000000
1.880954 0.650338 34.000000 0.000000
1.900964 0.647973 33.999562 0.000000
1.920974 0.649956 34.000000 0.000000
1.940984 0.636663 34.000000 0.000000
1.960994 0.646230 34.000000 0.000000
1.981004 0.639251 34.000000 0.000000
2.001014 0.638904 34.000000 0.000000
2.021025 0.643192 34.000000 0.000000
2.041035 0.634381 34.000000 0.000000
2.061045 0.642519 34.000000 0.000000
2.081055 0.656290 34.000000 0.000000
2.101065 0.637602 34.000000 0.000000
2.121075 0.651821 34.000000 0.000000
2.141085 0.613399 34.000000 0.000000
2.161096 0.506085 34.000000 0.000000
2.181106 0.612095 33.996316 0.000000
2.201116 0.606236 33.998763 0.000000
2.221126 0.637400 34.000000 0.000000
2.241136 0.617063 33.999692 0.000000
2.261146 0.620267 34.000000 0.000000
2.281156 0.644770 34.000000 0.000000
2.301167 0.639842 33.997978 0.000000
2.321177 0.652267 33.999612 0.000000
2.341187 0.644778 34.000000 0.000000
2.361197 0.647160 34.000000 0.000000
2.381207 0.649345 34.000000 0.000000
2.401217 0.637932 34.000000 0.000000
2.421227 0.646899 34.000000 0.000000
2.441238 0.637987 34.000000 0.000000
2.461248 0.647033 34.000000 0.000000
2.481258 0.656244 33.999442 0.000000
2.501268 0.645889 33.996774 0.000000
2.521278 0.638779 33.997196 0.000000
2.541288 0.660359 34.000000 0.000000
2.561298 0.652534 34.000000 0.000000
2.581309 0.648512 34.000000 0.000000
2.601319 0.659372 34.000000 0.000000
2.621329 0.649691 34.000000 0.000000
2.641339 0.645138 33.998435 0.000000
2.661349 0.651415 33.999870 0.000000
2.681359 0.656739 34.000000 0.000000
2.701369 0.667840 34.000000 0.000000
2.721380 0.648826 34.000000 0.000000
2.741390 0.670082 34.000000 0.000000
2.761400 0.664218 34.000000 0.000000
2.781410 0.660819 34.000000 0.000000
2.801420 0.670303 34.000000 0.000000
2.821430 0.656702 34.000185 0.000000
2.841440 0.658450 34.000000 0.000000
2.861451 0.671323 34.000000 0.000000
2.881461 0.654487 34.000000 0.000000
2.901471 0.671791 34.000000 0.000000
2.921481 0.661811 34.000000 0.000000
2.941491 0.669041 34.000766 0.000000
2.961501 0.679889 34.000000 0.000000
2.981511 0.661806 33.997383 0.000000
3.001522 0.663982 33.996994 0.000000
3.021532 0.675596 34.000000 0.000000
3.041542 0.668010 33.997209 0.000000
3.061552 0.683989 33.998545 0.000000
3.081562 0.663571 34.000582 0.000000
3.101572 0.661669 33.999322 0.000000
3.121583 0.666966 34.000000 0.000000
3.141593 0.667564 34.000000 0.000000
3.161603 0.666053 34.000000 0.000000
3.181613 0.669016 34.000000 0.000000
3.201623 0.672930 34.000000 0.000000
3.221633 0.672902 34.000000 0.000000
3.241643 0.661256 34.000000 0.000000
3.261654 0.669046 33.999763 0.000000
3.281664 0.666952 34.000000 0.000000
3.301674 0.670729 34.000000 0.000000
3.321684 0.670705 34.000000 0.000000
3.341694 0.669267 34.000000 0.000000
3.361704 0.692979 34.000000 0.000000
3.381714 0.685815 34.000000 0.000000
3.401725 0.678719 34.000000 0.000000
3.421735 0.690761 34.000000 0.000000
3.441745 0.674980 34.000000 0.000000
3.461755 0.680829 34.000000 0.000000
3.481765 0.686208 34.000000 0.000000
3.501775 0.685617 34.000000 0.000000
3.521785 0.685068 34.000000 0.000000
3.541796 0.678334 34.000000 0.000000
3.561806 0.683768 34.000000 0.000000
3.581816 0.692140 34.000000 0.000000
3.601826 0.680122 33.999502 0.000000
3.621836 0.689866 34.000000 0.000000
3.641846 0.679484 34.000241 0.000000
3.661856 0.672896 34.000000 0.000000
3.681867 0.686923 34.000567 0.000000
3.701877 0.679511 34.000000 0.000000
3.721887 0.683055 34.000000 0.000000
3.741897 0.649730 34.000000 0.000000
3.761907 0.661739 34.000000 0.000000
3.781917 0.683013 34.000000 0.000000
3.801927 0.683410 34.000000 0.000000
3.821938 0.675240 33.999496 0.000000
3.841948 0.685822 34.000000 0.000000
3.861958 0.679070 34.000000 0.000000
3.881968 0.686948 34.000000 0.000000
3.901978 0.687101 34.000000 0.000000
3.921988 0.681325 34.000000 0.000000
3.941998 0.687119 34.000000 0.000000
3.962009 0.682700 34.000000 0.000000
3.982019 0.673057 34.000000 0.000000
4.002029 0.669364 33.999055 0.000000
4.022039 0.682446 34.000000 0.000000
4.042049 0.693326 34.000000 0.000000
4.062059 0.681868 34.000000 0.000000
4.082069 0.691566 34.000000 0.000000
4.102080 0.673707 34.000000 0.000000
4.122090 0.690144 34.000000 0.000000
4.142100 0.696657 34.000000 0.000000
4.162110 0.686376 34.000000 0.000000
4.182120 0.679902 34.000000 0.000000
4.202130 0.698826 34.000000 0.000000
4.222140 0.681056 34.000000 0.000000
4.242151 0.676722 34.000000 0.000000
4.262161 0.691671 34.000000 0.000000
4.282171 0.671262 34.000000 0.000000
4.302181 0.676873 34.000000 0.000000
4.322191 0.688938 34.000000 0.000000
4.342201 0.685030 34.000000 0.000000
4.362211 0.687464 34.000000 0.000000
4.382222 0.675762 34.000112 0.000000
4.402232 0.686924 34.002256 0.000000
4.422242 0.650399 34.000126 0.000000
4.442252 0.671642 34.000000 0.000000
4.462262 0.671206 33.999745 0.000000
4.482272 0.682269 34.000000 0.000000
4.502282 0.683414 34.000000 0.000000
4.522293 0.682931 34.000000 0.000000
4.542303 0.681410 34.000000 0.000000
4.562313 0.660787 34.000000 0.000000
4.582323 0.678851 34.000000 0.000000
4.602333 0.686694 34.000351 0.000000
4.622343 0.686399 34.000000 0.000000
4.642353 0.661304 34.000000 0.000000
4.662364 0.674725 33.999394 0.000000
4.682374 0.676789 33.999010 0.000000
4.702384 0.657579 33.999616 0.000000
4.722394 0.671861 34.000000 0.000000
4.742404 0.660019 34.000000 0.000000
4.762414 0.666628 34.000000 0.000000
4.782424 0.669002 34.001011 0.000000
4.802435 0.661339 34.000523 0.000000
4.822445 0.674053 34.000000 0.000000
4.842455 0.666780 34.000000 0.000000
4.862465 0.648575 33.999675 0.000000
4.882475 0.675308 34.000000 0.000000
4.902485 0.667270 34.000000 0.000000
4.922495 0.664103 34.000000 0.000000
4.942506 0.654533 34.000000 0.000000
4.962516 0.663406 34.000000 0.000000
4.982526 0.669975 34.000000 0.000000
5.002536 0.669017 34.000000 0.000000
5.022546 0.677647 34.000000 0.000000
5.042556 0.664451 34.000000 0.000000
5.062567 0.658073 34.000000 0.000000
5.082577 0.680396 34.000000 0.000000
5.102587 0.666300 34.000000 0.000000
5.122597 0.659597 34.000000 0.000000
5.142607 0.676421 34.000000 0.000000
5.162617 0.659088 34.003308 0.000000
5.182627 0.663737 34.005970 0.000000
5.202638 0.649391 34.002095 0.000000
5.222648 0.661580 34.000000 0.000000
5.242658 0.668111 34.000000 0.000000
5.262668 0.662307 34.000000 0.000000
5.282678 0.665277 34.000000 0.000000
5.302688 0.657935 33.999661 0.000000
5.322698 0.665350 34.000000 0.000000
5.342709 0.661824 34.000258 0.000000
5.362719 0.659475 34.003099 0.000000
5.382729 0.657509 34.000402 0.000000
5.402739 0.660303 34.000000 0.000000
5.422749 0.647969 33.999471 0.000000
5.442759 0.643686 34.000000 0.000000
5.462769 0.660576 34.000000 0.000000
5.482780 0.660368 34.000000 0.000000
5.502790 0.659048 34.000000 0.000000
5.522800 0.652470 34.000000 0.000000
5.542810 0.660467 34.000000 0.000000
5.562820 0.662227 34.000000 0.000000
5.582830 0.648463 34.000000 0.000000
5.602840 0.660675 34.000000 0.000000
5.622851 0.653717 34.000000 0.000000
5.642861 0.662598 34.000000 0.000000
5.662871 0.664445 34.000000 0.000000
5.682881 0.662098 34.000000 0.000000
5.702891 0.661891 34.000000 0.000000
5.722901 0.647313 34.000000 0.000000
5.742911 0.654276 34.000000 0.000000
5.762922 0.660473 34.000000 0.000000
5.782932 0.639008 33.999020 0.000000
5.802942 0.654578 33.996364 0.000000
5.822952 0.663204 33.999583 0.000000
5.842962 0.661518 34.000000 0.000000
5.862972 0.661447 34.000000 0.000000
5.882982 0.642955 33.999851 0.000000
5.902993 0.653827 34.000000 0.000000
5.923003 0.654179 34.000000 0.000000
5.943013 0.641692 34.000000 0.000000
5.963023 0.649650 33.998649 0.000000
5.983033 0.650022 34.000000 0.000000
6.003043 0.659248 34.000000 0.000000
6.023053 0.643583 33.999742 0.000000
6.043064 0.635918 33.999826 0.000000
6.063074 0.650816 34.000000 0.000000
6.083084 0.640425 34.000000 0.000000
6.103094 0.646793 34.000000 0.000000
6.123104 0.652050 34.000000 0.000000
6.143114 0.635510 34.000000 0.000000
6.163124 0.640470 34.000000 0.000000
6.183135 0.643195 34.000000 0.000000
6.203145 0.639064 33.999735 0.000000
6.223155 0.649391 34.000000 0.000000
6.243165 0.636661 34.000000 0.000000
6.263175 0.637839 33.999640 0.000000
