serial number: JANUSZ_3_RI80_21414853
torque: 16
start_temp: 30 (35)
finish_temp: 30 (34)
note: zdjęty z robota, soft oryginalny, oś 1
0.000000 0.367117 30.000000 0.000000
0.020010 0.374900 30.000000 0.000000
0.040020 0.372174 30.000000 0.000000
0.060030 0.370706 30.000000 0.000000
0.080041 0.375351 30.000000 0.000000
0.100051 0.365730 30.000000 0.000000
0.120061 0.374308 30.000000 0.000000
0.140071 0.375668 30.000000 0.000000
0.160081 0.368501 30.000000 0.000000
0.180091 0.375054 30.000000 0.000000
0.200101 0.370220 30.000000 0.000000
0.220112 0.377476 30.000000 0.000000
0.240122 0.378820 30.000000 0.000000
0.260132 0.369399 30.000000 0.000000
0.280142 0.377851 30.000000 0.000000
0.300152 0.374074 30.000000 0.000000
0.320162 0.374840 30.000000 0.000000
0.340172 0.376922 30.000000 0.000000
0.360183 0.368316 30.000000 0.000000
0.380193 0.376788 30.000000 0.000000
0.400203 0.376149 30.000000 0.000000
0.420213 0.371254 30.000000 0.000000
0.440223 0.376083 30.000000 0.000000
0.460233 0.369585 30.000000 0.000000
0.480243 0.376820 30.000000 0.000000
0.500254 0.376989 30.000000 0.000000
0.520264 0.366006 30.000000 0.000000
0.540274 0.375113 30.000000 0.000000
0.560284 0.370694 30.000000 0.000000
0.580294 0.374077 30.000000 0.000000
0.600304 0.376899 30.000000 0.000000
0.620314 0.369029 30.000000 0.000000
0.640325 0.378751 30.000000 0.000000
0.660335 0.375485 30.000000 0.000000
0.680345 0.372083 30.000000 0.000000
0.700355 0.379436 30.000000 0.000000
0.720365 0.372743 30.000000 0.000000
0.740375 0.381815 30.000000 0.000000
0.760385 0.379803 30.000000 0.000000
0.780396 0.371041 30.000000 0.000000
0.800406 0.381196 30.000000 0.000000
0.820416 0.374209 30.000000 0.000000
0.840426 0.377289 30.000000 0.000000
0.860436 0.378755 30.000000 0.000000
0.880446 0.369699 30.000000 0.000000
0.900456 0.380529 30.000000 0.000000
0.920467 0.375549 30.000000 0.000000
0.940477 0.371011 30.000000 0.000000
0.960487 0.377516 30.000000 0.000000
0.980497 0.369694 30.000000 0.000000
1.000507 0.377992 30.000000 0.000000
1.020517 0.375288 30.000000 0.000000
1.040528 0.368739 30.000000 0.000000
1.060538 0.380054 30.000000 0.000000
1.080548 0.372268 30.000000 0.000000
1.100558 0.375497 30.000000 0.000000
1.120568 0.376829 30.000000 0.000000
1.140578 0.369372 30.000000 0.000000
1.160588 0.380011 30.000000 0.000000
1.180599 0.373392 30.000000 0.000000
1.200609 0.370274 30.000000 0.000000
1.220619 0.376891 30.000000 0.000000
1.240629 0.369325 30.000000 0.000000
1.260639 0.377690 30.000000 0.000000
1.280649 0.373090 30.000000 0.000000
1.300659 0.365348 30.000000 0.000000
1.320670 0.375344 30.000000 0.000000
1.340680 0.366403 30.000000 0.000000
1.360690 0.368972 30.000000 0.000000
1.380700 0.371955 30.000000 0.000000
1.400710 0.363929 30.000000 0.000000
1.420720 0.374400 30.000000 0.000000
1.440730 0.367041 30.000000 0.000000
1.460741 0.365741 30.000000 0.000000
1.480751 0.374059 30.000000 0.000000
1.500761 0.365360 30.000000 0.000000
1.520771 0.372875 30.000000 0.000000
1.540781 0.369421 30.000000 0.000000
1.560791 0.363754 30.000000 0.000000
1.580801 0.373307 30.000000 0.000000
1.600812 0.363574 30.000000 0.000000
1.620822 0.365863 30.000000 0.000000
1.640832 0.368087 30.000000 0.000000
1.660842 0.359649 30.000000 0.000000
1.680852 0.369823 30.000000 0.000000
1.700862 0.361845 30.000000 0.000000
1.720872 0.361720 30.000000 0.000000
1.740883 0.368953 30.000000 0.000000
1.760893 0.360952 30.000000 0.000000
1.780903 0.366818 30.000000 0.000000
1.800913 0.363168 30.000000 0.000000
1.820923 0.361004 30.000000 0.000000
1.840933 0.369738 30.000000 0.000000
1.860943 0.359940 30.000000 0.000000
1.880954 0.362771 30.000000 0.000000
1.900964 0.364327 30.000000 0.000000
1.920974 0.360054 30.000000 0.000000
1.940984 0.367373 30.000000 0.000000
1.960994 0.359713 30.000000 0.000000
1.981004 0.360559 30.000000 0.000000
2.001014 0.366601 30.000000 0.000000
2.021025 0.359142 30.000000 0.000000
2.041035 0.364464 30.000000 0.000000
2.061045 0.360407 30.000000 0.000000
2.081055 0.358180 30.000000 0.000000
2.101065 0.365645 30.000000 0.000000
2.121075 0.354143 30.000000 0.000000
2.141085 0.357915 30.000000 0.000000
2.161096 0.360702 30.000000 0.000000
2.181106 0.356201 30.000000 0.000000
2.201116 0.363692 30.000000 0.000000
2.221126 0.354322 30.000000 0.000000
2.241136 0.356903 30.000000 0.000000
2.261146 0.362748 30.000000 0.000000
2.281156 0.355038 30.000000 0.000000
2.301167 0.360345 30.000000 0.000000
2.321177 0.356671 30.000000 0.000000
2.341187 0.356635 30.000000 0.000000
2.361197 0.363186 30.000000 0.000000
2.381207 0.352653 30.000000 0.000000
2.401217 0.358156 30.000000 0.000000
2.421227 0.359792 30.000000 0.000000
2.441238 0.355740 30.000000 0.000000
2.461248 0.361539 30.000000 0.000000
2.481258 0.353721 30.000000 0.000000
2.501268 0.358845 30.000000 0.000000
2.521278 0.363132 30.000000 0.000000
2.541288 0.353310 30.000000 0.000000
2.561298 0.358755 30.000000 0.000000
2.581309 0.357459 30.000000 0.000000
2.601319 0.358793 30.000000 0.000000
2.621329 0.364363 30.000000 0.000000
2.641339 0.354504 30.000000 0.000000
2.661349 0.359468 30.000000 0.000000
2.681359 0.359572 30.000000 0.000000
2.701369 0.355035 30.000000 0.000000
2.721380 0.360108 30.000000 0.000000
2.741390 0.352875 30.000000 0.000000
2.761400 0.359186 30.000000 0.000000
2.781410 0.361960 30.000000 0.000000
2.801420 0.352527 30.000000 0.000000
2.821430 0.359645 30.000000 0.000000
2.841440 0.356148 30.000000 0.000000
2.861451 0.358867 30.000000 0.000000
2.881461 0.361815 30.000000 0.000000
2.901471 0.351688 30.000000 0.000000
2.921481 0.359466 30.000000 0.000000
2.941491 0.360286 30.000000 0.000000
2.961501 0.357325 30.000000 0.000000
2.981511 0.362628 30.000000 0.000000
3.001522 0.356759 30.000000 0.000000
3.021532 0.364621 30.000000 0.000000
3.041542 0.367175 30.000000 0.000000
3.061552 0.358103 30.000000 0.000000
3.081562 0.366785 30.000000 0.000000
3.101572 0.363440 30.000000 0.000000
3.121583 0.365081 30.000000 0.000000
3.141593 0.366692 30.000000 0.000000
3.161603 0.355957 30.000000 0.000000
3.181613 0.365509 30.000000 0.000000
3.201623 0.364001 30.000000 0.000000
3.221633 0.357572 30.000000 0.000000
3.241643 0.363203 30.000000 0.000000
3.261654 0.357537 30.000000 0.000000
3.281664 0.366432 30.000000 0.000000
3.301674 0.367392 30.000000 0.000000
3.321684 0.357315 30.000000 0.000000
3.341694 0.365520 30.000000 0.000000
3.361704 0.362059 30.000000 0.000000
3.381714 0.366278 30.000000 0.000000
3.401725 0.367627 30.000000 0.000000
3.421735 0.357164 30.000000 0.000000
3.441745 0.366178 30.000000 0.000000
3.461755 0.364819 30.000000 0.000000
3.481765 0.360078 30.000000 0.000000
3.501775 0.366361 30.000000 0.000000
3.521785 0.359958 30.000000 0.000000
3.541796 0.367114 30.000000 0.000000
3.561806 0.367333 30.000000 0.000000
3.581816 0.360897 30.000000 0.000000
3.601826 0.371284 30.000000 0.000000
3.621836 0.366789 30.000000 0.000000
3.641846 0.369579 30.000000 0.000000
3.661856 0.370806 30.000000 0.000000
3.681867 0.363116 30.000000 0.000000
3.701877 0.372772 30.000000 0.000000
3.721887 0.369350 30.000000 0.000000
3.741897 0.362779 30.000000 0.000000
3.761907 0.369549 30.000000 0.000000
3.781917 0.362700 30.000000 0.000000
3.801927 0.371232 30.000000 0.000000
3.821938 0.370136 30.000000 0.000000
3.841948 0.362280 30.000000 0.000000
3.861958 0.372610 30.000000 0.000000
3.881968 0.366454 30.000000 0.000000
3.901978 0.366693 30.000000 0.000000
3.921988 0.369447 30.000000 0.000000
3.941998 0.361637 30.000000 0.000000
3.962009 0.372624 30.000000 0.000000
3.982019 0.367976 30.000000 0.000000
4.002029 0.364030 30.000000 0.000000
4.022039 0.371061 30.000000 0.000000
4.042049 0.364021 30.000000 0.000000
4.062059 0.371958 30.000000 0.000000
4.082069 0.369821 30.000000 0.000000
4.102080 0.364490 30.000000 0.000000
4.122090 0.375084 30.000000 0.000000
4.142100 0.368274 30.000000 0.000000
4.162110 0.368449 30.000000 0.000000
4.182120 0.371884 30.000000 0.000000
4.202130 0.364986 30.000000 0.000000
4.222140 0.374864 30.000000 0.000000
4.242151 0.369315 30.000000 0.000000
4.262161 0.365730 30.000000 0.000000
4.282171 0.373581 30.000000 0.000000
4.302181 0.365774 30.000000 0.000000
4.322191 0.371683 30.000000 0.000000
4.342201 0.370504 30.000000 0.000000
4.362211 0.365239 30.000000 0.000000
4.382222 0.375666 30.000000 0.000000
4.402232 0.367863 30.000000 0.000000
4.422242 0.368917 30.000000 0.000000
4.442252 0.373434 30.000000 0.000000
4.462262 0.364402 30.000000 0.000000
4.482272 0.373207 30.000000 0.000000
4.502282 0.367868 30.000000 0.000000
4.522293 0.364699 30.000000 0.000000
4.542303 0.373751 30.000000 0.000000
4.562313 0.364845 30.000000 0.000000
4.582323 0.370867 30.000000 0.000000
4.602333 0.372511 30.000000 0.000000
4.622343 0.366472 30.000000 0.000000
4.642353 0.379364 30.000000 0.000000
4.662364 0.371572 30.000000 0.000000
4.682374 0.371546 30.000000 0.000000
4.702384 0.377568 30.000000 0.000000
4.722394 0.367313 30.000000 0.000000
4.742404 0.376456 30.000000 0.000000
4.762414 0.372619 30.000000 0.000000
4.782424 0.369668 30.000000 0.000000
4.802435 0.379116 30.000000 0.000000
4.822445 0.369011 30.000000 0.000000
4.842455 0.373970 30.000000 0.000000
4.862465 0.375846 30.000000 0.000000
4.882475 0.370941 30.000000 0.000000
4.902485 0.382062 30.000000 0.000000
4.922495 0.373180 30.000000 0.000000
4.942506 0.374905 30.000000 0.000000
4.962516 0.381331 30.000000 0.000000
4.982526 0.371380 30.000000 0.000000
5.002536 0.377710 30.000000 0.000000
5.022546 0.374055 30.000000 0.000000
5.042556 0.373116 30.000000 0.000000
5.062567 0.383052 30.000000 0.000000
5.082577 0.370888 30.000000 0.000000
5.102587 0.375139 30.000000 0.000000
5.122597 0.378852 30.000000 0.000000
5.142607 0.372208 30.000000 0.000000
5.162617 0.381630 30.000000 0.000000
5.182627 0.373112 30.000000 0.000000
5.202638 0.373592 30.000000 0.000000
5.222648 0.381140 30.000000 0.000000
5.242658 0.369845 30.000000 0.000000
5.262668 0.375916 30.000000 0.000000
5.282678 0.373503 30.000000 0.000000
5.302688 0.370185 30.000000 0.000000
5.322698 0.380888 30.000000 0.000000
5.342709 0.368530 30.000000 0.000000
5.362719 0.374405 30.000000 0.000000
5.382729 0.378661 30.000000 0.000000
5.402739 0.369833 30.000000 0.000000
5.422749 0.378829 30.000000 0.000000
5.442759 0.369306 30.000000 0.000000
5.462769 0.369683 30.000000 0.000000
5.482780 0.378120 30.000000 0.000000
5.502790 0.366754 30.000000 0.000000
5.522800 0.374836 30.000000 0.000000
5.542810 0.373380 30.000000 0.000000
5.562820 0.369785 30.000000 0.000000
5.582830 0.379159 30.000000 0.000000
5.602840 0.368604 30.000000 0.000000
5.622851 0.375101 30.000000 0.000000
5.642861 0.377478 30.000000 0.000000
5.662871 0.368233 30.000000 0.000000
5.682881 0.375181 30.000000 0.000000
5.702891 0.368740 30.000000 0.000000
5.722901 0.372140 30.000000 0.000000
5.742911 0.378875 30.000000 0.000000
5.762922 0.368093 30.000000 0.000000
5.782932 0.375059 30.000000 0.000000
5.802942 0.373657 30.000000 0.000000
5.822952 0.372073 30.000000 0.000000
5.842962 0.378880 30.000000 0.000000
5.862972 0.366682 30.000000 0.000000
5.882982 0.372332 30.000000 0.000000
5.902993 0.376121 30.000000 0.000000
5.923003 0.368447 30.000000 0.000000
5.943013 0.374882 30.000000 0.000000
5.963023 0.368612 30.000000 0.000000
5.983033 0.371910 30.000000 0.000000
6.003043 0.377285 30.000000 0.000000
6.023053 0.365196 30.000000 0.000000
6.043064 0.372675 30.000000 0.000000
6.063074 0.371443 30.000000 0.000000
6.083084 0.371195 30.000000 0.000000
6.103094 0.377188 30.000000 0.000000
6.123104 0.367446 30.000000 0.000000
6.143114 0.374409 30.000000 0.000000
6.163124 0.376580 30.000000 0.000000
6.183135 0.368982 30.000000 0.000000
6.203145 0.376248 30.000000 0.000000
6.223155 0.370678 30.000000 0.000000
6.243165 0.375873 30.000000 0.000000
6.263175 0.379549 30.000000 0.000000
