serial number: JANUSZ_3_RI80_21414853
torque: 16
start_temp: 26 (28)
finish_temp: 26 (29)
note: firmware Lukasza nie ma interpolacji
0.000000 0.469565 26.000000 0.000000
0.020010 0.485910 26.000000 0.000000
0.040020 0.476706 26.000000 0.000000
0.060030 0.476622 26.000000 0.000000
0.080041 0.485398 26.000000 0.000000
0.100051 0.467431 26.000000 0.000000
0.120061 0.481573 26.000000 0.000000
0.140071 0.478569 26.000000 0.000000
0.160081 0.470501 26.000000 0.000000
0.180091 0.483551 26.000000 0.000000
0.200101 0.468894 26.000000 0.000000
0.220112 0.477432 26.000000 0.000000
0.240122 0.478789 26.000000 0.000000
0.260132 0.465249 26.000000 0.000000
0.280142 0.480766 26.000000 0.000000
0.300152 0.471266 26.000000 0.000000
0.320162 0.470113 26.000000 0.000000
0.340172 0.477994 26.000000 0.000000
0.360183 0.461901 26.000000 0.000000
0.380193 0.475913 26.000000 0.000000
0.400203 0.469839 26.000000 0.000000
0.420213 0.463742 26.000000 0.000000
0.440223 0.477020 26.000000 0.000000
0.460233 0.461105 26.000000 0.000000
0.480243 0.470651 26.000000 0.000000
0.500254 0.470878 26.000000 0.000000
0.520264 0.457361 26.000000 0.000000
0.540274 0.474580 26.000000 0.000000
0.560284 0.461187 26.000000 0.000000
0.580294 0.463877 26.000000 0.000000
0.600304 0.472329 26.000000 0.000000
0.620314 0.454051 26.000000 0.000000
0.640325 0.468781 26.000000 0.000000
0.660335 0.462087 26.000000 0.000000
0.680345 0.456451 26.000000 0.000000
0.700355 0.470099 26.000000 0.000000
0.720365 0.452879 26.000000 0.000000
0.740375 0.463176 26.000000 0.000000
0.760385 0.462740 26.000000 0.000000
0.780396 0.450323 26.000000 0.000000
0.800406 0.466604 26.000000 0.000000
0.820416 0.452630 26.000000 0.000000
0.840426 0.455941 26.000000 0.000000
0.860436 0.462388 26.000000 0.000000
0.880446 0.444701 26.000000 0.000000
0.900456 0.460363 26.000000 0.000000
0.920467 0.450916 26.000000 0.000000
0.940477 0.446793 26.000000 0.000000
0.960487 0.461144 26.000000 0.000000
0.980497 0.442485 26.000000 0.000000
1.000507 0.453543 26.000000 0.000000
1.020517 0.453303 26.000000 0.000000
1.040528 0.440678 26.000000 0.000000
1.060538 0.458752 26.000000 0.000000
1.080548 0.443073 26.000000 0.000000
1.100558 0.446528 26.000000 0.000000
1.120568 0.456273 26.000000 0.000000
1.140578 0.437252 26.000000 0.000000
1.160588 0.453301 26.000000 0.000000
1.180599 0.445509 26.000000 0.000000
1.200609 0.439450 26.000000 0.000000
1.220619 0.456554 26.000000 0.000000
1.240629 0.437029 26.000000 0.000000
1.260639 0.448076 26.000000 0.000000
1.280649 0.449615 26.000000 0.000000
1.300659 0.435987 26.000000 0.000000
1.320670 0.454179 26.000000 0.000000
1.340680 0.438324 26.000000 0.000000
1.360690 0.442755 26.000000 0.000000
1.380700 0.452459 26.000000 0.000000
1.400710 0.433299 26.000000 0.000000
1.420720 0.449474 26.000000 0.000000
1.440730 0.441513 26.000000 0.000000
1.460741 0.436536 26.000000 0.000000
1.480751 0.453288 26.000000 0.000000
1.500761 0.431902 26.000000 0.000000
1.520771 0.444487 26.000000 0.000000
1.540781 0.445840 26.000000 0.000000
1.560791 0.432316 26.000000 0.000000
1.580801 0.451177 26.000000 0.000000
1.600812 0.435121 26.000000 0.000000
1.620822 0.439253 26.000000 0.000000
1.640832 0.451323 26.000000 0.000000
1.660842 0.430711 26.000000 0.000000
1.680852 0.448459 26.000000 0.000000
1.700862 0.440257 26.000000 0.000000
1.720872 0.435000 26.000000 0.000000
1.740883 0.452845 26.000000 0.000000
1.760893 0.431441 26.000000 0.000000
1.780903 0.444314 26.000000 0.000000
1.800913 0.446203 26.000000 0.000000
1.820923 0.432805 26.000000 0.000000
1.840933 0.451643 26.000000 0.000000
1.860943 0.435836 26.000000 0.000000
1.880954 0.441072 26.000000 0.000000
1.900964 0.451282 26.000000 0.000000
1.920974 0.431649 26.000000 0.000000
1.940984 0.448622 26.000000 0.000000
1.960994 0.440849 26.000000 0.000000
1.981004 0.435915 26.000000 0.000000
2.001014 0.453694 26.000000 0.000000
2.021025 0.431294 26.000000 0.000000
2.041035 0.445038 26.000000 0.000000
2.061045 0.447672 26.000000 0.000000
2.081055 0.434404 26.000000 0.000000
2.101065 0.454225 26.000000 0.000000
2.121075 0.436166 26.000000 0.000000
2.141085 0.442207 26.000000 0.000000
2.161096 0.454233 26.000000 0.000000
2.181106 0.433415 26.000000 0.000000
2.201116 0.451601 26.000000 0.000000
2.221126 0.443432 26.000000 0.000000
2.241136 0.439900 26.000000 0.000000
2.261146 0.457748 26.000000 0.000000
2.281156 0.435192 26.000000 0.000000
2.301167 0.448873 26.000000 0.000000
2.321177 0.452434 26.000000 0.000000
2.341187 0.437870 26.000000 0.000000
2.361197 0.456878 26.000000 0.000000
2.381207 0.440212 26.000000 0.000000
2.401217 0.445977 26.000000 0.000000
2.421227 0.456641 26.000000 0.000000
2.441238 0.435695 26.000000 0.000000
2.461248 0.453735 26.000000 0.000000
2.481258 0.446315 26.000000 0.000000
2.501268 0.443149 26.000000 0.000000
2.521278 0.459766 26.000000 0.000000
2.541288 0.436295 26.000000 0.000000
2.561298 0.452399 26.000000 0.000000
2.581309 0.454665 26.000000 0.000000
2.601319 0.441414 26.000000 0.000000
2.621329 0.461237 26.000000 0.000000
2.641339 0.443419 26.000000 0.000000
2.661349 0.450805 26.000000 0.000000
2.681359 0.462047 26.000000 0.000000
2.701369 0.439911 26.000000 0.000000
2.721380 0.460259 26.000000 0.000000
2.741390 0.451908 26.000000 0.000000
2.761400 0.448854 26.000000 0.000000
2.781410 0.465920 26.000000 0.000000
2.801420 0.443784 26.000000 0.000000
2.821430 0.459237 26.000000 0.000000
2.841440 0.460733 26.000000 0.000000
2.861451 0.448191 26.000000 0.000000
2.881461 0.466346 26.000000 0.000000
2.901471 0.449347 26.000000 0.000000
2.921481 0.458026 26.000000 0.000000
2.941491 0.467210 26.000000 0.000000
2.961501 0.447850 26.000000 0.000000
2.981511 0.466557 26.000000 0.000000
3.001522 0.457845 26.000000 0.000000
3.021532 0.456346 26.000000 0.000000
3.041542 0.472294 26.000000 0.000000
3.061552 0.450494 26.000000 0.000000
3.081562 0.466923 26.000000 0.000000
3.101572 0.467286 26.000000 0.000000
3.121583 0.455635 26.000000 0.000000
3.141593 0.474549 26.000000 0.000000
3.161603 0.457269 26.000000 0.000000
3.181613 0.466345 26.000000 0.000000
3.201623 0.475577 26.000000 0.000000
3.221633 0.455587 26.000000 0.000000
3.241643 0.476877 26.000000 0.000000
3.261654 0.466347 26.000000 0.000000
3.281664 0.464336 26.000000 0.000000
3.301674 0.480004 26.000000 0.000000
3.321684 0.457968 26.000000 0.000000
3.341694 0.475476 26.000000 0.000000
3.361704 0.476092 26.000000 0.000000
3.381714 0.439419 26.000000 0.000000
3.401725 0.425364 26.000000 0.000000
3.421735 0.440419 26.000000 0.000000
3.441745 0.460541 26.000000 0.000000
3.461755 0.473209 26.000000 0.000000
3.481765 0.458034 26.000000 0.000000
3.501775 0.478988 26.000000 0.000000
3.521785 0.469570 26.000000 0.000000
3.541796 0.470166 26.000000 0.000000
3.561806 0.483606 26.000000 0.000000
3.581816 0.464211 26.000000 0.000000
3.601826 0.482107 26.000000 0.000000
3.621836 0.481011 26.000000 0.000000
3.641846 0.471532 26.000000 0.000000
3.661856 0.490482 26.000000 0.000000
3.681867 0.473171 26.000000 0.000000
3.701877 0.482249 26.000000 0.000000
3.721887 0.489159 26.000000 0.000000
3.741897 0.472107 26.000000 0.000000
3.761907 0.492238 26.000000 0.000000
3.781917 0.480394 26.000000 0.000000
3.801927 0.480695 26.000000 0.000000
3.821938 0.493378 26.000000 0.000000
3.841948 0.475104 26.000000 0.000000
3.861958 0.491535 26.000000 0.000000
3.881968 0.489415 26.000000 0.000000
3.901978 0.480950 26.000000 0.000000
3.921988 0.498368 26.000000 0.000000
3.941998 0.481444 26.000000 0.000000
3.962009 0.490915 26.000000 0.000000
3.982019 0.495636 26.000000 0.000000
4.002029 0.481815 26.000000 0.000000
4.022039 0.499406 26.000000 0.000000
4.042049 0.488208 26.000000 0.000000
4.062059 0.488583 26.000000 0.000000
4.082069 0.499418 26.000000 0.000000
4.102080 0.482435 26.000000 0.000000
4.122090 0.498667 26.000000 0.000000
4.142100 0.494988 26.000000 0.000000
4.162110 0.487340 26.000000 0.000000
4.182120 0.503665 26.000000 0.000000
4.202130 0.486654 26.000000 0.000000
4.222140 0.495864 26.000000 0.000000
4.242151 0.499130 26.000000 0.000000
4.262161 0.486232 26.000000 0.000000
4.282171 0.504908 26.000000 0.000000
4.302181 0.492149 26.000000 0.000000
4.322191 0.493066 26.000000 0.000000
4.342201 0.502052 26.000000 0.000000
4.362211 0.485733 26.000000 0.000000
4.382222 0.501445 26.000000 0.000000
4.402232 0.494884 26.000000 0.000000
4.422242 0.490914 26.000000 0.000000
4.442252 0.505693 26.000000 0.000000
4.462262 0.489222 26.000000 0.000000
4.482272 0.497998 26.000000 0.000000
4.502282 0.499042 26.000000 0.000000
4.522293 0.488933 26.000000 0.000000
4.542303 0.504684 26.000000 0.000000
4.562313 0.490559 26.000000 0.000000
4.582323 0.494521 26.000000 0.000000
4.602333 0.501618 26.000000 0.000000
4.622343 0.487707 26.000000 0.000000
4.642353 0.502543 26.000000 0.000000
4.662364 0.493389 26.000000 0.000000
4.682374 0.493262 26.000000 0.000000
4.702384 0.505382 26.000000 0.000000
4.722394 0.489095 26.000000 0.000000
4.742404 0.500033 26.000000 0.000000
4.762414 0.499171 26.000000 0.000000
4.782424 0.490425 26.000000 0.000000
4.802435 0.506809 26.000000 0.000000
4.822445 0.490659 26.000000 0.000000
4.842455 0.496941 26.000000 0.000000
4.862465 0.502676 26.000000 0.000000
4.882475 0.489433 26.000000 0.000000
4.902485 0.503375 26.000000 0.000000
4.922495 0.493603 26.000000 0.000000
4.942506 0.494738 26.000000 0.000000
4.962516 0.505828 26.000000 0.000000
4.982526 0.489122 26.000000 0.000000
5.002536 0.499468 26.000000 0.000000
5.022546 0.497706 26.000000 0.000000
5.042556 0.491515 26.000000 0.000000
5.062567 0.505426 26.000000 0.000000
5.082577 0.488379 26.000000 0.000000
5.102587 0.496128 26.000000 0.000000
5.122597 0.499517 26.000000 0.000000
5.142607 0.487340 26.000000 0.000000
5.162617 0.501669 26.000000 0.000000
5.182627 0.489844 26.000000 0.000000
5.202638 0.492217 26.000000 0.000000
5.222648 0.502145 26.000000 0.000000
5.242658 0.484994 26.000000 0.000000
5.262668 0.498803 26.000000 0.000000
5.282678 0.493933 26.000000 0.000000
5.302688 0.489080 26.000000 0.000000
5.322698 0.502363 26.000000 0.000000
5.342709 0.484254 26.000000 0.000000
5.362719 0.493750 26.000000 0.000000
5.382729 0.496343 26.000000 0.000000
5.402739 0.484934 26.000000 0.000000
5.422749 0.498533 26.000000 0.000000
5.442759 0.486479 26.000000 0.000000
5.462769 0.489625 26.000000 0.000000
5.482780 0.498985 26.000000 0.000000
5.502790 0.481218 26.000000 0.000000
5.522800 0.493893 26.000000 0.000000
5.542810 0.489374 26.000000 0.000000
5.562820 0.486225 26.000000 0.000000
5.582830 0.496963 26.000000 0.000000
5.602840 0.478846 26.000000 0.000000
5.622851 0.490446 26.000000 0.000000
5.642861 0.491390 26.000000 0.000000
5.662871 0.480582 26.000000 0.000000
5.682881 0.493761 26.000000 0.000000
5.702891 0.482227 26.000000 0.000000
5.722901 0.486237 26.000000 0.000000
5.742911 0.493440 26.000000 0.000000
5.762922 0.476952 26.000000 0.000000
5.782932 0.491155 26.000000 0.000000
5.802942 0.484651 26.000000 0.000000
5.822952 0.481811 26.000000 0.000000
5.842962 0.493082 26.000000 0.000000
5.862972 0.475325 26.000000 0.000000
5.882982 0.487236 26.000000 0.000000
5.902993 0.488230 26.000000 0.000000
5.923003 0.477300 26.000000 0.000000
5.943013 0.491024 26.000000 0.000000
5.963023 0.477898 26.000000 0.000000
5.983033 0.483812 26.000000 0.000000
6.003043 0.489788 26.000000 0.000000
6.023053 0.474250 26.000000 0.000000
6.043064 0.488187 26.000000 0.000000
6.063074 0.481678 26.000000 0.000000
6.083084 0.479846 26.000000 0.000000
6.103094 0.489631 26.000000 0.000000
6.123104 0.472830 26.000000 0.000000
6.143114 0.484936 26.000000 0.000000
6.163124 0.483980 26.000000 0.000000
6.183135 0.474461 26.000000 0.000000
6.203145 0.487218 26.000000 0.000000
6.223155 0.473594 26.000000 0.000000
6.243165 0.480067 26.000000 0.000000
6.263175 0.484325 26.000000 0.000000
