serial number: JANUSZ_3_RI80_21414853
torque: 16
start_temp: 30 (31)
finish_temp: 30 (32)
note: zdjęty z robota, soft 18.07 g 11:14, łagodne PIDy, oś 1
0.000000 0.369093 30.000000 0.000000
0.020010 0.377578 30.000000 0.000000
0.040020 0.373343 30.000000 0.000000
0.060030 0.375323 30.000000 0.000000
0.080041 0.378207 30.000000 0.000000
0.100051 0.369112 30.000000 0.000000
0.120061 0.378360 30.000000 0.000000
0.140071 0.377776 30.000000 0.000000
0.160081 0.374051 30.000000 0.000000
0.180091 0.379785 30.000000 0.000000
0.200101 0.372635 30.000000 0.000000
0.220112 0.380235 30.000000 0.000000
0.240122 0.381102 30.000000 0.000000
0.260132 0.371922 30.000000 0.000000
0.280142 0.380739 30.000000 0.000000
0.300152 0.374609 30.000000 0.000000
0.320162 0.377115 30.000000 0.000000
0.340172 0.378243 30.000000 0.000000
0.360183 0.369459 30.000000 0.000000
0.380193 0.380005 30.000000 0.000000
0.400203 0.378609 30.000000 0.000000
0.420213 0.375012 30.000000 0.000000
0.440223 0.380087 30.000000 0.000000
0.460233 0.371362 30.000000 0.000000
0.480243 0.379943 30.000000 0.000000
0.500254 0.379708 30.000000 0.000000
0.520264 0.371568 30.000000 0.000000
0.540274 0.381958 30.000000 0.000000
0.560284 0.374560 30.000000 0.000000
0.580294 0.378846 30.000000 0.000000
0.600304 0.379036 30.000000 0.000000
0.620314 0.370532 30.000000 0.000000
0.640325 0.381541 30.000000 0.000000
0.660335 0.377723 30.000000 0.000000
0.680345 0.375825 30.000000 0.000000
0.700355 0.382134 30.000000 0.000000
0.720365 0.374207 30.000000 0.000000
0.740375 0.383857 30.000000 0.000000
0.760385 0.380475 30.000000 0.000000
0.780396 0.374065 30.000000 0.000000
0.800406 0.383055 30.000000 0.000000
0.820416 0.375593 30.000000 0.000000
0.840426 0.381255 30.000000 0.000000
0.860436 0.381446 30.000000 0.000000
0.880446 0.374144 30.000000 0.000000
0.900456 0.385179 30.000000 0.000000
0.920467 0.378861 30.000000 0.000000
0.940477 0.376615 30.000000 0.000000
0.960487 0.381041 30.000000 0.000000
0.980497 0.373264 30.000000 0.000000
1.000507 0.383241 30.000000 0.000000
1.020517 0.378103 30.000000 0.000000
1.040528 0.371780 30.000000 0.000000
1.060538 0.380476 30.000000 0.000000
1.080548 0.372020 30.000000 0.000000
1.100558 0.377844 30.000000 0.000000
1.120568 0.376562 30.000000 0.000000
1.140578 0.370642 30.000000 0.000000
1.160588 0.383271 30.000000 0.000000
1.180599 0.375884 30.000000 0.000000
1.200609 0.375989 30.000000 0.000000
1.220619 0.380178 30.000000 0.000000
1.240629 0.371844 30.000000 0.000000
1.260639 0.381229 30.000000 0.000000
1.280649 0.375795 30.000000 0.000000
1.300659 0.371926 30.000000 0.000000
1.320670 0.380253 30.000000 0.000000
1.340680 0.371352 30.000000 0.000000
1.360690 0.375896 30.000000 0.000000
1.380700 0.376066 30.000000 0.000000
1.400710 0.370390 30.000000 0.000000
1.420720 0.380747 30.000000 0.000000
1.440730 0.372457 30.000000 0.000000
1.460741 0.373451 30.000000 0.000000
1.480751 0.378411 30.000000 0.000000
1.500761 0.369731 30.000000 0.000000
1.520771 0.378096 30.000000 0.000000
1.540781 0.372877 30.000000 0.000000
1.560791 0.370883 30.000000 0.000000
1.580801 0.378325 30.000000 0.000000
1.600812 0.369162 30.000000 0.000000
1.620822 0.374121 30.000000 0.000000
1.640832 0.373595 30.000000 0.000000
1.660842 0.369351 30.000000 0.000000
1.680852 0.378569 30.000000 0.000000
1.700862 0.368432 30.000000 0.000000
1.720872 0.370347 30.000000 0.000000
1.740883 0.373943 30.000000 0.000000
1.760893 0.367139 30.000000 0.000000
1.780903 0.374040 30.000000 0.000000
1.800913 0.366689 30.000000 0.000000
1.820923 0.365613 30.000000 0.000000
1.840933 0.372825 30.000000 0.000000
1.860943 0.364208 30.000000 0.000000
1.880954 0.369164 30.000000 0.000000
1.900964 0.368323 30.000000 0.000000
1.920974 0.364178 30.000000 0.000000
1.940984 0.373428 30.000000 0.000000
1.960994 0.363694 30.000000 0.000000
1.981004 0.367785 30.000000 0.000000
2.001014 0.371741 30.000000 0.000000
2.021025 0.363450 30.000000 0.000000
2.041035 0.370387 30.000000 0.000000
2.061045 0.365833 30.000000 0.000000
2.081055 0.366048 30.000000 0.000000
2.101065 0.371959 30.000000 0.000000
2.121075 0.359978 30.000000 0.000000
2.141085 0.365669 30.000000 0.000000
2.161096 0.367499 30.000000 0.000000
2.181106 0.363695 30.000000 0.000000
2.201116 0.369896 30.000000 0.000000
2.221126 0.361983 30.000000 0.000000
2.241136 0.368220 30.000000 0.000000
2.261146 0.372451 30.000000 0.000000
2.281156 0.364364 30.000000 0.000000
2.301167 0.369937 30.000000 0.000000
2.321177 0.364023 30.000000 0.000000
2.341187 0.365686 30.000000 0.000000
2.361197 0.369839 30.000000 0.000000
2.381207 0.361424 30.000000 0.000000
2.401217 0.369083 30.000000 0.000000
2.421227 0.367462 30.000000 0.000000
2.441238 0.364338 30.000000 0.000000
2.461248 0.369101 30.000000 0.000000
2.481258 0.360692 30.000000 0.000000
2.501268 0.365955 30.000000 0.000000
2.521278 0.368207 30.000000 0.000000
2.541288 0.360522 30.000000 0.000000
2.561298 0.367508 30.000000 0.000000
2.581309 0.363427 30.000000 0.000000
2.601319 0.366901 30.000000 0.000000
2.621329 0.370296 30.000000 0.000000
2.641339 0.359031 30.000000 0.000000
2.661349 0.366431 30.000000 0.000000
2.681359 0.365227 30.000000 0.000000
2.701369 0.362944 30.000000 0.000000
2.721380 0.368625 30.000000 0.000000
2.741390 0.360166 30.000000 0.000000
2.761400 0.369228 30.000000 0.000000
2.781410 0.370833 30.000000 0.000000
2.801420 0.362951 30.000000 0.000000
2.821430 0.370334 30.000000 0.000000
2.841440 0.364754 30.000000 0.000000
2.861451 0.368773 30.000000 0.000000
2.881461 0.371611 30.000000 0.000000
2.901471 0.361764 30.000000 0.000000
2.921481 0.370965 30.000000 0.000000
2.941491 0.368731 30.000000 0.000000
2.961501 0.364125 30.000000 0.000000
2.981511 0.369773 30.000000 0.000000
3.001522 0.363740 30.000000 0.000000
3.021532 0.373235 30.000000 0.000000
3.041542 0.374053 30.000000 0.000000
3.061552 0.363844 30.000000 0.000000
3.081562 0.372050 30.000000 0.000000
3.101572 0.366870 30.000000 0.000000
3.121583 0.371647 30.000000 0.000000
3.141593 0.373260 30.000000 0.000000
3.161603 0.364173 30.000000 0.000000
3.181613 0.374813 30.000000 0.000000
3.201623 0.372162 30.000000 0.000000
3.221633 0.369724 30.000000 0.000000
3.241643 0.374497 30.000000 0.000000
3.261654 0.367646 30.000000 0.000000
3.281664 0.377360 30.000000 0.000000
3.301674 0.376167 30.000000 0.000000
3.321684 0.368378 30.000000 0.000000
3.341694 0.377264 30.000000 0.000000
3.361704 0.371016 30.000000 0.000000
3.381714 0.375836 30.000000 0.000000
3.401725 0.375283 30.000000 0.000000
3.421735 0.368048 30.000000 0.000000
3.441745 0.378617 30.000000 0.000000
3.461755 0.374808 30.000000 0.000000
3.481765 0.370344 30.000000 0.000000
3.501775 0.376232 30.000000 0.000000
3.521785 0.369798 30.000000 0.000000
3.541796 0.380696 30.000000 0.000000
3.561806 0.378491 30.000000 0.000000
3.581816 0.368795 30.000000 0.000000
3.601826 0.378235 30.000000 0.000000
3.621836 0.372312 30.000000 0.000000
3.641846 0.377015 30.000000 0.000000
3.661856 0.376774 30.000000 0.000000
3.681867 0.369003 30.000000 0.000000
3.701877 0.380821 30.000000 0.000000
3.721887 0.376371 30.000000 0.000000
3.741897 0.374531 30.000000 0.000000
3.761907 0.380025 30.000000 0.000000
3.781917 0.373078 30.000000 0.000000
3.801927 0.383430 30.000000 0.000000
3.821938 0.379675 30.000000 0.000000
3.841948 0.372455 30.000000 0.000000
3.861958 0.381373 30.000000 0.000000
3.881968 0.372656 30.000000 0.000000
3.901978 0.376504 30.000000 0.000000
3.921988 0.377509 30.000000 0.000000
3.941998 0.369972 30.000000 0.000000
3.962009 0.380049 30.000000 0.000000
3.982019 0.373932 30.000000 0.000000
4.002029 0.371472 30.000000 0.000000
4.022039 0.378138 30.000000 0.000000
4.042049 0.371352 30.000000 0.000000
4.062059 0.380807 30.000000 0.000000
4.082069 0.377738 30.000000 0.000000
4.102080 0.373448 30.000000 0.000000
4.122090 0.383308 30.000000 0.000000
4.142100 0.375633 30.000000 0.000000
4.162110 0.378972 30.000000 0.000000
4.182120 0.379817 30.000000 0.000000
4.202130 0.372317 30.000000 0.000000
4.222140 0.383357 30.000000 0.000000
4.242151 0.376863 30.000000 0.000000
4.262161 0.375520 30.000000 0.000000
4.282171 0.383255 30.000000 0.000000
4.302181 0.375557 30.000000 0.000000
4.322191 0.384516 30.000000 0.000000
4.342201 0.381353 30.000000 0.000000
4.362211 0.375372 30.000000 0.000000
4.382222 0.384850 30.000000 0.000000
4.402232 0.375472 30.000000 0.000000
4.422242 0.378259 30.000000 0.000000
4.442252 0.380432 30.000000 0.000000
4.462262 0.372535 30.000000 0.000000
4.482272 0.383039 30.000000 0.000000
4.502282 0.376407 30.000000 0.000000
4.522293 0.374780 30.000000 0.000000
4.542303 0.382562 30.000000 0.000000
4.562313 0.373922 30.000000 0.000000
4.582323 0.381622 30.000000 0.000000
4.602333 0.380157 30.000000 0.000000
4.622343 0.375866 30.000000 0.000000
4.642353 0.387251 30.000000 0.000000
4.662364 0.376660 30.000000 0.000000
4.682374 0.378661 30.000000 0.000000
4.702384 0.381245 30.000000 0.000000
4.722394 0.372370 30.000000 0.000000
4.742404 0.382718 30.000000 0.000000
4.762414 0.374991 30.000000 0.000000
4.782424 0.373642 30.000000 0.000000
4.802435 0.382575 30.000000 0.000000
4.822445 0.372361 30.000000 0.000000
4.842455 0.381363 30.000000 0.000000
4.862465 0.381494 30.000000 0.000000
4.882475 0.376298 30.000000 0.000000
4.902485 0.387331 30.000000 0.000000
4.922495 0.376232 30.000000 0.000000
4.942506 0.379025 30.000000 0.000000
4.962516 0.383438 30.000000 0.000000
4.982526 0.373440 30.000000 0.000000
5.002536 0.381487 30.000000 0.000000
5.022546 0.375834 30.000000 0.000000
5.042556 0.373903 30.000000 0.000000
5.062567 0.384243 30.000000 0.000000
5.082577 0.372195 30.000000 0.000000
5.102587 0.380361 30.000000 0.000000
5.122597 0.382207 30.000000 0.000000
5.142607 0.375902 30.000000 0.000000
5.162617 0.386493 30.000000 0.000000
5.182627 0.374933 30.000000 0.000000
5.202638 0.378435 30.000000 0.000000
5.222648 0.385267 30.000000 0.000000
5.242658 0.373403 30.000000 0.000000
5.262668 0.382202 30.000000 0.000000
5.282678 0.376067 30.000000 0.000000
5.302688 0.374244 30.000000 0.000000
5.322698 0.384411 30.000000 0.000000
5.342709 0.371036 30.000000 0.000000
5.362719 0.378314 30.000000 0.000000
5.382729 0.379441 30.000000 0.000000
5.402739 0.371157 30.000000 0.000000
5.422749 0.380388 30.000000 0.000000
5.442759 0.369965 30.000000 0.000000
5.462769 0.373381 30.000000 0.000000
5.482780 0.379050 30.000000 0.000000
5.502790 0.367300 30.000000 0.000000
5.522800 0.375346 30.000000 0.000000
5.542810 0.371896 30.000000 0.000000
5.562820 0.371427 30.000000 0.000000
5.582830 0.380472 30.000000 0.000000
5.602840 0.367063 30.000000 0.000000
5.622851 0.374033 30.000000 0.000000
5.642861 0.376310 30.000000 0.000000
5.662871 0.368614 30.000000 0.000000
5.682881 0.377616 30.000000 0.000000
5.702891 0.369710 30.000000 0.000000
5.722901 0.373416 30.000000 0.000000
5.742911 0.378614 30.000000 0.000000
5.762922 0.364990 30.000000 0.000000
5.782932 0.372961 30.000000 0.000000
5.802942 0.369837 30.000000 0.000000
5.822952 0.370088 30.000000 0.000000
5.842962 0.378078 30.000000 0.000000
5.862972 0.366974 30.000000 0.000000
5.882982 0.375733 30.000000 0.000000
5.902993 0.377524 30.000000 0.000000
5.923003 0.370123 30.000000 0.000000
5.943013 0.377988 30.000000 0.000000
5.963023 0.370155 30.000000 0.000000
5.983033 0.376077 30.000000 0.000000
6.003043 0.380521 30.000000 0.000000
6.023053 0.368088 30.000000 0.000000
6.043064 0.376440 30.000000 0.000000
6.063074 0.373531 30.000000 0.000000
6.083084 0.374350 30.000000 0.000000
6.103094 0.379910 30.000000 0.000000
6.123104 0.369547 30.000000 0.000000
6.143114 0.377365 30.000000 0.000000
6.163124 0.377280 30.000000 0.000000
6.183135 0.369688 30.000000 0.000000
6.203145 0.375374 30.000000 0.000000
6.223155 0.368007 30.000000 0.000000
6.243165 0.375290 30.000000 0.000000
6.263175 0.378854 30.000000 0.000000
