serial number: JANUSZ_3_RI80_21414853
torque: 16
start_temp: 138 (138)
finish_temp: 138 (179)
note: plytka PCB 3.4
0.000000 0.268091 138.000000 0.000000
0.020010 0.279594 138.000000 0.000000
0.040020 0.273048 138.000000 0.000000
0.060030 0.279487 138.000000 0.000000
0.080041 0.285633 138.000000 0.000000
0.100051 0.270255 138.000000 0.000000
0.120061 0.279493 138.000000 0.000000
0.140071 0.273146 138.000000 0.000000
0.160081 0.271620 138.000000 0.000000
0.180091 0.279083 138.000000 0.000000
0.200101 0.266873 138.000000 0.000000
0.220112 0.276972 138.000000 0.000000
0.240122 0.277072 138.000000 0.000000
0.260132 0.269955 138.000000 0.000000
0.280142 0.280193 138.000000 0.000000
0.300152 0.271158 138.000000 0.000000
0.320162 0.279064 138.000000 0.000000
0.340172 0.283910 138.000000 0.000000
0.360183 0.274079 138.000000 0.000000
0.380193 0.285310 138.000000 0.000000
0.400203 0.278439 138.000000 0.000000
0.420213 0.277634 138.000000 0.000000
0.440223 0.281994 138.000000 0.000000
0.460233 0.269321 138.000000 0.000000
0.480243 0.277658 138.000000 0.000000
0.500254 0.274833 138.000000 0.000000
0.520264 0.270568 138.000000 0.000000
0.540274 0.280128 138.000000 0.000000
0.560284 0.270339 138.000000 0.000000
0.580294 0.277313 138.000000 0.000000
0.600304 0.279437 138.000000 0.000000
0.620314 0.269154 138.000000 0.000000
0.640325 0.280852 138.000000 0.000000
0.660335 0.273324 138.000000 0.000000
0.680345 0.275011 138.000000 0.000000
0.700355 0.236699 138.000000 0.000000
0.720365 0.251510 138.000000 0.000000
0.740375 0.273223 138.000000 0.000000
0.760385 0.272214 138.000000 0.000000
0.780396 0.270794 138.000000 0.000000
0.800406 0.280177 138.000000 0.000000
0.820416 0.267985 138.000000 0.000000
0.840426 0.276681 138.000000 0.000000
0.860436 0.278128 138.000000 0.000000
0.880446 0.269021 138.000000 0.000000
0.900456 0.279677 138.000000 0.000000
0.920467 0.270129 138.000000 0.000000
0.940477 0.273865 138.000000 0.000000
0.960487 0.278262 138.000000 0.000000
0.980497 0.265064 138.000000 0.000000
1.000507 0.275862 138.000000 0.000000
1.020517 0.269207 138.000000 0.000000
1.040528 0.266759 138.000000 0.000000
1.060538 0.277312 138.000000 0.000000
1.080548 0.264903 138.000000 0.000000
1.100558 0.274773 138.000000 0.000000
1.120568 0.275618 138.000000 0.000000
1.140578 0.267913 138.000000 0.000000
1.160588 0.279616 138.000000 0.000000
1.180599 0.270317 138.000000 0.000000
1.200609 0.273765 138.000000 0.000000
1.220619 0.276806 138.000000 0.000000
1.240629 0.266196 138.000000 0.000000
1.260639 0.275068 138.000000 0.000000
1.280649 0.268088 138.000000 0.000000
1.300659 0.266566 138.000000 0.000000
1.320670 0.274931 138.000000 0.000000
1.340680 0.263647 138.000000 0.000000
1.360690 0.270764 138.000000 0.000000
1.380700 0.269516 138.000000 0.000000
1.400710 0.265860 138.000000 0.000000
1.420720 0.276593 138.000000 0.000000
1.440730 0.266751 138.000000 0.000000
1.460741 0.270488 138.000000 0.000000
1.480751 0.272415 138.000000 0.000000
1.500761 0.259007 138.000000 0.000000
1.520771 0.267310 138.000000 0.000000
1.540781 0.262937 138.000000 0.000000
1.560791 0.265301 138.000000 0.000000
1.580801 0.272528 138.000000 0.000000
1.600812 0.260509 138.000000 0.000000
1.620822 0.268549 138.000000 0.000000
1.640832 0.267465 138.000000 0.000000
1.660842 0.262977 138.000000 0.000000
1.680852 0.273272 138.000000 0.000000
1.700862 0.262256 138.000000 0.000000
1.720872 0.266677 138.000000 0.000000
1.740883 0.268556 138.000000 0.000000
1.760893 0.257856 138.000000 0.000000
1.780903 0.267139 138.000000 0.000000
1.800913 0.259586 138.000000 0.000000
1.820923 0.262901 138.000000 0.000000
1.840933 0.269435 138.000000 0.000000
1.860943 0.257466 138.000000 0.000000
1.880954 0.266497 138.000000 0.000000
1.900964 0.263997 138.000000 0.000000
1.920974 0.262831 138.000000 0.000000
1.940984 0.271052 138.000000 0.000000
1.960994 0.261098 138.000000 0.000000
1.981004 0.265776 138.000000 0.000000
2.001014 0.268266 138.000000 0.000000
2.021025 0.260422 138.000000 0.000000
2.041035 0.267684 138.000000 0.000000
2.061045 0.259702 138.000000 0.000000
2.081055 0.263695 138.000000 0.000000
2.101065 0.269303 138.000000 0.000000
2.121075 0.261207 138.000000 0.000000
2.141085 0.269106 138.000000 0.000000
2.161096 0.266601 138.000000 0.000000
2.181106 0.265324 138.000000 0.000000
2.201116 0.271194 138.000000 0.000000
2.221126 0.261615 138.000000 0.000000
2.241136 0.266925 138.000000 0.000000
2.261146 0.266903 138.000000 0.000000
2.281156 0.258444 138.000000 0.000000
2.301167 0.265019 138.000000 0.000000
2.321177 0.258907 138.000000 0.000000
2.341187 0.264265 138.000000 0.000000
2.361197 0.268111 138.000000 0.000000
2.381207 0.259568 138.000000 0.000000
2.401217 0.267878 138.000000 0.000000
2.421227 0.263426 138.000000 0.000000
2.441238 0.262380 138.000000 0.000000
2.461248 0.269373 138.000000 0.000000
2.481258 0.261686 138.000000 0.000000
2.501268 0.269729 138.000000 0.000000
2.521278 0.268542 138.000000 0.000000
2.541288 0.260916 138.000000 0.000000
2.561298 0.268301 138.000000 0.000000
2.581309 0.261097 138.000000 0.000000
2.601319 0.267642 138.000000 0.000000
2.621329 0.270831 138.000000 0.000000
2.641339 0.259296 138.000000 0.000000
2.661349 0.267907 138.000000 0.000000
2.681359 0.264932 138.000000 0.000000
2.701369 0.267073 138.000000 0.000000
2.721380 0.273254 138.000000 0.000000
2.741390 0.265022 138.000000 0.000000
2.761400 0.273656 138.000000 0.000000
2.781410 0.271582 138.000000 0.000000
2.801420 0.264032 138.000000 0.000000
2.821430 0.270527 138.000000 0.000000
2.841440 0.262389 138.000000 0.000000
2.861451 0.270500 138.000000 0.000000
2.881461 0.271282 138.000000 0.000000
2.901471 0.260289 138.000000 0.000000
2.921481 0.269953 138.000000 0.000000
2.941491 0.264849 138.000000 0.000000
2.961501 0.266811 138.000000 0.000000
2.981511 0.271623 138.000000 0.000000
3.001522 0.262936 138.000000 0.000000
3.021532 0.273278 138.000000 0.000000
3.041542 0.270939 138.000000 0.000000
3.061552 0.264104 138.000000 0.000000
3.081562 0.270488 138.000000 0.000000
3.101572 0.261519 138.000000 0.000000
3.121583 0.268711 138.000000 0.000000
3.141593 0.269787 138.000000 0.000000
3.161603 0.261239 138.000000 0.000000
3.181613 0.271648 138.000000 0.000000
3.201623 0.263855 138.000000 0.000000
3.221633 0.265483 138.000000 0.000000
3.241643 0.271122 138.000000 0.000000
3.261654 0.263554 138.000000 0.000000
3.281664 0.274710 138.000000 0.000000
3.301674 0.270264 138.000000 0.000000
3.321684 0.264105 138.000000 0.000000
3.341694 0.271881 138.000000 0.000000
3.361704 0.261958 138.000000 0.000000
3.381714 0.270865 138.000000 0.000000
3.401725 0.270198 138.000000 0.000000
3.421735 0.261635 138.000000 0.000000
3.441745 0.274141 138.000000 0.000000
3.461755 0.265960 138.000000 0.000000
3.481765 0.269723 138.000000 0.000000
3.501775 0.275104 138.000000 0.000000
3.521785 0.265463 138.000000 0.000000
3.541796 0.275442 138.000000 0.000000
3.561806 0.269782 138.000000 0.000000
3.581816 0.263830 138.000000 0.000000
3.601826 0.270988 138.000000 0.000000
3.621836 0.261028 138.000000 0.000000
3.641846 0.269555 138.000000 0.000000
3.661856 0.270675 138.000000 0.000000
3.681867 0.263257 138.000000 0.000000
3.701877 0.274020 138.000000 0.000000
3.721887 0.267347 138.000000 0.000000
3.741897 0.271451 138.000000 0.000000
3.761907 0.275068 138.000000 0.000000
3.781917 0.265043 138.000000 0.000000
3.801927 0.274593 138.000000 0.000000
3.821938 0.269702 138.000000 0.000000
3.841948 0.266220 138.000000 0.000000
3.861958 0.273276 138.000000 0.000000
3.881968 0.262375 138.000000 0.000000
3.901978 0.270953 138.000000 0.000000
3.921988 0.269547 138.000000 0.000000
3.941998 0.261365 138.000000 0.000000
3.962009 0.272386 138.000000 0.000000
3.982019 0.263115 138.000000 0.000000
4.002029 0.267589 138.000000 0.000000
4.022039 0.272770 138.000000 0.000000
4.042049 0.262902 138.000000 0.000000
4.062059 0.273850 138.000000 0.000000
4.082069 0.267659 138.000000 0.000000
4.102080 0.261677 138.000000 0.000000
4.122090 0.270453 138.000000 0.000000
4.142100 0.260205 138.000000 0.000000
4.162110 0.269449 138.000000 0.000000
4.182120 0.268646 138.000000 0.000000
4.202130 0.258335 138.000000 0.000000
4.222140 0.270564 138.000000 0.000000
4.242151 0.264147 138.000000 0.000000
4.262161 0.269074 138.000000 0.000000
4.282171 0.274402 138.000000 0.000000
4.302181 0.265342 138.000000 0.000000
4.322191 0.274981 138.000000 0.000000
4.342201 0.270001 138.000000 0.000000
4.362211 0.265496 138.000000 0.000000
4.382222 0.273182 138.000000 0.000000
4.402232 0.263109 138.000000 0.000000
4.422242 0.272471 138.000000 0.000000
4.442252 0.272949 138.000000 0.000000
4.462262 0.263045 138.000000 0.000000
4.482272 0.273771 138.000000 0.000000
4.502282 0.266727 138.000000 0.000000
4.522293 0.272954 138.000000 0.000000
4.542303 0.277463 138.000000 0.000000
4.562313 0.265089 138.000000 0.000000
4.582323 0.274680 138.000000 0.000000
4.602333 0.270756 138.000000 0.000000
4.622343 0.266941 138.000000 0.000000
4.642353 0.275645 138.000000 0.000000
4.662364 0.264939 138.000000 0.000000
4.682374 0.273275 138.000000 0.000000
4.702384 0.274746 138.000000 0.000000
4.722394 0.265018 138.000000 0.000000
4.742404 0.276173 138.000000 0.000000
4.762414 0.267456 138.000000 0.000000
4.782424 0.270501 138.000000 0.000000
4.802435 0.279230 138.000000 0.000000
4.822445 0.267459 138.000000 0.000000
4.842455 0.277308 138.000000 0.000000
4.862465 0.273757 138.000000 0.000000
4.882475 0.267604 138.000000 0.000000
4.902485 0.278217 138.000000 0.000000
4.922495 0.265597 138.000000 0.000000
4.942506 0.274364 138.000000 0.000000
4.962516 0.277323 138.000000 0.000000
4.982526 0.266643 138.000000 0.000000
5.002536 0.279938 138.000000 0.000000
5.022546 0.271095 138.000000 0.000000
5.042556 0.274644 138.000000 0.000000
5.062567 0.282587 138.000000 0.000000
5.082577 0.270044 138.000000 0.000000
5.102587 0.280146 138.000000 0.000000
5.122597 0.276904 138.000000 0.000000
5.142607 0.270129 138.000000 0.000000
5.162617 0.279984 138.000000 0.000000
5.182627 0.267050 138.000000 0.000000
5.202638 0.274179 138.000000 0.000000
5.222648 0.277060 138.000000 0.000000
5.242658 0.267554 138.000000 0.000000
5.262668 0.280285 138.000000 0.000000
5.282678 0.272086 138.000000 0.000000
5.302688 0.273844 138.000000 0.000000
5.322698 0.281808 138.000000 0.000000
5.342709 0.268310 138.000000 0.000000
5.362719 0.277957 138.000000 0.000000
5.382729 0.275369 138.000000 0.000000
5.402739 0.269361 138.000000 0.000000
5.422749 0.280247 138.000000 0.000000
5.442759 0.268703 138.000000 0.000000
5.462769 0.276547 138.000000 0.000000
5.482780 0.281089 138.000000 0.000000
5.502790 0.269565 138.000000 0.000000
5.522800 0.281828 138.000000 0.000000
5.542810 0.273009 138.000000 0.000000
5.562820 0.276392 138.000000 0.000000
5.582830 0.285448 138.000000 0.000000
5.602840 0.270370 138.000000 0.000000
5.622851 0.279907 138.000000 0.000000
5.642861 0.276986 138.000000 0.000000
5.662871 0.273003 138.000000 0.000000
5.682881 0.283490 138.000000 0.000000
5.702891 0.269372 138.000000 0.000000
5.722901 0.276376 138.000000 0.000000
5.742911 0.279974 138.000000 0.000000
5.762922 0.269148 138.000000 0.000000
5.782932 0.282028 138.000000 0.000000
5.802942 0.274851 138.000000 0.000000
5.822952 0.277107 138.000000 0.000000
5.842962 0.285374 138.000000 0.000000
5.862972 0.271238 138.000000 0.000000
5.882982 0.279113 138.000000 0.000000
5.902993 0.276123 138.000000 0.000000
5.923003 0.271212 138.000000 0.000000
5.943013 0.280702 138.000000 0.000000
5.963023 0.270109 138.000000 0.000000
5.983033 0.277067 138.000000 0.000000
6.003043 0.279950 138.000000 0.000000
6.023053 0.270844 138.000000 0.000000
6.043064 0.281403 138.000000 0.000000
6.063074 0.274355 138.000000 0.000000
6.083084 0.279526 138.000000 0.000000
6.103094 0.285017 138.000000 0.000000
6.123104 0.272440 138.000000 0.000000
6.143114 0.281653 138.000000 0.000000
6.163124 0.277084 138.000000 0.000000
6.183135 0.273705 138.000000 0.000000
6.203145 0.281790 138.000000 0.000000
6.223155 0.273109 138.000000 0.000000
6.243165 0.280337 138.000000 0.000000
6.263175 0.280029 138.000000 0.000000
