serial number: JANUSZ_3_RI80_21414853
torque: 16
start_temp: 30 (34)
finish_temp: 30 (33)
note: zdjęty z robota, soft 18.07 g 11:14, łagodne PIDy, oś 1, Montaż TK
0.000000 0.386817 30.000000 0.000000
0.020010 0.379024 30.000000 0.000000
0.040020 0.381340 30.000000 0.000000
0.060030 0.384722 30.000000 0.000000
0.080041 0.377748 30.000000 0.000000
0.100051 0.385187 30.000000 0.000000
0.120061 0.378762 30.000000 0.000000
0.140071 0.377863 30.000000 0.000000
0.160081 0.383677 30.000000 0.000000
0.180091 0.375227 30.000000 0.000000
0.200101 0.380808 30.000000 0.000000
0.220112 0.378055 30.000000 0.000000
0.240122 0.373729 30.000000 0.000000
0.260132 0.380209 30.000000 0.000000
0.280142 0.370638 30.000000 0.000000
0.300152 0.374032 30.000000 0.000000
0.320162 0.375308 30.000000 0.000000
0.340172 0.367862 30.000000 0.000000
0.360183 0.374864 30.000000 0.000000
0.380193 0.368208 30.000000 0.000000
0.400203 0.368792 30.000000 0.000000
0.420213 0.372874 30.000000 0.000000
0.440223 0.363960 30.000000 0.000000
0.460233 0.370034 30.000000 0.000000
0.480243 0.366566 30.000000 0.000000
0.500254 0.364354 30.000000 0.000000
0.520264 0.370963 30.000000 0.000000
0.540274 0.362166 30.000000 0.000000
0.560284 0.368732 30.000000 0.000000
0.580294 0.369520 30.000000 0.000000
0.600304 0.364707 30.000000 0.000000
0.620314 0.372146 30.000000 0.000000
0.640325 0.363335 30.000000 0.000000
0.660335 0.366239 30.000000 0.000000
0.680345 0.368931 30.000000 0.000000
0.700355 0.360770 30.000000 0.000000
0.720365 0.368045 30.000000 0.000000
0.740375 0.362168 30.000000 0.000000
0.760385 0.361141 30.000000 0.000000
0.780396 0.365888 30.000000 0.000000
0.800406 0.356377 30.000000 0.000000
0.820416 0.362659 30.000000 0.000000
0.840426 0.359564 30.000000 0.000000
0.860436 0.354331 30.000000 0.000000
0.880446 0.361730 30.000000 0.000000
0.900456 0.352774 30.000000 0.000000
0.920467 0.357008 30.000000 0.000000
0.940477 0.356723 30.000000 0.000000
0.960487 0.347895 30.000000 0.000000
0.980497 0.356234 30.000000 0.000000
1.000507 0.348092 30.000000 0.000000
1.020517 0.348176 30.000000 0.000000
1.040528 0.351730 30.000000 0.000000
1.060538 0.340824 30.000000 0.000000
1.080548 0.348234 30.000000 0.000000
1.100558 0.343975 30.000000 0.000000
1.120568 0.339817 30.000000 0.000000
1.140578 0.346456 30.000000 0.000000
1.160588 0.336519 30.000000 0.000000
1.180599 0.341586 30.000000 0.000000
1.200609 0.341505 30.000000 0.000000
1.220619 0.333440 30.000000 0.000000
1.240629 0.343235 30.000000 0.000000
1.260639 0.336701 30.000000 0.000000
1.280649 0.338479 30.000000 0.000000
1.300659 0.342740 30.000000 0.000000
1.320670 0.332249 30.000000 0.000000
1.340680 0.341818 30.000000 0.000000
1.360690 0.337657 30.000000 0.000000
1.380700 0.333622 30.000000 0.000000
1.400710 0.341577 30.000000 0.000000
1.420720 0.330602 30.000000 0.000000
1.440730 0.339100 30.000000 0.000000
1.460741 0.338624 30.000000 0.000000
1.480751 0.329199 30.000000 0.000000
1.500761 0.340322 30.000000 0.000000
1.520771 0.330109 30.000000 0.000000
1.540781 0.332066 30.000000 0.000000
1.560791 0.334948 30.000000 0.000000
1.580801 0.323263 30.000000 0.000000
1.600812 0.335078 30.000000 0.000000
1.620822 0.328729 30.000000 0.000000
1.640832 0.326226 30.000000 0.000000
1.660842 0.334073 30.000000 0.000000
1.680852 0.321584 30.000000 0.000000
1.700862 0.331379 30.000000 0.000000
1.720872 0.327447 30.000000 0.000000
1.740883 0.319956 30.000000 0.000000
1.760893 0.332017 30.000000 0.000000
1.780903 0.321036 30.000000 0.000000
1.800913 0.324500 30.000000 0.000000
1.820923 0.327787 30.000000 0.000000
1.840933 0.318954 30.000000 0.000000
1.860943 0.330660 30.000000 0.000000
1.880954 0.322588 30.000000 0.000000
1.900964 0.318038 30.000000 0.000000
1.920974 0.326435 30.000000 0.000000
1.940984 0.315383 30.000000 0.000000
1.960994 0.322729 30.000000 0.000000
1.981004 0.318573 30.000000 0.000000
2.001014 0.311716 30.000000 0.000000
2.021025 0.324220 30.000000 0.000000
2.041035 0.314263 30.000000 0.000000
2.061045 0.316581 30.000000 0.000000
2.081055 0.319097 30.000000 0.000000
2.101065 0.308413 30.000000 0.000000
2.121075 0.320498 30.000000 0.000000
2.141085 0.310558 30.000000 0.000000
2.161096 0.307569 30.000000 0.000000
2.181106 0.317035 30.000000 0.000000
2.201116 0.306123 30.000000 0.000000
2.221126 0.316124 30.000000 0.000000
2.241136 0.309053 30.000000 0.000000
2.261146 0.302860 30.000000 0.000000
2.281156 0.313945 30.000000 0.000000
2.301167 0.300204 30.000000 0.000000
2.321177 0.305616 30.000000 0.000000
2.341187 0.306594 30.000000 0.000000
2.361197 0.298786 30.000000 0.000000
2.381207 0.313992 30.000000 0.000000
2.401217 0.301158 30.000000 0.000000
2.421227 0.302348 30.000000 0.000000
2.441238 0.310111 30.000000 0.000000
2.461248 0.298081 30.000000 0.000000
2.481258 0.311405 30.000000 0.000000
2.501268 0.302070 30.000000 0.000000
2.521278 0.297595 30.000000 0.000000
2.541288 0.309898 30.000000 0.000000
2.561298 0.294676 30.000000 0.000000
2.581309 0.302278 30.000000 0.000000
2.601319 0.303102 30.000000 0.000000
2.621329 0.294012 30.000000 0.000000
2.641339 0.308767 30.000000 0.000000
2.661349 0.294200 30.000000 0.000000
2.681359 0.296340 30.000000 0.000000
2.701369 0.305253 30.000000 0.000000
2.721380 0.292453 30.000000 0.000000
2.741390 0.302459 30.000000 0.000000
2.761400 0.291910 30.000000 0.000000
2.781410 0.289375 30.000000 0.000000
2.801420 0.303070 30.000000 0.000000
2.821430 0.288193 30.000000 0.000000
2.841440 0.294830 30.000000 0.000000
2.861451 0.294565 30.000000 0.000000
2.881461 0.285888 30.000000 0.000000
2.901471 0.298843 30.000000 0.000000
2.921481 0.283383 30.000000 0.000000
2.941491 0.287523 30.000000 0.000000
2.961501 0.296965 30.000000 0.000000
2.981511 0.285001 30.000000 0.000000
3.001522 0.297384 30.000000 0.000000
3.021532 0.288663 30.000000 0.000000
3.041542 0.287827 30.000000 0.000000
3.061552 0.300843 30.000000 0.000000
3.081562 0.283781 30.000000 0.000000
3.101572 0.294368 30.000000 0.000000
3.121583 0.294771 30.000000 0.000000
3.141593 0.288407 30.000000 0.000000
3.161603 0.303493 30.000000 0.000000
3.181613 0.286431 30.000000 0.000000
3.201623 0.293435 30.000000 0.000000
3.221633 0.301550 30.000000 0.000000
3.241643 0.288445 30.000000 0.000000
3.261654 0.301841 30.000000 0.000000
3.281664 0.291338 30.000000 0.000000
3.301674 0.292748 30.000000 0.000000
3.321684 0.306153 30.000000 0.000000
3.341694 0.287803 30.000000 0.000000
3.361704 0.300474 30.000000 0.000000
3.381714 0.301954 30.000000 0.000000
3.401725 0.294767 30.000000 0.000000
3.421735 0.309782 30.000000 0.000000
3.441745 0.293032 30.000000 0.000000
3.461755 0.300635 30.000000 0.000000
3.481765 0.310979 30.000000 0.000000
3.501775 0.297510 30.000000 0.000000
3.521785 0.312335 30.000000 0.000000
3.541796 0.303881 30.000000 0.000000
3.561806 0.303014 30.000000 0.000000
3.581816 0.316914 30.000000 0.000000
3.601826 0.300101 30.000000 0.000000
3.621836 0.312061 30.000000 0.000000
3.641846 0.315640 30.000000 0.000000
3.661856 0.307651 30.000000 0.000000
3.681867 0.325094 30.000000 0.000000
3.701877 0.310666 30.000000 0.000000
3.721887 0.317651 30.000000 0.000000
3.741897 0.328364 30.000000 0.000000
3.761907 0.314638 30.000000 0.000000
3.781917 0.333523 30.000000 0.000000
3.801927 0.327325 30.000000 0.000000
3.821938 0.325937 30.000000 0.000000
3.841948 0.339669 30.000000 0.000000
3.861958 0.321954 30.000000 0.000000
3.881968 0.335358 30.000000 0.000000
3.901978 0.338554 30.000000 0.000000
3.921988 0.329113 30.000000 0.000000
3.941998 0.346288 30.000000 0.000000
3.962009 0.333109 30.000000 0.000000
3.982019 0.339619 30.000000 0.000000
4.002029 0.350199 30.000000 0.000000
4.022039 0.335275 30.000000 0.000000
4.042049 0.351219 30.000000 0.000000
4.062059 0.346248 30.000000 0.000000
4.082069 0.343035 30.000000 0.000000
4.102080 0.357604 30.000000 0.000000
4.122090 0.340318 30.000000 0.000000
4.142100 0.352857 30.000000 0.000000
4.162110 0.357317 30.000000 0.000000
4.182120 0.346104 30.000000 0.000000
4.202130 0.364240 30.000000 0.000000
4.222140 0.351709 30.000000 0.000000
4.242151 0.356324 30.000000 0.000000
4.262161 0.366025 30.000000 0.000000
4.282171 0.348289 30.000000 0.000000
4.302181 0.362943 30.000000 0.000000
4.322191 0.359391 30.000000 0.000000
4.342201 0.355084 30.000000 0.000000
4.362211 0.369903 30.000000 0.000000
4.382222 0.354444 30.000000 0.000000
4.402232 0.365403 30.000000 0.000000
4.422242 0.369150 30.000000 0.000000
4.442252 0.357602 30.000000 0.000000
4.462262 0.373574 30.000000 0.000000
4.482272 0.362351 30.000000 0.000000
4.502282 0.366814 30.000000 0.000000
4.522293 0.376811 30.000000 0.000000
4.542303 0.362154 30.000000 0.000000
4.562313 0.376408 30.000000 0.000000
4.582323 0.373016 30.000000 0.000000
4.602333 0.366743 30.000000 0.000000
4.622343 0.380434 30.000000 0.000000
4.642353 0.366976 30.000000 0.000000
4.662364 0.376074 30.000000 0.000000
4.682374 0.379905 30.000000 0.000000
4.702384 0.367176 30.000000 0.000000
4.722394 0.381834 30.000000 0.000000
4.742404 0.372021 30.000000 0.000000
4.762414 0.373893 30.000000 0.000000
4.782424 0.383428 30.000000 0.000000
4.802435 0.369313 30.000000 0.000000
4.822445 0.382449 30.000000 0.000000
4.842455 0.379516 30.000000 0.000000
4.862465 0.373180 30.000000 0.000000
4.882475 0.386445 30.000000 0.000000
4.902485 0.372889 30.000000 0.000000
4.922495 0.381594 30.000000 0.000000
4.942506 0.385499 30.000000 0.000000
4.962516 0.374587 30.000000 0.000000
4.982526 0.389249 30.000000 0.000000
5.002536 0.381072 30.000000 0.000000
5.022546 0.381837 30.000000 0.000000
5.042556 0.391854 30.000000 0.000000
5.062567 0.378762 30.000000 0.000000
5.082577 0.390112 30.000000 0.000000
5.102587 0.387079 30.000000 0.000000
5.122597 0.380547 30.000000 0.000000
5.142607 0.392255 30.000000 0.000000
5.162617 0.380327 30.000000 0.000000
5.182627 0.386104 30.000000 0.000000
5.202638 0.389473 30.000000 0.000000
5.222648 0.378901 30.000000 0.000000
5.242658 0.392054 30.000000 0.000000
5.262668 0.384128 30.000000 0.000000
5.282678 0.383730 30.000000 0.000000
5.302688 0.391405 30.000000 0.000000
5.322698 0.379157 30.000000 0.000000
5.342709 0.389331 30.000000 0.000000
5.362719 0.384849 30.000000 0.000000
5.382729 0.379057 30.000000 0.000000
5.402739 0.390393 30.000000 0.000000
5.422749 0.380498 30.000000 0.000000
5.442759 0.385661 30.000000 0.000000
5.462769 0.387830 30.000000 0.000000
5.482780 0.379025 30.000000 0.000000
5.502790 0.390579 30.000000 0.000000
5.522800 0.382949 30.000000 0.000000
5.542810 0.382720 30.000000 0.000000
5.562820 0.389078 30.000000 0.000000
5.582830 0.378003 30.000000 0.000000
5.602840 0.386621 30.000000 0.000000
5.622851 0.383239 30.000000 0.000000
5.642861 0.378752 30.000000 0.000000
5.662871 0.388269 30.000000 0.000000
5.682881 0.378260 30.000000 0.000000
5.702891 0.384268 30.000000 0.000000
5.722901 0.385541 30.000000 0.000000
5.742911 0.377409 30.000000 0.000000
5.762922 0.388589 30.000000 0.000000
5.782932 0.380463 30.000000 0.000000
5.802942 0.381199 30.000000 0.000000
5.822952 0.387585 30.000000 0.000000
5.842962 0.377970 30.000000 0.000000
5.862972 0.387185 30.000000 0.000000
5.882982 0.382026 30.000000 0.000000
5.902993 0.378440 30.000000 0.000000
5.923003 0.387599 30.000000 0.000000
5.943013 0.379874 30.000000 0.000000
5.963023 0.385268 30.000000 0.000000
5.983033 0.385411 30.000000 0.000000
6.003043 0.379961 30.000000 0.000000
6.023053 0.388897 30.000000 0.000000
6.043064 0.381471 30.000000 0.000000
6.063074 0.382417 30.000000 0.000000
6.083084 0.387555 30.000000 0.000000
6.103094 0.380531 30.000000 0.000000
6.123104 0.387775 30.000000 0.000000
6.143114 0.382603 30.000000 0.000000
6.163124 0.380149 30.000000 0.000000
6.183135 0.387463 30.000000 0.000000
6.203145 0.379700 30.000000 0.000000
6.223155 0.384801 30.000000 0.000000
6.243165 0.383647 30.000000 0.000000
6.263175 0.377947 30.000000 0.000000
