serial number: JANUSZ_3_RI80_21414853
torque: 16
start_temp: 25 (25)
finish_temp: 25 (27)
note: asdf
0.000000 0.345455 25.000185 0.000000
0.020010 0.336893 25.000000 0.000000
0.040020 0.340831 25.000000 0.000000
0.060030 0.338380 25.000000 0.000000
0.080041 0.345272 25.000000 0.000000
0.100051 0.356760 25.000000 0.000000
0.120061 0.332278 25.000000 0.000000
0.140071 0.344081 25.000000 0.000000
0.160081 0.338129 25.000000 0.000000
0.180091 0.335122 25.000000 0.000000
0.200101 0.350607 25.000000 0.000000
0.220112 0.336669 25.000000 0.000000
0.240122 0.348548 25.000000 0.000000
0.260132 0.333169 25.000000 0.000000
0.280142 0.305402 25.000000 0.000000
0.300152 0.338744 25.000000 0.000000
0.320162 0.335850 25.000000 0.000000
0.340172 0.342769 25.000000 0.000000
0.360183 0.339914 25.000000 0.000000
0.380193 0.336265 25.000000 0.000000
0.400203 0.337234 25.000000 0.000000
0.420213 0.333682 25.000000 0.000000
0.440223 0.330643 25.000000 0.000000
0.460233 0.337906 25.000000 0.000000
0.480243 0.333476 25.000000 0.000000
0.500254 0.341127 25.000000 0.000000
0.520264 0.337851 25.000000 0.000000
0.540274 0.334606 25.000000 0.000000
0.560284 0.351199 25.000095 0.000000
0.580294 0.336284 25.000000 0.000000
0.600304 0.338916 25.000000 0.000000
0.620314 0.345939 25.000000 0.000000
0.640325 0.329374 25.000000 0.000000
0.660335 0.343318 25.000000 0.000000
0.680345 0.338731 25.000000 0.000000
0.700355 0.331836 25.000000 0.000000
0.720365 0.333513 25.000000 0.000000
0.740375 0.335141 25.000000 0.000000
0.760385 0.344284 25.000000 0.000000
0.780396 0.344694 25.000000 0.000000
0.800406 0.326804 25.000000 0.000000
0.820416 0.333576 25.000000 0.000000
0.840426 0.335589 25.000000 0.000000
0.860436 0.337658 25.000000 0.000000
0.880446 0.344873 25.000000 0.000000
0.900456 0.331268 25.000000 0.000000
0.920467 0.338191 25.000000 0.000000
0.940477 0.332187 25.000000 0.000000
0.960487 0.329933 25.000000 0.000000
0.980497 0.330735 25.000000 0.000000
1.000507 0.336210 25.000000 0.000000
1.020517 0.342982 25.000000 0.000000
1.040528 0.343314 25.000000 0.000000
1.060538 0.331551 25.000000 0.000000
1.080548 0.337137 25.000000 0.000000
1.100558 0.334929 25.000000 0.000000
1.120568 0.341557 25.000000 0.000000
1.140578 0.340761 25.000000 0.000000
1.160588 0.337762 25.000000 0.000000
1.180599 0.342070 25.000000 0.000000
1.200609 0.336285 25.000000 0.000000
1.220619 0.338360 25.000000 0.000000
1.240629 0.346743 25.000000 0.000000
1.260639 0.334935 25.000000 0.000000
1.280649 0.335809 25.000000 0.000000
1.300659 0.338016 25.001240 0.000000
1.320670 0.339390 25.002044 0.000000
1.340680 0.341912 25.000000 0.000000
1.360690 0.341389 25.000000 0.000000
1.380700 0.348322 25.000000 0.000000
1.400710 0.336714 25.000000 0.000000
1.420720 0.332616 25.000000 0.000000
1.440730 0.342809 25.000000 0.000000
1.460741 0.325468 25.000000 0.000000
1.480751 0.335442 25.000000 0.000000
1.500761 0.341867 25.000000 0.000000
1.520771 0.332738 25.000000 0.000000
1.540781 0.346742 25.000000 0.000000
1.560791 0.339283 25.000000 0.000000
1.580801 0.341808 25.002606 0.000000
1.600812 0.344258 25.000000 0.000000
1.620822 0.338901 25.001235 0.000000
1.640832 0.341069 25.000154 0.000000
1.660842 0.341040 25.000000 0.000000
1.680852 0.336666 25.000000 0.000000
1.700862 0.345207 25.000000 0.000000
1.720872 0.333342 25.000000 0.000000
1.740883 0.341874 25.000000 0.000000
1.760893 0.337660 25.000000 0.000000
1.780903 0.331809 25.000000 0.000000
1.800913 0.341946 25.000000 0.000000
1.820923 0.336915 25.000000 0.000000
1.840933 0.344157 25.000000 0.000000
1.860943 0.354874 25.000724 0.000000
1.880954 0.344161 25.000198 0.000000
1.900964 0.347442 25.000000 0.000000
1.920974 0.341261 25.000000 0.000000
1.940984 0.335476 25.000000 0.000000
1.960994 0.347811 25.000000 0.000000
1.981004 0.331474 25.000000 0.000000
2.001014 0.341181 25.000000 0.000000
2.021025 0.341268 25.000000 0.000000
2.041035 0.336531 25.000000 0.000000
2.061045 0.346725 25.000000 0.000000
2.081055 0.348955 25.000000 0.000000
2.101065 0.342194 25.000000 0.000000
2.121075 0.345943 25.000000 0.000000
2.141085 0.343797 25.000000 0.000000
2.161096 0.347216 25.000000 0.000000
2.181106 0.342887 25.000000 0.000000
2.201116 0.338989 25.000000 0.000000
2.221126 0.357743 25.000000 0.000000
2.241136 0.338341 25.000000 0.000000
2.261146 0.342712 25.000000 0.000000
2.281156 0.348697 25.000000 0.000000
2.301167 0.346221 25.000000 0.000000
2.321177 0.353734 25.000000 0.000000
2.341187 0.345046 25.000000 0.000000
2.361197 0.352937 25.000000 0.000000
2.381207 0.352086 25.000303 0.000000
2.401217 0.343014 25.000000 0.000000
2.421227 0.355282 25.000000 0.000000
2.441238 0.342659 25.000000 0.000000
2.461248 0.349369 25.000000 0.000000
2.481258 0.356426 25.000000 0.000000
2.501268 0.350396 25.000000 0.000000
2.521278 0.348763 25.000000 0.000000
2.541288 0.355333 25.000000 0.000000
2.561298 0.352017 25.000000 0.000000
2.581309 0.351563 25.000000 0.000000
2.601319 0.350968 25.000000 0.000000
2.621329 0.350168 25.000000 0.000000
2.641339 0.344900 25.000000 0.000000
2.661349 0.347160 25.000000 0.000000
2.681359 0.357978 25.000000 0.000000
2.701369 0.359740 25.000000 0.000000
2.721380 0.351814 25.000000 0.000000
2.741390 0.364929 25.000000 0.000000
2.761400 0.352338 25.003294 0.000000
2.781410 0.361648 25.000595 0.000000
2.801420 0.361742 25.000000 0.000000
2.821430 0.354970 25.000000 0.000000
2.841440 0.350697 25.000000 0.000000
2.861451 0.360251 25.000000 0.000000
2.881461 0.357852 25.000000 0.000000
2.901471 0.360618 25.000000 0.000000
2.921481 0.353300 25.000000 0.000000
2.941491 0.360626 25.000000 0.000000
2.961501 0.359831 25.000000 0.000000
2.981511 0.357152 25.000000 0.000000
3.001522 0.360527 25.000000 0.000000
3.021532 0.361205 25.000179 0.000000
3.041542 0.364155 25.000000 0.000000
3.061552 0.369565 25.000000 0.000000
3.081562 0.355718 25.000000 0.000000
3.101572 0.357661 25.000000 0.000000
3.121583 0.354183 25.000000 0.000000
3.141593 0.364656 25.000000 0.000000
3.161603 0.358770 25.000000 0.000000
3.181613 0.359253 25.000734 0.000000
3.201623 0.365496 25.000482 0.000000
3.221633 0.355568 25.000000 0.000000
3.241643 0.358581 25.002941 0.000000
3.261654 0.356792 25.000000 0.000000
3.281664 0.354605 25.000000 0.000000
3.301674 0.364876 25.000000 0.000000
3.321684 0.358668 25.000000 0.000000
3.341694 0.359262 25.000000 0.000000
3.361704 0.372875 25.000000 0.000000
3.381714 0.368124 25.000000 0.000000
3.401725 0.368568 25.000000 0.000000
3.421735 0.374440 25.000000 0.000000
3.441745 0.363993 25.000000 0.000000
3.461755 0.371894 25.000000 0.000000
3.481765 0.366053 25.000000 0.000000
3.501775 0.369538 25.000000 0.000000
3.521785 0.373797 25.000000 0.000000
3.541796 0.362339 25.000000 0.000000
3.561806 0.369047 25.000000 0.000000
3.581816 0.365342 25.000339 0.000000
3.601826 0.366870 25.000000 0.000000
3.621836 0.372989 25.000000 0.000000
3.641846 0.362685 25.000784 0.000000
3.661856 0.365159 25.000000 0.000000
3.681867 0.367832 25.000000 0.000000
3.701877 0.366427 25.000000 0.000000
3.721887 0.363494 25.000000 0.000000
3.741897 0.351315 25.000000 0.000000
3.761907 0.353887 25.000000 0.000000
3.781917 0.368288 25.000000 0.000000
3.801927 0.365643 25.000000 0.000000
3.821938 0.364148 25.000000 0.000000
3.841948 0.364294 25.000000 0.000000
3.861958 0.366725 25.000000 0.000000
3.881968 0.368944 25.000000 0.000000
3.901978 0.370789 25.000000 0.000000
3.921988 0.367721 25.000000 0.000000
3.941998 0.363618 25.000000 0.000000
3.962009 0.364831 25.000000 0.000000
3.982019 0.358015 25.000000 0.000000
4.002029 0.356574 25.000000 0.000000
4.022039 0.362423 25.000342 0.000000
4.042049 0.372353 25.002500 0.000000
4.062059 0.358091 25.000000 0.000000
4.082069 0.360759 25.000000 0.000000
4.102080 0.353554 25.000976 0.000000
4.122090 0.366263 25.000000 0.000000
4.142100 0.374292 25.000000 0.000000
4.162110 0.363393 25.000000 0.000000
4.182120 0.365038 25.000000 0.000000
4.202130 0.370472 25.000000 0.000000
4.222140 0.364330 25.000000 0.000000
4.242151 0.364104 25.000000 0.000000
4.262161 0.359890 25.000000 0.000000
4.282171 0.358232 25.000000 0.000000
4.302181 0.360839 25.000000 0.000000
4.322191 0.363488 25.000000 0.000000
4.342201 0.370044 25.000000 0.000000
4.362211 0.367085 25.000000 0.000000
4.382222 0.359061 25.000107 0.000000
4.402232 0.367953 25.000000 0.000000
4.422242 0.346122 25.000000 0.000000
4.442252 0.357510 25.000000 0.000000
4.462262 0.358738 25.000000 0.000000
4.482272 0.364284 25.000000 0.000000
4.502282 0.360649 25.000000 0.000000
4.522293 0.358624 25.000000 0.000000
4.542303 0.364815 25.000000 0.000000
4.562313 0.349006 25.000000 0.000000
4.582323 0.358452 25.000000 0.000000
4.602333 0.365738 25.000000 0.000000
4.622343 0.361664 25.000000 0.000000
4.642353 0.352977 25.000000 0.000000
4.662364 0.360516 25.000000 0.000000
4.682374 0.362617 25.000000 0.000000
4.702384 0.351474 25.000000 0.000000
4.722394 0.356214 25.000000 0.000000
4.742404 0.350387 25.000000 0.000000
4.762414 0.356007 25.000000 0.000000
4.782424 0.352003 25.000000 0.000000
4.802435 0.352383 25.000000 0.000000
4.822445 0.362017 25.000000 0.000000
4.842455 0.350457 25.000000 0.000000
4.862465 0.347849 25.000000 0.000000
4.882475 0.353370 25.000000 0.000000
4.902485 0.357171 25.000000 0.000000
4.922495 0.354728 25.000511 0.000000
4.942506 0.348424 25.000000 0.000000
4.962516 0.354375 25.000000 0.000000
4.982526 0.352132 25.000000 0.000000
5.002536 0.353260 25.000000 0.000000
5.022546 0.359888 25.000000 0.000000
5.042556 0.348983 25.000000 0.000000
5.062567 0.353378 25.000000 0.000000
5.082577 0.360667 25.000000 0.000000
5.102587 0.353954 25.000000 0.000000
5.122597 0.355191 25.000000 0.000000
5.142607 0.355441 25.000000 0.000000
5.162617 0.356882 25.000000 0.000000
5.182627 0.355098 25.000000 0.000000
5.202638 0.349400 25.000000 0.000000
5.222648 0.356735 25.000000 0.000000
5.242658 0.356812 25.002609 0.000000
5.262668 0.356775 25.000000 0.000000
5.282678 0.357989 25.000000 0.000000
5.302688 0.345045 25.000000 0.000000
5.322698 0.358666 25.000000 0.000000
5.342709 0.354311 25.000000 0.000000
5.362719 0.351473 25.000000 0.000000
5.382729 0.353897 25.000000 0.000000
5.402739 0.346905 25.000000 0.000000
5.422749 0.347644 25.000000 0.000000
5.442759 0.345343 25.000000 0.000000
5.462769 0.350313 25.010864 0.000000
5.482780 0.355102 25.000476 0.000000
5.502790 0.345028 25.000000 0.000000
5.522800 0.351789 25.000000 0.000000
5.542810 0.348600 25.000000 0.000000
5.562820 0.345497 25.000000 0.000000
5.582830 0.350224 25.000000 0.000000
5.602840 0.353385 25.000000 0.000000
5.622851 0.348461 25.000000 0.000000
5.642861 0.354416 25.001212 0.000000
5.662871 0.349516 25.000000 0.000000
5.682881 0.357900 25.000000 0.000000
5.702891 0.354430 25.000000 0.000000
5.722901 0.342932 25.000000 0.000000
5.742911 0.354132 25.000000 0.000000
5.762922 0.353711 25.000000 0.000000
5.782932 0.342566 25.000000 0.000000
5.802942 0.353060 25.000000 0.000000
5.822952 0.353237 25.000000 0.000000
5.842962 0.358245 25.000000 0.000000
5.862972 0.353052 25.000000 0.000000
5.882982 0.343201 25.000000 0.000000
5.902993 0.348405 25.000000 0.000000
5.923003 0.349228 25.000000 0.000000
5.943013 0.346322 25.000000 0.000000
5.963023 0.345594 25.000000 0.000000
5.983033 0.340716 25.000000 0.000000
6.003043 0.351657 25.000000 0.000000
6.023053 0.342100 25.000000 0.000000
6.043064 0.340545 25.000000 0.000000
6.063074 0.350244 25.002316 0.000000
6.083084 0.341856 25.001324 0.000000
6.103094 0.346849 25.000000 0.000000
6.123104 0.341863 25.000000 0.000000
6.143114 0.303097 25.000000 0.000000
6.163124 0.318709 25.000000 0.000000
6.183135 0.325022 25.000000 0.000000
6.203145 0.339136 25.000000 0.000000
6.223155 0.345350 25.000000 0.000000
6.243165 0.336164 25.000000 0.000000
6.263175 0.337741 25.000637 0.000000
