serial number: JANUSZ_3_RI80_21414853
torque: 16
start_temp: 30 (31)
finish_temp: 30 (32)
note: zdjęty z robota soft 18.07 g 11:14, łagodne PIDy oś 1, Montaż TK po naprawie przekładni
0.000000 0.417607 30.000000 0.000000
0.020010 0.409868 30.000000 0.000000
0.040020 0.416268 30.000000 0.000000
0.060030 0.414168 30.000000 0.000000
0.080041 0.411684 30.000000 0.000000
0.100051 0.417223 30.000000 0.000000
0.120061 0.409820 30.000000 0.000000
0.140071 0.414790 30.000000 0.000000
0.160081 0.414700 30.000000 0.000000
0.180091 0.407856 30.000000 0.000000
0.200101 0.415145 30.000000 0.000000
0.220112 0.408047 30.000000 0.000000
0.240122 0.410271 30.000000 0.000000
0.260132 0.413480 30.000000 0.000000
0.280142 0.404577 30.000000 0.000000
0.300152 0.414306 30.000000 0.000000
0.320162 0.409306 30.000000 0.000000
0.340172 0.408142 30.000000 0.000000
0.360183 0.413473 30.000000 0.000000
0.380193 0.403809 30.000000 0.000000
0.400203 0.411111 30.000000 0.000000
0.420213 0.409896 30.000000 0.000000
0.440223 0.405389 30.000000 0.000000
0.460233 0.413360 30.000000 0.000000
0.480243 0.406345 30.000000 0.000000
0.500254 0.411456 30.000000 0.000000
0.520264 0.413669 30.000000 0.000000
0.540274 0.406402 30.000000 0.000000
0.560284 0.415049 30.000000 0.000000
0.580294 0.410556 30.000000 0.000000
0.600304 0.410463 30.000000 0.000000
0.620314 0.415739 30.000000 0.000000
0.640325 0.407445 30.000000 0.000000
0.660335 0.414683 30.000000 0.000000
0.680345 0.412598 30.000000 0.000000
0.700355 0.408504 30.000000 0.000000
0.720365 0.415535 30.000000 0.000000
0.740375 0.407129 30.000000 0.000000
0.760385 0.409710 30.000000 0.000000
0.780396 0.410667 30.000000 0.000000
0.800406 0.401119 30.000000 0.000000
0.820416 0.409083 30.000000 0.000000
0.840426 0.403062 30.000000 0.000000
0.860436 0.401661 30.000000 0.000000
0.880446 0.407359 30.000000 0.000000
0.900456 0.399058 30.000000 0.000000
0.920467 0.406570 30.000000 0.000000
0.940477 0.403698 30.000000 0.000000
0.960487 0.398762 30.000000 0.000000
0.980497 0.406012 30.000000 0.000000
1.000507 0.398440 30.000000 0.000000
1.020517 0.403421 30.000000 0.000000
1.040528 0.404626 30.000000 0.000000
1.060538 0.396945 30.000000 0.000000
1.080548 0.406887 30.000000 0.000000
1.100558 0.401167 30.000000 0.000000
1.120568 0.401843 30.000000 0.000000
1.140578 0.406188 30.000000 0.000000
1.160588 0.396537 30.000000 0.000000
1.180599 0.403923 30.000000 0.000000
1.200609 0.400780 30.000000 0.000000
1.220619 0.397667 30.000000 0.000000
1.240629 0.404727 30.000000 0.000000
1.260639 0.397654 30.000000 0.000000
1.280649 0.403086 30.000000 0.000000
1.300659 0.403828 30.000000 0.000000
1.320670 0.397428 30.000000 0.000000
1.340680 0.405710 30.000000 0.000000
1.360690 0.399288 30.000000 0.000000
1.380700 0.399676 30.000000 0.000000
1.400710 0.403412 30.000000 0.000000
1.420720 0.393851 30.000000 0.000000
1.440730 0.400884 30.000000 0.000000
1.460741 0.397155 30.000000 0.000000
1.480751 0.395010 30.000000 0.000000
1.500761 0.400791 30.000000 0.000000
1.520771 0.392785 30.000000 0.000000
1.540781 0.397715 30.000000 0.000000
1.560791 0.396993 30.000000 0.000000
1.580801 0.391074 30.000000 0.000000
1.600812 0.399032 30.000000 0.000000
1.620822 0.392699 30.000000 0.000000
1.640832 0.394998 30.000000 0.000000
1.660842 0.397329 30.000000 0.000000
1.680852 0.389214 30.000000 0.000000
1.700862 0.396400 30.000000 0.000000
1.720872 0.392203 30.000000 0.000000
1.740883 0.390492 30.000000 0.000000
1.760893 0.394915 30.000000 0.000000
1.780903 0.386331 30.000000 0.000000
1.800913 0.392449 30.000000 0.000000
1.820923 0.390517 30.000000 0.000000
1.840933 0.385120 30.000000 0.000000
1.860943 0.393091 30.000000 0.000000
1.880954 0.385529 30.000000 0.000000
1.900964 0.387509 30.000000 0.000000
1.920974 0.389017 30.000000 0.000000
1.940984 0.379709 30.000000 0.000000
1.960994 0.387730 30.000000 0.000000
1.981004 0.381106 30.000000 0.000000
2.001014 0.380025 30.000000 0.000000
2.021025 0.385717 30.000000 0.000000
2.041035 0.376192 30.000000 0.000000
2.061045 0.383664 30.000000 0.000000
2.081055 0.380908 30.000000 0.000000
2.101065 0.376193 30.000000 0.000000
2.121075 0.383728 30.000000 0.000000
2.141085 0.375467 30.000000 0.000000
2.161096 0.379080 30.000000 0.000000
2.181106 0.381448 30.000000 0.000000
2.201116 0.375173 30.000000 0.000000
2.221126 0.383404 30.000000 0.000000
2.241136 0.379635 30.000000 0.000000
2.261146 0.380567 30.000000 0.000000
2.281156 0.384639 30.000000 0.000000
2.301167 0.375982 30.000000 0.000000
2.321177 0.382086 30.000000 0.000000
2.341187 0.380845 30.000000 0.000000
2.361197 0.376933 30.000000 0.000000
2.381207 0.382299 30.000000 0.000000
2.401217 0.374817 30.000000 0.000000
2.421227 0.378895 30.000000 0.000000
2.441238 0.379511 30.000000 0.000000
2.461248 0.371672 30.000000 0.000000
2.481258 0.378504 30.000000 0.000000
2.501268 0.372725 30.000000 0.000000
2.521278 0.373882 30.000000 0.000000
2.541288 0.376254 30.000000 0.000000
2.561298 0.364756 30.000000 0.000000
2.581309 0.371826 30.000000 0.000000
2.601319 0.368311 30.000000 0.000000
2.621329 0.365774 30.000000 0.000000
2.641339 0.371871 30.000000 0.000000
2.661349 0.360553 30.000000 0.000000
2.681359 0.367143 30.000000 0.000000
2.701369 0.367649 30.000000 0.000000
2.721380 0.359898 30.000000 0.000000
2.741390 0.368729 30.000000 0.000000
2.761400 0.360632 30.000000 0.000000
2.781410 0.363733 30.000000 0.000000
2.801420 0.366961 30.000000 0.000000
2.821430 0.355689 30.000000 0.000000
2.841440 0.364837 30.000000 0.000000
2.861451 0.362428 30.000000 0.000000
2.881461 0.359997 30.000000 0.000000
2.901471 0.367829 30.000000 0.000000
2.921481 0.360780 30.000000 0.000000
2.941491 0.367704 30.000000 0.000000
2.961501 0.368967 30.000000 0.000000
2.981511 0.362432 30.000000 0.000000
3.001522 0.369866 30.000000 0.000000
3.021532 0.364865 30.000000 0.000000
3.041542 0.367952 30.000000 0.000000
3.061552 0.370680 30.000000 0.000000
3.081562 0.361648 30.000000 0.000000
3.101572 0.370216 30.000000 0.000000
3.121583 0.367969 30.000000 0.000000
3.141593 0.365999 30.000000 0.000000
3.161603 0.370711 30.000000 0.000000
3.181613 0.362821 30.000000 0.000000
3.201623 0.369801 30.000000 0.000000
3.221633 0.369443 30.000000 0.000000
3.241643 0.363180 30.000000 0.000000
3.261654 0.370089 30.000000 0.000000
3.281664 0.366065 30.000000 0.000000
3.301674 0.369546 30.000000 0.000000
3.321684 0.371906 30.000000 0.000000
3.341694 0.362618 30.000000 0.000000
3.361704 0.371560 30.000000 0.000000
3.381714 0.368506 30.000000 0.000000
3.401725 0.366953 30.000000 0.000000
3.421735 0.372149 30.000000 0.000000
3.441745 0.363928 30.000000 0.000000
3.461755 0.372450 30.000000 0.000000
3.481765 0.370682 30.000000 0.000000
3.501775 0.363829 30.000000 0.000000
3.521785 0.373101 30.000000 0.000000
3.541796 0.367864 30.000000 0.000000
3.561806 0.371287 30.000000 0.000000
3.581816 0.374211 30.000000 0.000000
3.601826 0.364739 30.000000 0.000000
3.621836 0.375830 30.000000 0.000000
3.641846 0.371974 30.000000 0.000000
3.661856 0.370952 30.000000 0.000000
3.681867 0.377456 30.000000 0.000000
3.701877 0.371211 30.000000 0.000000
3.721887 0.380244 30.000000 0.000000
3.741897 0.380630 30.000000 0.000000
3.761907 0.375138 30.000000 0.000000
3.781917 0.383660 30.000000 0.000000
3.801927 0.378343 30.000000 0.000000
3.821938 0.381193 30.000000 0.000000
3.841948 0.383090 30.000000 0.000000
3.861958 0.374307 30.000000 0.000000
3.881968 0.384771 30.000000 0.000000
3.901978 0.381209 30.000000 0.000000
3.921988 0.378659 30.000000 0.000000
3.941998 0.385291 30.000000 0.000000
3.962009 0.377250 30.000000 0.000000
3.982019 0.385672 30.000000 0.000000
4.002029 0.385968 30.000000 0.000000
4.022039 0.379564 30.000000 0.000000
4.042049 0.390291 30.000000 0.000000
4.062059 0.385095 30.000000 0.000000
4.082069 0.387992 30.000000 0.000000
4.102080 0.391396 30.000000 0.000000
4.122090 0.382118 30.000000 0.000000
4.142100 0.392891 30.000000 0.000000
4.162110 0.389775 30.000000 0.000000
4.182120 0.386939 30.000000 0.000000
4.202130 0.394272 30.000000 0.000000
4.222140 0.386507 30.000000 0.000000
4.242151 0.394457 30.000000 0.000000
4.262161 0.394110 30.000000 0.000000
4.282171 0.387896 30.000000 0.000000
4.302181 0.399342 30.000000 0.000000
4.322191 0.394698 30.000000 0.000000
4.342201 0.398684 30.000000 0.000000
4.362211 0.403455 30.000000 0.000000
4.382222 0.395729 30.000000 0.000000
4.402232 0.406573 30.000000 0.000000
4.422242 0.404839 30.000000 0.000000
4.442252 0.402055 30.000000 0.000000
4.462262 0.410188 30.000000 0.000000
4.482272 0.403732 30.000000 0.000000
4.502282 0.410582 30.000000 0.000000
4.522293 0.411459 30.000000 0.000000
4.542303 0.403965 30.000000 0.000000
4.562313 0.413510 30.000000 0.000000
4.582323 0.408123 30.000000 0.000000
4.602333 0.408232 30.000000 0.000000
4.622343 0.412718 30.000000 0.000000
4.642353 0.404148 30.000000 0.000000
4.662364 0.413270 30.000000 0.000000
4.682374 0.411012 30.000000 0.000000
4.702384 0.407351 30.000000 0.000000
4.722394 0.415292 30.000000 0.000000
4.742404 0.409613 30.000000 0.000000
4.762414 0.414858 30.000000 0.000000
4.782424 0.416314 30.000000 0.000000
4.802435 0.409367 30.000000 0.000000
4.822445 0.418126 30.000000 0.000000
4.842455 0.414111 30.000000 0.000000
4.862465 0.413668 30.000000 0.000000
4.882475 0.419187 30.000000 0.000000
4.902485 0.411681 30.000000 0.000000
4.922495 0.419398 30.000000 0.000000
4.942506 0.418223 30.000000 0.000000
4.962516 0.414218 30.000000 0.000000
4.982526 0.422560 30.000000 0.000000
5.002536 0.416504 30.000000 0.000000
5.022546 0.420485 30.000000 0.000000
5.042556 0.423280 30.000000 0.000000
5.062567 0.415478 30.000000 0.000000
5.082577 0.424456 30.000000 0.000000
5.102587 0.420864 30.000000 0.000000
5.122597 0.419949 30.000000 0.000000
5.142607 0.425781 30.000000 0.000000
5.162617 0.418541 30.000000 0.000000
5.182627 0.425502 30.000000 0.000000
5.202638 0.425526 30.000000 0.000000
5.222648 0.421259 30.000000 0.000000
5.242658 0.428797 30.000000 0.000000
5.262668 0.423820 30.000000 0.000000
5.282678 0.426237 30.000000 0.000000
5.302688 0.429597 30.000000 0.000000
5.322698 0.423201 30.000000 0.000000
5.342709 0.430131 30.000000 0.000000
5.362719 0.427137 30.000000 0.000000
5.382729 0.424843 30.000000 0.000000
5.402739 0.429755 30.000000 0.000000
5.422749 0.421884 30.000000 0.000000
5.442759 0.426657 30.000000 0.000000
5.462769 0.426588 30.000000 0.000000
5.482780 0.423020 30.000000 0.000000
5.502790 0.429614 30.000000 0.000000
5.522800 0.423572 30.000000 0.000000
5.542810 0.425187 30.000000 0.000000
5.562820 0.427500 30.000000 0.000000
5.582830 0.421976 30.000000 0.000000
5.602840 0.428219 30.000000 0.000000
5.622851 0.424329 30.000000 0.000000
5.642861 0.422922 30.000000 0.000000
5.662871 0.426594 30.000000 0.000000
5.682881 0.420240 30.000000 0.000000
5.702891 0.425055 30.000000 0.000000
5.722901 0.423764 30.000000 0.000000
5.742911 0.421418 30.000000 0.000000
5.762922 0.426276 30.000000 0.000000
5.782932 0.420274 30.000000 0.000000
5.802942 0.423428 30.000000 0.000000
5.822952 0.423698 30.000000 0.000000
5.842962 0.419441 30.000000 0.000000
5.862972 0.425391 30.000000 0.000000
5.882982 0.421126 30.000000 0.000000
5.902993 0.421430 30.000000 0.000000
5.923003 0.424240 30.000000 0.000000
5.943013 0.417855 30.000000 0.000000
5.963023 0.423804 30.000000 0.000000
5.983033 0.421466 30.000000 0.000000
6.003043 0.420791 30.000000 0.000000
6.023053 0.424948 30.000000 0.000000
6.043064 0.416995 30.000000 0.000000
6.063074 0.421035 30.000000 0.000000
6.083084 0.420027 30.000000 0.000000
6.103094 0.417941 30.000000 0.000000
6.123104 0.424626 30.000000 0.000000
6.143114 0.419204 30.000000 0.000000
6.163124 0.421198 30.000000 0.000000
6.183135 0.421669 30.000000 0.000000
6.203145 0.414463 30.000000 0.000000
6.223155 0.420296 30.000000 0.000000
6.243165 0.415088 30.000000 0.000000
6.263175 0.414265 30.000000 0.000000
