serial number: JANUSZ_3_RI80_21414853
torque: 16
start_temp: 30 (34)
finish_temp: 30 (33)
note: zdjęty z robota soft 18.07 g 11:14, łagodne PIDy oś 1, Montaż TK po naprawie przekładni
0.000000 0.453650 30.000000 0.000000
0.020010 0.447880 30.000000 0.000000
0.040020 0.453201 30.000000 0.000000
0.060030 0.450257 30.000000 0.000000
0.080041 0.449186 30.000000 0.000000
0.100051 0.452899 30.000000 0.000000
0.120061 0.447787 30.000000 0.000000
0.140071 0.451690 30.000000 0.000000
0.160081 0.451641 30.000000 0.000000
0.180091 0.447794 30.000000 0.000000
0.200101 0.453623 30.000000 0.000000
0.220112 0.449315 30.000000 0.000000
0.240122 0.450328 30.000000 0.000000
0.260132 0.451680 30.000000 0.000000
0.280142 0.445708 30.000000 0.000000
0.300152 0.451437 30.000000 0.000000
0.320162 0.447750 30.000000 0.000000
0.340172 0.447784 30.000000 0.000000
0.360183 0.451056 30.000000 0.000000
0.380193 0.443691 30.000000 0.000000
0.400203 0.447795 30.000000 0.000000
0.420213 0.445502 30.000000 0.000000
0.440223 0.441229 30.000000 0.000000
0.460233 0.446365 30.000000 0.000000
0.480243 0.440205 30.000000 0.000000
0.500254 0.441974 30.000000 0.000000
0.520264 0.441571 30.000000 0.000000
0.540274 0.433674 30.000000 0.000000
0.560284 0.440161 30.000000 0.000000
0.580294 0.436766 30.000000 0.000000
0.600304 0.437416 30.000000 0.000000
0.620314 0.440932 30.000000 0.000000
0.640325 0.433705 30.000000 0.000000
0.660335 0.438228 30.000000 0.000000
0.680345 0.435218 30.000000 0.000000
0.700355 0.430472 30.000000 0.000000
0.720365 0.435789 30.000000 0.000000
0.740375 0.428916 30.000000 0.000000
0.760385 0.431384 30.000000 0.000000
0.780396 0.431816 30.000000 0.000000
0.800406 0.424646 30.000000 0.000000
0.820416 0.432450 30.000000 0.000000
0.840426 0.428792 30.000000 0.000000
0.860436 0.430176 30.000000 0.000000
0.880446 0.433326 30.000000 0.000000
0.900456 0.426241 30.000000 0.000000
0.920467 0.433111 30.000000 0.000000
0.940477 0.430807 30.000000 0.000000
0.960487 0.428331 30.000000 0.000000
0.980497 0.434154 30.000000 0.000000
1.000507 0.428333 30.000000 0.000000
1.020517 0.431919 30.000000 0.000000
1.040528 0.432285 30.000000 0.000000
1.060538 0.425336 30.000000 0.000000
1.080548 0.432270 30.000000 0.000000
1.100558 0.428039 30.000000 0.000000
1.120568 0.428230 30.000000 0.000000
1.140578 0.430194 30.000000 0.000000
1.160588 0.422935 30.000000 0.000000
1.180599 0.429175 30.000000 0.000000
1.200609 0.427838 30.000000 0.000000
1.220619 0.425415 30.000000 0.000000
1.240629 0.431252 30.000000 0.000000
1.260639 0.424887 30.000000 0.000000
1.280649 0.427810 30.000000 0.000000
1.300659 0.427537 30.000000 0.000000
1.320670 0.420817 30.000000 0.000000
1.340680 0.427102 30.000000 0.000000
1.360690 0.422363 30.000000 0.000000
1.380700 0.422967 30.000000 0.000000
1.400710 0.425815 30.000000 0.000000
1.420720 0.419601 30.000000 0.000000
1.440730 0.425645 30.000000 0.000000
1.460741 0.422252 30.000000 0.000000
1.480751 0.419157 30.000000 0.000000
1.500761 0.423806 30.000000 0.000000
1.520771 0.417112 30.000000 0.000000
1.540781 0.421326 30.000000 0.000000
1.560791 0.420429 30.000000 0.000000
1.580801 0.414978 30.000000 0.000000
1.600812 0.421595 30.000000 0.000000
1.620822 0.416161 30.000000 0.000000
1.640832 0.418358 30.000000 0.000000
1.660842 0.421220 30.000000 0.000000
1.680852 0.414705 30.000000 0.000000
1.700862 0.421379 30.000000 0.000000
1.720872 0.417724 30.000000 0.000000
1.740883 0.416144 30.000000 0.000000
1.760893 0.419488 30.000000 0.000000
1.780903 0.412504 30.000000 0.000000
1.800913 0.417204 30.000000 0.000000
1.820923 0.415676 30.000000 0.000000
1.840933 0.410466 30.000000 0.000000
1.860943 0.416487 30.000000 0.000000
1.880954 0.410320 30.000000 0.000000
1.900964 0.412471 30.000000 0.000000
1.920974 0.414656 30.000000 0.000000
1.940984 0.407804 30.000000 0.000000
1.960994 0.413869 30.000000 0.000000
1.981004 0.410007 30.000000 0.000000
2.001014 0.408999 30.000000 0.000000
2.021025 0.412551 30.000000 0.000000
2.041035 0.405577 30.000000 0.000000
2.061045 0.410592 30.000000 0.000000
2.081055 0.409327 30.000000 0.000000
2.101065 0.406349 30.000000 0.000000
2.121075 0.411199 30.000000 0.000000
2.141085 0.405008 30.000000 0.000000
2.161096 0.407837 30.000000 0.000000
2.181106 0.408494 30.000000 0.000000
2.201116 0.401925 30.000000 0.000000
2.221126 0.407457 30.000000 0.000000
2.241136 0.402307 30.000000 0.000000
2.261146 0.402264 30.000000 0.000000
2.281156 0.404852 30.000000 0.000000
2.301167 0.396687 30.000000 0.000000
2.321177 0.402090 30.000000 0.000000
2.341187 0.399092 30.000000 0.000000
2.361197 0.394864 30.000000 0.000000
2.381207 0.400711 30.000000 0.000000
2.401217 0.392652 30.000000 0.000000
2.421227 0.396635 30.000000 0.000000
2.441238 0.397264 30.000000 0.000000
2.461248 0.389351 30.000000 0.000000
2.481258 0.396173 30.000000 0.000000
2.501268 0.390911 30.000000 0.000000
2.521278 0.391756 30.000000 0.000000
2.541288 0.394590 30.000000 0.000000
2.561298 0.385896 30.000000 0.000000
2.581309 0.392971 30.000000 0.000000
2.601319 0.391059 30.000000 0.000000
2.621329 0.388254 30.000000 0.000000
2.641339 0.393772 30.000000 0.000000
2.661349 0.386423 30.000000 0.000000
2.681359 0.391588 30.000000 0.000000
2.701369 0.392138 30.000000 0.000000
2.721380 0.385775 30.000000 0.000000
2.741390 0.393220 30.000000 0.000000
2.761400 0.389081 30.000000 0.000000
2.781410 0.390640 30.000000 0.000000
2.801420 0.393255 30.000000 0.000000
2.821430 0.384918 30.000000 0.000000
2.841440 0.390914 30.000000 0.000000
2.861451 0.389644 30.000000 0.000000
2.881461 0.387775 30.000000 0.000000
2.901471 0.392992 30.000000 0.000000
2.921481 0.385813 30.000000 0.000000
2.941491 0.390890 30.000000 0.000000
2.961501 0.390502 30.000000 0.000000
2.981511 0.385058 30.000000 0.000000
3.001522 0.391728 30.000000 0.000000
3.021532 0.387364 30.000000 0.000000
3.041542 0.389590 30.000000 0.000000
3.061552 0.391276 30.000000 0.000000
3.081562 0.382474 30.000000 0.000000
3.101572 0.390469 30.000000 0.000000
3.121583 0.387140 30.000000 0.000000
3.141593 0.385229 30.000000 0.000000
3.161603 0.390314 30.000000 0.000000
3.181613 0.381821 30.000000 0.000000
3.201623 0.389077 30.000000 0.000000
3.221633 0.389069 30.000000 0.000000
3.241643 0.384426 30.000000 0.000000
3.261654 0.391829 30.000000 0.000000
3.281664 0.387199 30.000000 0.000000
3.301674 0.391096 30.000000 0.000000
3.321684 0.392866 30.000000 0.000000
3.341694 0.385325 30.000000 0.000000
3.361704 0.394713 30.000000 0.000000
3.381714 0.392497 30.000000 0.000000
3.401725 0.391577 30.000000 0.000000
3.421735 0.397473 30.000000 0.000000
3.441745 0.391635 30.000000 0.000000
3.461755 0.399657 30.000000 0.000000
3.481765 0.399164 30.000000 0.000000
3.501775 0.393545 30.000000 0.000000
3.521785 0.400417 30.000000 0.000000
3.541796 0.396030 30.000000 0.000000
3.561806 0.400129 30.000000 0.000000
3.581816 0.402239 30.000000 0.000000
3.601826 0.394598 30.000000 0.000000
3.621836 0.404253 30.000000 0.000000
3.641846 0.401109 30.000000 0.000000
3.661856 0.400433 30.000000 0.000000
3.681867 0.405467 30.000000 0.000000
3.701877 0.399247 30.000000 0.000000
3.721887 0.406250 30.000000 0.000000
3.741897 0.405283 30.000000 0.000000
3.761907 0.400257 30.000000 0.000000
3.781917 0.407999 30.000000 0.000000
3.801927 0.402941 30.000000 0.000000
3.821938 0.406365 30.000000 0.000000
3.841948 0.408999 30.000000 0.000000
3.861958 0.401430 30.000000 0.000000
3.881968 0.411929 30.000000 0.000000
3.901978 0.409564 30.000000 0.000000
3.921988 0.408946 30.000000 0.000000
3.941998 0.415520 30.000000 0.000000
3.962009 0.409165 30.000000 0.000000
3.982019 0.416846 30.000000 0.000000
4.002029 0.416329 30.000000 0.000000
4.022039 0.410955 30.000000 0.000000
4.042049 0.420333 30.000000 0.000000
4.062059 0.415894 30.000000 0.000000
4.082069 0.419313 30.000000 0.000000
4.102080 0.422114 30.000000 0.000000
4.122090 0.415519 30.000000 0.000000
4.142100 0.425711 30.000000 0.000000
4.162110 0.423052 30.000000 0.000000
4.182120 0.421924 30.000000 0.000000
4.202130 0.427710 30.000000 0.000000
4.222140 0.421469 30.000000 0.000000
4.242151 0.427962 30.000000 0.000000
4.262161 0.427230 30.000000 0.000000
4.282171 0.421097 30.000000 0.000000
4.302181 0.430311 30.000000 0.000000
4.322191 0.426923 30.000000 0.000000
4.342201 0.429312 30.000000 0.000000
4.362211 0.432884 30.000000 0.000000
4.382222 0.427217 30.000000 0.000000
4.402232 0.436371 30.000000 0.000000
4.422242 0.434916 30.000000 0.000000
4.442252 0.433194 30.000000 0.000000
4.462262 0.439243 30.000000 0.000000
4.482272 0.434451 30.000000 0.000000
4.502282 0.439855 30.000000 0.000000
4.522293 0.439634 30.000000 0.000000
4.542303 0.433161 30.000000 0.000000
4.562313 0.439975 30.000000 0.000000
4.582323 0.435730 30.000000 0.000000
4.602333 0.436609 30.000000 0.000000
4.622343 0.439862 30.000000 0.000000
4.642353 0.433072 30.000000 0.000000
4.662364 0.440752 30.000000 0.000000
4.682374 0.438848 30.000000 0.000000
4.702384 0.436746 30.000000 0.000000
4.722394 0.442940 30.000000 0.000000
4.742404 0.438005 30.000000 0.000000
4.762414 0.442702 30.000000 0.000000
4.782424 0.443194 30.000000 0.000000
4.802435 0.437550 30.000000 0.000000
4.822445 0.445410 30.000000 0.000000
4.842455 0.442477 30.000000 0.000000
4.862465 0.442415 30.000000 0.000000
4.882475 0.446908 30.000000 0.000000
4.902485 0.441505 30.000000 0.000000
4.922495 0.447881 30.000000 0.000000
4.942506 0.446463 30.000000 0.000000
4.962516 0.443474 30.000000 0.000000
4.982526 0.449393 30.000000 0.000000
5.002536 0.445432 30.000000 0.000000
5.022546 0.449529 30.000000 0.000000
5.042556 0.451935 30.000000 0.000000
5.062567 0.446923 30.000000 0.000000
5.082577 0.453425 30.000000 0.000000
5.102587 0.450794 30.000000 0.000000
5.122597 0.450919 30.000000 0.000000
5.142607 0.455123 30.000000 0.000000
5.162617 0.450387 30.000000 0.000000
5.182627 0.455816 30.000000 0.000000
5.202638 0.454821 30.000000 0.000000
5.222648 0.451502 30.000000 0.000000
5.242658 0.456744 30.000000 0.000000
5.262668 0.452795 30.000000 0.000000
5.282678 0.454673 30.000000 0.000000
5.302688 0.455747 30.000000 0.000000
5.322698 0.450843 30.000000 0.000000
5.342709 0.455658 30.000000 0.000000
5.362719 0.453194 30.000000 0.000000
5.382729 0.452366 30.000000 0.000000
5.402739 0.455002 30.000000 0.000000
5.422749 0.449860 30.000000 0.000000
5.442759 0.453731 30.000000 0.000000
5.462769 0.452692 30.000000 0.000000
5.482780 0.449704 30.000000 0.000000
5.502790 0.454204 30.000000 0.000000
5.522800 0.449429 30.000000 0.000000
5.542810 0.450647 30.000000 0.000000
5.562820 0.451296 30.000000 0.000000
5.582830 0.447180 30.000000 0.000000
5.602840 0.452647 30.000000 0.000000
5.622851 0.450220 30.000000 0.000000
5.642861 0.450297 30.000000 0.000000
5.662871 0.453822 30.000000 0.000000
5.682881 0.448411 30.000000 0.000000
5.702891 0.453004 30.000000 0.000000
5.722901 0.450663 30.000000 0.000000
5.742911 0.449724 30.000000 0.000000
5.762922 0.453250 30.000000 0.000000
5.782932 0.448666 30.000000 0.000000
5.802942 0.452287 30.000000 0.000000
5.822952 0.452203 30.000000 0.000000
5.842962 0.450059 30.000000 0.000000
5.862972 0.455238 30.000000 0.000000
5.882982 0.452127 30.000000 0.000000
5.902993 0.454196 30.000000 0.000000
5.923003 0.454886 30.000000 0.000000
5.943013 0.450698 30.000000 0.000000
5.963023 0.455398 30.000000 0.000000
5.983033 0.451648 30.000000 0.000000
6.003043 0.450108 30.000000 0.000000
6.023053 0.452184 30.000000 0.000000
6.043064 0.448156 30.000000 0.000000
6.063074 0.453351 30.000000 0.000000
6.083084 0.453007 30.000000 0.000000
6.103094 0.451839 30.000000 0.000000
6.123104 0.455940 30.000000 0.000000
6.143114 0.451472 30.000000 0.000000
6.163124 0.455083 30.000000 0.000000
6.183135 0.455383 30.000000 0.000000
6.203145 0.450688 30.000000 0.000000
6.223155 0.455533 30.000000 0.000000
6.243165 0.450938 30.000000 0.000000
6.263175 0.451449 30.000000 0.000000
