serial number: JANUSZ_3_RI80_21414853
torque: 16
start_temp: 22 (24)
finish_temp: 22 (24)
note: PCB 3_4
0.000000 0.206287 22.000000 0.000000
0.020010 0.214558 22.000000 0.000000
0.040020 0.201739 22.000000 0.000000
0.060030 0.213195 22.000000 0.000000
0.080041 0.213672 22.000000 0.000000
0.100051 0.202502 22.000000 0.000000
0.120061 0.214360 22.000000 0.000000
0.140071 0.206415 22.000000 0.000000
0.160081 0.214905 22.000000 0.000000
0.180091 0.216211 22.000000 0.000000
0.200101 0.202787 22.000000 0.000000
0.220112 0.213305 22.000000 0.000000
0.240122 0.208564 22.000000 0.000000
0.260132 0.210129 22.000000 0.000000
0.280142 0.216043 22.000000 0.000000
0.300152 0.205368 22.000000 0.000000
0.320162 0.215328 22.000000 0.000000
0.340172 0.212046 22.000000 0.000000
0.360183 0.205130 22.000000 0.000000
0.380193 0.215829 22.000000 0.000000
0.400203 0.205980 22.000000 0.000000
0.420213 0.213884 22.000000 0.000000
0.440223 0.215328 22.000000 0.000000
0.460233 0.202858 22.000000 0.000000
0.480243 0.214803 22.000000 0.000000
0.500254 0.208403 22.000000 0.000000
0.520264 0.209168 22.000000 0.000000
0.540274 0.214174 22.000000 0.000000
0.560284 0.200435 22.000000 0.000000
0.580294 0.213189 22.000000 0.000000
0.600304 0.209560 22.000000 0.000000
0.620314 0.203888 22.000000 0.000000
0.640325 0.214253 22.000000 0.000000
0.660335 0.201002 22.000000 0.000000
0.680345 0.212050 22.000000 0.000000
0.700355 0.213478 22.000000 0.000000
0.720365 0.203767 22.000000 0.000000
0.740375 0.216447 22.000000 0.000000
0.760385 0.206796 22.000000 0.000000
0.780396 0.209671 22.000000 0.000000
0.800406 0.213978 22.000000 0.000000
0.820416 0.201837 22.000000 0.000000
0.840426 0.214436 22.000000 0.000000
0.860436 0.208864 22.000000 0.000000
0.880446 0.203298 22.000000 0.000000
0.900456 0.213750 22.000000 0.000000
0.920467 0.202723 22.000000 0.000000
0.940477 0.214576 22.000000 0.000000
0.960487 0.212548 22.000000 0.000000
0.980497 0.204717 22.000000 0.000000
1.000507 0.215983 22.000000 0.000000
1.020517 0.206255 22.000000 0.000000
1.040528 0.211372 22.000000 0.000000
1.060538 0.214093 22.000000 0.000000
1.080548 0.200984 22.000000 0.000000
1.100558 0.211558 22.000000 0.000000
1.120568 0.205432 22.000000 0.000000
1.140578 0.203690 22.000000 0.000000
1.160588 0.213421 22.000000 0.000000
1.180599 0.201721 22.000000 0.000000
1.200609 0.210502 22.000000 0.000000
1.220619 0.207497 22.000000 0.000000
1.240629 0.201630 22.000000 0.000000
1.260639 0.212632 22.000000 0.000000
1.280649 0.200952 22.000000 0.000000
1.300659 0.207009 22.000000 0.000000
1.320670 0.209793 22.000000 0.000000
1.340680 0.198646 22.000000 0.000000
1.360690 0.210238 22.000000 0.000000
1.380700 0.203258 22.000000 0.000000
1.400710 0.203636 22.000000 0.000000
1.420720 0.211335 22.000000 0.000000
1.440730 0.196425 22.000000 0.000000
1.460741 0.207608 22.000000 0.000000
1.480751 0.205447 22.000000 0.000000
1.500761 0.197091 22.000000 0.000000
1.520771 0.210423 22.000000 0.000000
1.540781 0.199347 22.000000 0.000000
1.560791 0.203630 22.000000 0.000000
1.580801 0.206542 22.000000 0.000000
1.600812 0.193702 22.000000 0.000000
1.620822 0.206094 22.000000 0.000000
1.640832 0.197139 22.000000 0.000000
1.660842 0.200763 22.000000 0.000000
1.680852 0.207486 22.000000 0.000000
1.700862 0.197290 22.000000 0.000000
1.720872 0.208155 22.000000 0.000000
1.740883 0.203022 22.000000 0.000000
1.760893 0.200756 22.000000 0.000000
1.780903 0.209914 22.000000 0.000000
1.800913 0.199035 22.000000 0.000000
1.820923 0.206734 22.000000 0.000000
1.840933 0.206802 22.000000 0.000000
1.860943 0.195412 22.000000 0.000000
1.880954 0.205327 22.000000 0.000000
1.900964 0.196588 22.000000 0.000000
1.920974 0.202784 22.000000 0.000000
1.940984 0.207117 22.000000 0.000000
1.960994 0.194985 22.000000 0.000000
1.981004 0.205028 22.000000 0.000000
2.001014 0.202397 22.000000 0.000000
2.021025 0.202689 22.000000 0.000000
2.041035 0.208047 22.000000 0.000000
2.061045 0.196223 22.000000 0.000000
2.081055 0.204222 22.000000 0.000000
2.101065 0.205244 22.000000 0.000000
2.121075 0.199219 22.000000 0.000000
2.141085 0.207317 22.000000 0.000000
2.161096 0.195816 22.000000 0.000000
2.181106 0.200813 22.000000 0.000000
2.201116 0.202700 22.000000 0.000000
2.221126 0.190327 22.000000 0.000000
2.241136 0.200869 22.000000 0.000000
2.261146 0.196958 22.000000 0.000000
2.281156 0.195373 22.000000 0.000000
2.301167 0.205013 22.000000 0.000000
2.321177 0.192915 22.000000 0.000000
2.341187 0.204093 22.000000 0.000000
2.361197 0.202751 22.000000 0.000000
2.381207 0.193977 22.000000 0.000000
2.401217 0.201560 22.000000 0.000000
2.421227 0.192618 22.000000 0.000000
2.441238 0.202125 22.000000 0.000000
2.461248 0.202673 22.000000 0.000000
2.481258 0.194092 22.000000 0.000000
2.501268 0.206480 22.000000 0.000000
2.521278 0.200953 22.000000 0.000000
2.541288 0.201120 22.000000 0.000000
2.561298 0.206698 22.000000 0.000000
2.581309 0.194902 22.000000 0.000000
2.601319 0.206792 22.000000 0.000000
2.621329 0.204417 22.000000 0.000000
2.641339 0.196566 22.000000 0.000000
2.661349 0.204561 22.000000 0.000000
2.681359 0.196116 22.000000 0.000000
2.701369 0.206977 22.000000 0.000000
2.721380 0.206403 22.000000 0.000000
2.741390 0.196838 22.000000 0.000000
2.761400 0.207317 22.000000 0.000000
2.781410 0.201083 22.000000 0.000000
2.801420 0.203744 22.000000 0.000000
2.821430 0.204682 22.000000 0.000000
2.841440 0.193239 22.000000 0.000000
2.861451 0.205689 22.000000 0.000000
2.881461 0.201911 22.000000 0.000000
2.901471 0.196834 22.000000 0.000000
2.921481 0.205446 22.000000 0.000000
2.941491 0.197690 22.000000 0.000000
2.961501 0.207922 22.000000 0.000000
2.981511 0.204330 22.000000 0.000000
3.001522 0.191623 22.000000 0.000000
3.021532 0.204890 22.000000 0.000000
3.041542 0.197936 22.000000 0.000000
3.061552 0.199144 22.000000 0.000000
3.081562 0.204524 22.000000 0.000000
3.101572 0.196152 22.000000 0.000000
3.121583 0.209682 22.000000 0.000000
3.141593 0.203269 22.000000 0.000000
3.161603 0.165144 22.000000 0.000000
3.181613 0.196835 22.000000 0.000000
3.201623 0.190747 22.000000 0.000000
3.221633 0.204477 22.000000 0.000000
3.241643 0.202820 22.000000 0.000000
3.261654 0.193182 22.000000 0.000000
3.281664 0.206493 22.000000 0.000000
3.301674 0.197914 22.000000 0.000000
3.321684 0.202985 22.000000 0.000000
3.341694 0.205150 22.000000 0.000000
3.361704 0.194507 22.000000 0.000000
3.381714 0.209993 22.000000 0.000000
3.401725 0.203299 22.000000 0.000000
3.421735 0.198227 22.000000 0.000000
3.441745 0.205019 22.000000 0.000000
3.461755 0.194445 22.000000 0.000000
3.481765 0.205846 22.000000 0.000000
3.501775 0.203609 22.000000 0.000000
3.521785 0.193969 22.000000 0.000000
3.541796 0.206599 22.000000 0.000000
3.561806 0.200161 22.000000 0.000000
3.581816 0.204150 22.000000 0.000000
3.601826 0.206458 22.000000 0.000000
3.621836 0.193774 22.000000 0.000000
3.641846 0.205902 22.000000 0.000000
3.661856 0.201667 22.000000 0.000000
3.681867 0.198759 22.000000 0.000000
3.701877 0.206854 22.000000 0.000000
3.721887 0.194958 22.000000 0.000000
3.741897 0.206603 22.000000 0.000000
3.761907 0.203721 22.000000 0.000000
3.781917 0.194450 22.000000 0.000000
3.801927 0.207714 22.000000 0.000000
3.821938 0.198942 22.000000 0.000000
3.841948 0.203674 22.000000 0.000000
3.861958 0.206337 22.000000 0.000000
3.881968 0.193164 22.000000 0.000000
3.901978 0.206936 22.000000 0.000000
3.921988 0.200773 22.000000 0.000000
3.941998 0.198510 22.000000 0.000000
3.962009 0.205411 22.000000 0.000000
3.982019 0.193406 22.000000 0.000000
4.002029 0.205081 22.000000 0.000000
4.022039 0.202398 22.000000 0.000000
4.042049 0.194758 22.000000 0.000000
4.062059 0.209292 22.000000 0.000000
4.082069 0.200845 22.000000 0.000000
4.102080 0.204543 22.000000 0.000000
4.122090 0.207149 22.000000 0.000000
4.142100 0.195844 22.000000 0.000000
4.162110 0.208367 22.000000 0.000000
4.182120 0.202933 22.000000 0.000000
4.202130 0.199011 22.000000 0.000000
4.222140 0.207779 22.000000 0.000000
4.242151 0.196498 22.000000 0.000000
4.262161 0.206428 22.000000 0.000000
4.282171 0.204807 22.000000 0.000000
4.302181 0.196830 22.000000 0.000000
4.322191 0.210288 22.000000 0.000000
4.342201 0.201611 22.000000 0.000000
4.362211 0.206911 22.000000 0.000000
4.382222 0.209791 22.000000 0.000000
4.402232 0.197906 22.000000 0.000000
4.422242 0.210888 22.000000 0.000000
4.442252 0.203768 22.000000 0.000000
4.462262 0.199293 22.000000 0.000000
4.482272 0.208338 22.000000 0.000000
4.502282 0.197650 22.000000 0.000000
4.522293 0.207954 22.000000 0.000000
4.542303 0.206051 22.000000 0.000000
4.562313 0.198508 22.000000 0.000000
4.582323 0.211561 22.000000 0.000000
4.602333 0.202214 22.000000 0.000000
4.622343 0.203379 22.000000 0.000000
4.642353 0.211354 22.000000 0.000000
4.662364 0.199768 22.000000 0.000000
4.682374 0.211726 22.000000 0.000000
4.702384 0.206898 22.000000 0.000000
4.722394 0.201007 22.000000 0.000000
4.742404 0.211634 22.000000 0.000000
4.762414 0.197343 22.000000 0.000000
4.782424 0.207699 22.000000 0.000000
4.802435 0.208252 22.000000 0.000000
4.822445 0.197506 22.000000 0.000000
4.842455 0.211049 22.000000 0.000000
4.862465 0.201687 22.000000 0.000000
4.882475 0.206249 22.000000 0.000000
4.902485 0.212756 22.000000 0.000000
4.922495 0.199497 22.000000 0.000000
4.942506 0.214161 22.000000 0.000000
4.962516 0.210095 22.000000 0.000000
4.982526 0.205677 22.000000 0.000000
5.002536 0.213898 22.000000 0.000000
5.022546 0.200716 22.000000 0.000000
5.042556 0.210781 22.000000 0.000000
5.062567 0.211586 22.000000 0.000000
5.082577 0.201653 22.000000 0.000000
5.102587 0.214964 22.000000 0.000000
5.122597 0.207568 22.000000 0.000000
5.142607 0.210133 22.000000 0.000000
5.162617 0.215470 22.000000 0.000000
5.182627 0.200873 22.000000 0.000000
5.202638 0.212961 22.000000 0.000000
5.222648 0.210808 22.000000 0.000000
5.242658 0.202889 22.000000 0.000000
5.262668 0.214491 22.000000 0.000000
5.282678 0.198359 22.000000 0.000000
5.302688 0.208069 22.000000 0.000000
5.322698 0.211552 22.000000 0.000000
5.342709 0.202224 22.000000 0.000000
5.362719 0.215158 22.000000 0.000000
5.382729 0.204097 22.000000 0.000000
5.402739 0.204457 22.000000 0.000000
5.422749 0.213587 22.000000 0.000000
5.442759 0.199875 22.000000 0.000000
5.462769 0.213542 22.000000 0.000000
5.482780 0.208874 22.000000 0.000000
5.502790 0.204009 22.000000 0.000000
5.522800 0.214087 22.000000 0.000000
5.542810 0.197958 22.000000 0.000000
5.562820 0.208980 22.000000 0.000000
5.582830 0.213243 22.000000 0.000000
5.602840 0.203328 22.000000 0.000000
5.622851 0.216023 22.000000 0.000000
5.642861 0.207571 22.000000 0.000000
5.662871 0.211269 22.000000 0.000000
5.682881 0.217960 22.000000 0.000000
5.702891 0.203978 22.000000 0.000000
5.722901 0.215838 22.000000 0.000000
5.742911 0.212878 22.000000 0.000000
5.762922 0.207248 22.000000 0.000000
5.782932 0.216421 22.000000 0.000000
5.802942 0.202962 22.000000 0.000000
5.822952 0.211161 22.000000 0.000000
5.842962 0.212721 22.000000 0.000000
5.862972 0.201033 22.000000 0.000000
5.882982 0.214088 22.000000 0.000000
5.902993 0.207840 22.000000 0.000000
5.923003 0.213440 22.000000 0.000000
5.943013 0.217769 22.000000 0.000000
5.963023 0.202575 22.000000 0.000000
5.983033 0.212739 22.000000 0.000000
6.003043 0.209521 22.000000 0.000000
6.023053 0.206054 22.000000 0.000000
6.043064 0.213381 22.000000 0.000000
6.063074 0.202375 22.000000 0.000000
6.083084 0.212701 22.000000 0.000000
6.103094 0.213793 22.000000 0.000000
6.123104 0.201444 22.000000 0.000000
6.143114 0.212508 22.000000 0.000000
6.163124 0.204053 22.000000 0.000000
6.183135 0.210007 22.000000 0.000000
6.203145 0.215474 22.000000 0.000000
6.223155 0.200802 22.000000 0.000000
6.243165 0.212791 22.000000 0.000000
6.263175 0.210031 22.000000 0.000000
