serial number: RI80_21414854
torque: 16
start_temp: 24 (24)
finish_temp: 24 (24)
note: po poprawkach i montazu Tomka
0.000000 0.226225 24.000000 1541.745763
0.020010 0.229559 24.000000 1628.508671
0.040020 0.228357 24.000000 1682.050562
0.060030 0.226693 24.000000 1762.765714
0.080041 0.230695 24.000000 1827.317919
0.100051 0.225243 24.000000 1878.850000
0.120061 0.226706 24.000000 1959.289017
0.140071 0.228885 24.000000 2007.632768
0.160081 0.225609 24.000000 2069.299435
0.180091 0.229725 24.000000 2134.321637
0.200101 0.226321 24.000000 2175.298343
0.220112 0.227110 24.000000 2244.965318
0.240122 0.228933 24.000000 2291.668539
0.260132 0.225508 24.000000 2336.698864
0.280142 0.228426 24.000000 2400.320225
0.300152 0.227519 24.000000 2436.593023
0.320162 0.225926 24.000000 2491.276836
0.340172 0.229394 24.000000 2538.857143
0.360183 0.225528 24.000000 2572.966102
0.380193 0.227449 24.000000 2632.034286
0.400203 0.228307 24.000000 2665.610169
0.420213 0.225456 24.000000 2709.367232
0.440223 0.228134 24.000000 2759.102273
0.460233 0.225714 24.000000 2786.480447
0.480243 0.225468 24.000000 2838.465909
0.500254 0.226829 24.000000 2875.254237
0.520264 0.224473 24.000000 2907.033708
0.540274 0.226971 24.000000 2955.414773
0.560284 0.226394 24.000000 2984.622857
0.580294 0.225792 24.000000 3025.230337
0.600304 0.227994 24.000000 3064.198864
0.620314 0.225616 24.000000 3090.471910
0.640325 0.227262 24.000000 3136.073864
0.660335 0.227419 24.000000 3165.022727
0.680345 0.224552 24.000000 3199.146067
0.700355 0.225854 24.000000 3237.932203
0.720365 0.225369 24.000000 3263.824859
0.740375 0.225727 24.000000 3303.674157
0.760385 0.226832 24.000000 3332.051429
0.780396 0.225505 24.000000 3363.675978
0.800406 0.227368 24.000000 3400.585227
0.820416 0.227294 24.000000 3433.191011
0.840426 0.226590 24.000000 3468.635838
0.860436 0.226919 24.000000 3505.576271
0.880446 0.226174 24.000000 3538.857955
0.900456 0.226573 24.000000 3581.798883
0.920467 0.227292 24.000000 3617.459770
0.940477 0.225592 24.000000 3657.797753
0.960487 0.226451 24.000000 3697.717514
0.980497 0.226785 24.000000 3735.691429
1.000507 0.226076 24.000000 3776.558011
1.020517 0.226090 24.000000 3810.280000
1.040528 0.224868 24.000000 3848.255682
1.060538 0.226537 24.000000 3880.441341
1.080548 0.226971 24.000000 3912.215909
1.100558 0.225716 24.000000 3945.225989
1.120568 0.225516 24.000000 3968.414773
1.140578 0.226086 24.000000 3998.533708
1.160588 0.226586 24.000000 4023.118644
1.180599 0.226336 24.000000 4045.674157
1.200609 0.225093 24.000000 4075.812500
1.220619 0.225306 24.000000 4094.932203
1.240629 0.226055 24.000000 4124.666667
1.260639 0.225107 24.000000 4152.646067
1.280649 0.224703 24.000000 4174.471591
1.300659 0.224525 24.000000 4212.292818
1.320670 0.224752 24.000000 4235.751412
1.340680 0.225259 24.000000 4270.229050
1.360690 0.224049 24.000000 4306.642045
1.380700 0.223909 24.000000 4333.000000
1.400710 0.225059 24.000000 4376.670391
1.420720 0.224710 24.000000 4409.613636
1.440730 0.224981 24.000000 4443.615819
1.460741 0.223543 24.000000 4491.696133
1.480751 0.224653 24.000000 4520.250000
1.500761 0.225470 24.000000 4567.606742
1.520771 0.223857 24.000000 4609.675978
1.540781 0.224375 24.000000 4643.561798
1.560791 0.224477 24.000000 4698.438202
1.580801 0.224458 24.000000 4731.859551
1.600812 0.224836 24.000000 4777.256983
1.620822 0.223855 24.000000 4828.230337
1.640832 0.224325 24.000000 4859.500000
1.660842 0.226040 24.000000 4914.925714
1.680852 0.224935 24.000000 4950.796610
1.700862 0.224836 24.000000 4991.494444
1.720872 0.224477 24.000000 5049.011299
1.740883 0.225449 24.000000 5074.793296
1.760893 0.226033 24.000000 5128.056497
1.780903 0.224773 24.000000 5174.706215
1.800913 0.224227 24.000000 5206.864407
1.820923 0.224990 24.000000 5268.296089
1.840933 0.226194 24.000000 5302.463277
1.860943 0.226243 24.000000 5352.553672
1.880954 0.223758 24.000000 5412.553073
1.900964 0.223514 24.000000 5444.440678
1.920974 0.226037 24.000000 5508.782123
1.940984 0.225767 24.000000 5554.964912
1.960994 0.225310 24.000000 5600.994475
1.981004 0.225097 24.000000 5668.948864
2.001014 0.225080 24.000000 5702.353933
2.021025 0.226037 24.000000 5763.881356
2.041035 0.224750 24.000000 5820.234637
2.061045 0.224749 24.000000 5860.382022
2.081055 0.225693 24.000000 5927.022857
2.101065 0.226920 24.000000 5969.134831
2.121075 0.225943 24.000000 6023.847458
2.141085 0.225440 24.000000 6089.926966
2.161096 0.224795 24.000000 6127.508380
2.181106 0.226714 24.000000 6194.278409
2.201116 0.226320 24.000000 6246.850575
2.221126 0.224823 24.000000 6296.655556
2.241136 0.225210 24.000000 6368.240223
2.261146 0.224532 24.000000 6411.741573
2.281156 0.226263 24.000000 6477.323864
2.301167 0.225534 24.000000 6543.337079
2.321177 0.225379 24.000000 6592.389831
2.341187 0.227009 24.000000 6666.593220
2.361197 0.226971 24.000000 6722.698864
2.381207 0.225705 24.000000 6786.869318
2.401217 0.226654 24.000000 6865.443820
2.421227 0.226558 24.000000 6918.645714
2.441238 0.228583 24.000000 6996.765714
2.461248 0.227259 24.000000 7067.653409
2.481258 0.226323 24.000000 7132.640449
2.501268 0.228257 24.000000 7218.022727
2.521278 0.228361 24.000000 7279.265896
2.541288 0.228922 24.000000 7358.005714
2.561298 0.227477 24.000000 7439.168539
2.581309 0.226365 24.000000 7501.267442
2.601319 0.228659 24.000000 7587.897143
2.621329 0.227931 24.000000 7659.407821
2.641339 0.227332 24.000000 7734.064327
2.661349 0.228066 24.000000 7820.899441
2.681359 0.226979 24.000000 7889.039773
2.701369 0.229761 24.000000 7975.802326
2.721380 0.228784 24.000000 8057.034091
2.741390 0.226931 24.000000 8131.298851
2.761400 0.229153 24.000000 8225.627119
2.781410 0.228181 24.000000 8299.805714
2.801420 0.228837 24.000000 8385.029070
2.821430 0.227841 24.000000 8475.346591
2.841440 0.227675 24.000000 8546.647727
2.861451 0.229243 24.000000 8640.770115
2.881461 0.227951 24.000000 8720.173184
2.901471 0.227566 24.000000 8797.630058
2.921481 0.228700 24.000000 8890.795455
2.941491 0.226991 24.000000 8960.089385
2.961501 0.229741 24.000000 9047.290698
2.981511 0.228694 24.000000 9128.813559
3.001522 0.227425 24.000000 9195.248555
3.021532 0.229174 24.000000 9284.179191
3.041542 0.228389 24.000000 9351.376404
3.061552 0.228974 24.000000 9423.946746
3.081562 0.228399 24.000000 9505.849162
3.101572 0.228979 24.000000 9563.891429
3.121583 0.230389 24.000000 9644.931034
3.141593 0.185847 24.000000 9712.293893
3.161603 0.217540 24.000000 9773.328947
3.181613 0.223651 24.000000 9853.473214
3.201623 0.225980 24.000000 9908.733032
3.221633 0.228343 24.000000 9980.353211
3.241643 0.227240 24.000000 10051.242152
3.261654 0.225741 24.000000 10103.765766
3.281664 0.227865 24.000000 10182.027027
3.301674 0.228695 24.000000 10238.824885
3.321684 0.229761 24.000000 10300.168224
3.341694 0.228136 24.000000 10371.805430
3.361704 0.229426 24.000000 10420.548837
3.381714 0.230584 24.000000 10491.419355
3.401725 0.229095 24.000000 10551.756881
3.421735 0.230259 24.000000 10604.027523
3.441745 0.230621 24.000000 10675.272727
3.461755 0.230764 24.000000 10723.449074
3.481765 0.230871 24.000000 10786.172093
3.501775 0.230326 24.000000 10847.232877
3.521785 0.230594 24.000000 10894.170507
3.541796 0.230578 24.000000 10959.483871
3.561806 0.230025 24.000000 11010.706422
3.581816 0.229838 24.000000 11060.855814
3.601826 0.229778 24.000000 11119.442922
3.621836 0.230888 24.000000 11161.018433
3.641846 0.231068 24.000000 11217.746544
3.661856 0.230200 24.000000 11266.154206
3.681867 0.230259 24.000000 11306.327273
3.701877 0.230336 24.000000 11357.908257
3.721887 0.231210 24.000000 11396.981221
3.741897 0.230399 24.000000 11440.587156
3.761907 0.231387 24.000000 11481.857143
3.781917 0.231554 24.000000 11517.373272
3.801927 0.231482 24.000000 11559.400000
3.821938 0.231161 24.000000 11592.310502
3.841948 0.231387 24.000000 11628.389671
3.861958 0.231732 24.000000 11661.807512
3.881968 0.232575 24.000000 11693.287037
3.901978 0.231578 24.000000 11726.648402
3.921988 0.231599 24.000000 11761.892019
3.941998 0.231377 24.000000 11788.737327
3.962009 0.231981 24.000000 11827.037037
3.982019 0.231884 24.000000 11851.293103
4.002029 0.229880 24.000000 11889.771429
4.022039 0.231667 24.000000 11915.335294
4.042049 0.231192 24.000000 11948.222857
4.062059 0.231144 24.000000 11976.853801
4.082069 0.230242 24.000000 12008.291429
4.102080 0.229976 24.000000 12036.977011
4.122090 0.231548 24.000000 12068.170455
4.142100 0.229639 24.000000 12096.632184
4.162110 0.230810 24.000000 12127.452381
4.182120 0.231587 24.000000 12156.604520
4.202130 0.230493 24.000000 12185.132184
4.222140 0.233008 24.000000 12217.633136
4.242151 0.231343 24.000000 12239.976879
4.262161 0.229179 24.000000 12277.689655
4.282171 0.232757 24.000000 12297.176471
4.302181 0.231241 24.000000 12331.698324
4.322191 0.233981 24.000000 12356.357143
4.342201 0.231938 24.000000 12381.552326
4.362211 0.232070 24.000000 12414.856322
4.382222 0.234638 24.000000 12435.803571
4.402232 0.231581 24.000000 12469.500000
4.422242 0.232042 24.000000 12495.331361
4.442252 0.232826 24.000000 12525.649425
4.462262 0.230608 24.000000 12556.825581
4.482272 0.233495 24.000000 12588.242775
4.502282 0.231253 24.000000 12614.352601
4.522293 0.230776 24.000000 12651.623529
4.542303 0.233788 24.000000 12672.994220
4.562313 0.230983 24.000000 12707.857143
4.582323 0.232956 24.000000 12734.450292
4.602333 0.230993 24.000000 12757.537572
4.622343 0.231695 24.000000 12792.682081
4.642353 0.235166 24.000000 12810.911765
4.662364 0.231311 24.000000 12842.045714
4.682374 0.231773 24.000000 12867.017647
4.702384 0.232611 24.000000 12890.440678
4.722394 0.230613 24.000000 12922.093567
4.742404 0.233574 24.000000 12945.627907
4.762414 0.231519 24.000000 12973.682353
4.782424 0.232018 24.000000 13006.856322
4.802435 0.234465 24.000000 13033.309942
4.822445 0.231905 23.994220 13068.075145
4.842455 0.233708 24.000000 13101.029412
4.862465 0.230757 24.000000 13128.302857
4.882475 0.230370 24.000000 13171.797688
4.902485 0.234386 24.000000 13200.198830
4.922495 0.230684 24.000000 13237.988439
4.942506 0.232105 24.000000 13278.853801
4.962516 0.233189 24.000000 13306.432749
4.982526 0.232047 24.000000 13353.500000
5.002536 0.234550 24.000000 13385.720930
5.022546 0.230803 24.000000 13423.316092
5.042556 0.231796 24.000000 13468.432749
5.062567 0.234290 24.000000 13500.953488
5.082577 0.231608 24.000000 13546.368421
5.102587 0.233603 24.000000 13586.568966
5.122597 0.231073 24.000000 13623.584795
5.142607 0.230604 24.000000 13674.406977
5.162617 0.233999 24.000000 13711.245714
5.182627 0.229834 24.000000 13756.865497
5.202638 0.230716 24.000000 13804.890173
5.222648 0.232447 24.000000 13843.793103
5.242658 0.231908 24.000000 13899.023256
5.262668 0.233730 24.000000 13941.417647
5.282678 0.230635 24.000000 13987.511364
5.302688 0.231766 24.000000 14045.212644
5.322698 0.233982 24.000000 14087.148810
5.342709 0.231120 24.000000 14143.994253
5.362719 0.232198 24.000000 14197.129412
5.382729 0.231629 24.000000 14245.218391
5.402739 0.230634 24.000000 14310.708571
5.422749 0.234367 24.000000 14360.822485
5.442759 0.229939 24.000000 14419.765714
5.462769 0.230904 24.000000 14486.231214
5.482780 0.232468 24.000000 14540.598837
5.502790 0.230333 24.000000 14612.343023
5.522800 0.231931 24.000000 14675.948864
5.542810 0.230566 24.000000 14740.482558
5.562820 0.230799 24.000000 14821.712644
5.582830 0.233211 24.000000 14886.274854
5.602840 0.229214 24.000000 14963.821839
5.622851 0.230355 24.000000 15045.034286
5.642861 0.231067 24.000000 15115.982659
5.662871 0.228794 24.000000 15206.875000
5.682881 0.233113 24.000000 15283.497041
5.702891 0.228545 24.000000 15363.721591
5.722901 0.229169 24.000000 15460.356322
5.742911 0.231940 24.000000 15538.173410
5.762922 0.228974 24.000000 15632.221591
5.782932 0.231151 24.000000 15722.934911
5.802942 0.230118 24.000000 15804.265537
5.822952 0.228711 24.000000 15908.568966
5.842962 0.232314 24.000000 15993.653409
5.862972 0.226741 24.000000 16084.936782
5.882982 0.228474 24.000000 16188.074286
5.902993 0.230165 24.000000 16269.838150
5.923003 0.227741 24.000000 9297.204545
5.943013 0.232281 24.000000 82.133721
5.963023 0.227669 24.000000 165.394286
5.983033 0.228684 24.000000 274.491429
6.003043 0.231409 24.000000 356.791908
6.023053 0.228135 24.000000 449.278409
6.043064 0.230406 24.000000 549.849711
6.063074 0.229394 24.000000 625.160000
6.083084 0.228761 24.000000 730.932203
6.103094 0.232767 24.000000 815.304094
6.123104 0.226913 24.000000 891.822857
6.143114 0.228427 24.000000 996.184971
6.163124 0.229631 24.000000 1068.201117
6.183135 0.226311 24.000000 1158.224138
6.203145 0.230912 24.000000 1245.275862
6.223155 0.226883 24.000000 1308.301136
6.243165 0.227988 24.000000 1405.240000
6.263175 0.230499 24.000000 1472.445087
