serial number: RI80_21414854
torque: 16
start_temp: 24 (24)
finish_temp: 24 (25)
note: po poprawkach i montazu Tomka
0.000000 0.239072 24.000000 11625.487952
0.020010 0.238705 24.000000 11654.642857
0.040020 0.238568 24.000000 11693.315476
0.060030 0.240136 24.000000 11723.876471
0.080041 0.239770 24.000000 11756.271084
0.100051 0.240468 24.000000 11787.762195
0.120061 0.238921 24.000000 11821.650888
0.140071 0.238870 24.005917 11849.751479
0.160081 0.239859 24.000000 11885.701220
0.180091 0.240392 24.000000 11909.976190
0.200101 0.239669 24.000000 11946.660606
0.220112 0.240081 24.000000 11972.255952
0.240122 0.239963 24.000000 12003.398810
0.260132 0.241112 24.000000 12033.233129
0.280142 0.240181 24.000000 12058.564417
0.300152 0.239313 24.000000 12092.881657
0.320162 0.241530 24.000000 12116.230303
0.340172 0.240091 24.000000 12149.048485
0.360183 0.240715 24.000000 12174.229412
0.380193 0.240179 24.011976 12206.035928
0.400203 0.240789 24.000000 12232.574074
0.420213 0.242046 24.000000 12262.162651
0.440223 0.241281 24.000000 12288.523810
0.460233 0.240246 24.000000 12319.295181
0.480243 0.240230 24.000000 12344.530120
0.500254 0.239167 24.000000 12372.023952
0.520264 0.241735 24.000000 12400.132530
0.540274 0.240325 24.000000 12421.793939
0.560284 0.238794 24.000000 12455.329268
0.580294 0.242432 24.000000 12476.493976
0.600304 0.240492 24.000000 12507.101190
0.620314 0.242136 24.000000 12536.871951
0.640325 0.241137 24.000000 12560.018182
0.660335 0.240367 24.000000 12598.327381
0.680345 0.242712 24.000000 12619.496933
0.700355 0.239440 24.000000 12654.119048
0.720365 0.239544 24.000000 12681.754491
0.740375 0.241776 24.000000 12709.172619
0.760385 0.240106 24.000000 12740.573171
0.780396 0.242485 24.000000 12765.054545
0.800406 0.240217 24.000000 12792.088235
0.820416 0.237933 24.000000 12820.077844
0.840426 0.242992 24.000000 12843.266667
0.860436 0.241587 24.004121 12869.193939
0.880446 0.242519 24.001951 12894.926829
0.900456 0.240946 24.000000 12916.351190
0.920467 0.240712 24.000000 12946.963190
0.940477 0.243982 24.000000 12970.212121
0.960487 0.240939 24.000000 12996.172619
0.980497 0.241280 24.000000 13030.907975
1.000507 0.243241 24.007470 13051.144578
1.020517 0.241151 24.004634 13091.603659
1.040528 0.243729 24.000000 13116.557576
1.060538 0.241227 24.000000 13150.750000
1.080548 0.240283 24.000000 13187.420732
1.100558 0.245221 24.000000 13218.674847
1.120568 0.240999 24.000000 13254.556886
1.140578 0.242347 24.000000 13292.248485
1.160588 0.241292 24.004072 13319.892216
1.180599 0.240360 24.001893 13365.911243
1.200609 0.244714 24.000000 13396.618750
1.220619 0.240025 24.000000 13433.934132
1.240629 0.240271 24.000000 13476.945783
1.260639 0.242662 24.000000 13507.029762
1.280649 0.240519 24.000000 13554.703030
1.300659 0.243138 24.000000 13589.652439
1.320670 0.240336 24.000000 13628.425150
1.340680 0.239996 24.000000 13676.750000
1.360690 0.244698 24.000000 13711.514970
1.380700 0.239898 24.000000 13758.951220
1.400710 0.241653 24.000000 13801.688623
1.420720 0.240682 24.000000 13842.083832
1.440730 0.238677 24.007425 13896.736527
1.460741 0.242723 24.004578 13935.301205
1.480751 0.237875 24.000000 13983.485207
1.500761 0.239423 24.000000 14036.551515
1.520771 0.241540 24.000000 14078.826347
1.540781 0.238713 24.000000 14136.442424
1.560791 0.241235 24.000000 14184.548193
1.580801 0.238165 24.000000 14233.822485
1.600812 0.238279 24.000000 14297.792899
1.620822 0.242681 24.000000 14346.415663
1.640832 0.238036 24.002667 14407.448485
1.660842 0.239943 24.009341 14469.179641
1.680852 0.239819 24.000000 14523.934132
1.700862 0.238243 24.000000 14597.500000
1.720872 0.242570 24.000000 14657.509091
1.740883 0.236184 24.000000 14724.248521
1.760893 0.235682 24.000000 14803.247059
1.780903 0.239535 24.000000 14868.112426
1.800913 0.237559 24.000000 14949.307229
1.820923 0.239964 24.000000 15025.377246
1.840933 0.237952 24.000000 15098.644970
1.860943 0.237594 24.000000 15190.911243
1.880954 0.241165 24.010000 15265.664634
1.900964 0.236501 24.002130 15349.881657
1.920974 0.238433 24.000000 15444.380952
1.940984 0.239672 24.000000 15522.879518
1.960994 0.237283 24.002824 15621.570588
1.981004 0.241493 24.004819 15710.271084
2.001014 0.237306 24.012381 15795.214286
2.021025 0.237506 24.003787 15901.887574
2.041035 0.240148 24.000000 15985.566265
2.061045 0.236741 24.000000 16084.337209
2.081055 0.237869 24.000000 16185.072727
2.101065 0.237285 24.000000 16267.750000
2.121075 0.235929 24.000000 8330.928994
2.141085 0.240248 24.000000 85.227545
2.161096 0.235408 24.000000 174.735294
2.181106 0.236279 24.000000 285.900000
2.201116 0.238494 24.000000 368.898810
2.221126 0.234963 24.000000 470.602339
2.241136 0.238626 24.000000 569.183432
2.261146 0.234774 24.000000 647.041916
2.281156 0.235265 24.000000 757.913295
2.301167 0.239571 24.000000 840.945783
2.321177 0.235186 24.000000 926.461538
2.341187 0.235944 24.005848 1030.742690
2.361197 0.236204 24.000000 1102.188235
2.381207 0.234057 24.000000 1202.889535
2.401217 0.238495 24.000000 1285.212121
2.421227 0.233766 24.000000 1353.895349
2.441238 0.234550 24.000000 1454.843023
2.461248 0.237557 24.000000 1520.023810
2.481258 0.232224 24.000000 1599.331395
2.501268 0.236813 24.000000 1681.877193
2.521278 0.233739 24.000000 1736.635294
2.541288 0.232450 24.000000 1823.345029
2.561298 0.236855 24.000000 1883.550898
2.581309 0.232654 24.000000 1941.609195
2.601319 0.235350 24.000000 2020.911765
2.621329 0.236006 24.000000 2068.269006
2.641339 0.232975 24.000000 2137.635294
2.661349 0.237112 24.000000 2197.532544
2.681359 0.232478 24.000000 2240.279070
2.701369 0.234196 24.000000 2312.570588
2.721380 0.236908 24.000000 2356.470930
2.741390 0.231964 24.000000 2408.233918
2.761400 0.236418 24.000000 2467.112426
2.781410 0.234096 24.000000 2503.288235
2.801420 0.233837 24.000000 2563.537572
2.821430 0.236901 24.000000 2605.969880
2.841440 0.232081 24.000000 2644.281609
2.861451 0.234104 24.000000 2701.886905
2.881461 0.235369 24.000000 2733.233918
2.901471 0.231662 24.000000 2781.937143
2.921481 0.236266 24.000000 2826.882353
2.941491 0.232231 24.000000 2856.368421
2.961501 0.232829 24.005917 2908.230769
2.981511 0.235728 24.021379 2942.626437
3.001522 0.231258 24.001647 2978.876471
3.021532 0.234891 24.000000 3022.913295
3.041542 0.232767 24.000000 3053.930636
3.061552 0.233131 24.000000 3096.226190
3.081562 0.236368 24.000000 3131.141176
3.101572 0.231777 24.000000 3159.699422
3.121583 0.234050 24.000000 3203.166667
3.141593 0.191038 24.000000 3231.253968
3.161603 0.220979 24.000000 3267.297778
3.181613 0.230294 24.000000 3303.023148
3.201623 0.228869 24.000000 3329.126126
3.221633 0.230833 24.000000 3369.682243
3.241643 0.233336 24.000000 3395.971831
3.261654 0.228815 23.996000 3428.868182
3.281664 0.232605 23.999444 3464.037037
3.301674 0.231649 24.000000 3495.252336
3.321684 0.230429 24.000000 3532.754545
3.341694 0.231853 24.000000 3566.658879
3.361704 0.230069 24.000000 3602.294931
3.381714 0.232537 24.000000 3642.753488
3.401725 0.231722 24.000000 3679.539171
3.421735 0.228756 24.009132 3720.433790
3.441745 0.230086 24.000000 3756.543779
3.461755 0.229205 24.000000 3796.671233
3.481765 0.230303 24.000000 3834.488584
3.501775 0.231565 24.002830 3868.872642
3.521785 0.228919 24.006364 3905.759091
3.541796 0.232127 24.000000 3935.274419
3.561806 0.231526 24.000000 3967.657407
3.581816 0.230440 24.000000 3996.787037
3.601826 0.229751 24.000000 4018.780822
3.621836 0.229046 24.000917 4049.458716
3.641846 0.230161 24.003636 4069.440909
3.661856 0.230672 24.000000 4094.277778
3.681867 0.229121 24.000000 4121.597222
3.701877 0.230460 24.000000 4139.256881
3.721887 0.230503 24.004630 4170.018519
3.741897 0.230202 24.002212 4194.115207
3.761907 0.230698 24.002385 4218.743119
3.781917 0.228591 24.000000 4253.921659
3.801927 0.230533 24.000000 4275.245455
3.821938 0.230952 24.000000 4311.130841
3.841948 0.229329 24.000000 4343.045455
3.861958 0.229496 24.000000 4370.600917
3.881968 0.229911 24.000000 4413.416667
3.901978 0.230631 24.000000 4441.908257
3.921988 0.230631 24.000000 4479.694444
3.941998 0.229008 24.000000 4523.472727
3.962009 0.229741 24.000000 4551.458333
3.982019 0.230675 24.000000 4599.712963
4.002029 0.229885 24.000000 4635.977376
4.022039 0.230105 24.000000 4672.185185
4.042049 0.228817 24.000000 4725.470320
4.062059 0.230213 24.000000 4753.888889
4.082069 0.231289 24.000000 4803.137615
4.102080 0.228538 24.004566 4848.109589
4.122090 0.228094 24.000000 4878.851852
4.142100 0.229432 24.000000 4934.490991
4.162110 0.230514 24.000000 4965.641860
4.182120 0.230621 24.000000 5007.995349
4.202130 0.228303 24.000000 5059.946429
4.222140 0.229331 24.000000 5084.600962
4.242151 0.231580 24.000000 5138.748858
4.262161 0.229816 24.007890 5178.733945
4.282171 0.230073 24.001290 5214.059908
4.302181 0.229537 24.000183 5273.123288
4.322191 0.230776 24.004465 5303.172093
4.342201 0.232041 24.000000 5356.236364
4.362211 0.229254 24.000000 5408.478873
4.382222 0.229962 24.000000 5442.894009
4.402232 0.230682 24.000000 5507.077626
4.422242 0.231746 24.000000 5546.418605
4.442252 0.231830 24.000000 5595.819444
4.462262 0.229951 24.009908 5659.490826
4.482272 0.230814 24.003889 5691.745370
4.502282 0.232555 24.000000 5753.851163
4.522293 0.230248 24.000000 5803.880734
4.542303 0.230487 24.000000 5845.559633
4.562313 0.230355 24.000000 5912.082569
4.582323 0.231557 24.000000 5947.056075
4.602333 0.232224 24.000000 6005.572093
4.622343 0.229538 24.000000 6064.766055
4.642353 0.230041 24.000000 6103.527523
4.662364 0.231265 24.000000 6170.454128
4.682374 0.232361 24.000000 6217.322430
4.702384 0.231554 24.000000 6270.726852
4.722394 0.230248 24.000000 6339.539773
4.742404 0.231281 24.000000 6380.598837
4.762414 0.232855 24.000000 6447.854651
4.782424 0.231925 24.000000 6507.766082
4.802435 0.232462 24.000000 6559.292398
4.822445 0.232033 24.000000 6634.080925
4.842455 0.232738 24.000000 6685.594286
4.862465 0.232759 24.000000 6754.899408
4.882475 0.230615 24.000000 6828.369942
4.902485 0.231168 24.011429 6883.371429
4.922495 0.231653 24.000000 6963.947368
4.942506 0.233789 24.000000 7029.220930
4.962516 0.232385 24.000000 7099.219653
4.982526 0.232552 24.000000 7184.203488
5.002536 0.233105 24.000000 7244.462428
5.022546 0.234199 24.011765 7326.935294
5.042556 0.233096 24.000000 7403.780347
5.062567 0.232340 24.000000 7470.760234
5.082577 0.232826 24.010994 7557.935673
5.102587 0.233147 24.000925 7626.300578
5.122597 0.232786 24.005614 7706.695906
5.142607 0.232131 24.000000 7793.116959
5.162617 0.233150 24.000000 7862.144509
5.182627 0.232783 24.000000 7955.028902
5.202638 0.233378 24.000000 8033.982353
5.222648 0.231867 24.000000 8114.057471
5.242658 0.232870 24.000000 8211.561404
5.262668 0.232940 24.001839 8285.591954
5.282678 0.234058 24.004000 8379.958824
5.302688 0.233016 24.000000 8468.105882
5.322698 0.231435 24.000000 8544.034682
5.342709 0.233006 24.000000 8642.594118
5.362719 0.234010 24.005318 8720.225434
5.382729 0.233857 24.006391 8805.633136
5.402739 0.233604 24.000000 8900.601156
5.422749 0.233036 24.000000 8971.639535
5.442759 0.233609 24.000000 9065.118343
5.462769 0.234758 24.000000 9145.410405
5.482780 0.233548 24.000000 9219.195266
5.502790 0.235307 24.000000 9311.075581
5.522800 0.234360 24.000000 9377.502890
5.542810 0.235994 24.000000 9459.664671
5.562820 0.235725 24.000000 9538.664671
5.582830 0.234635 24.000000 9599.821839
5.602840 0.236050 24.000000 9686.804734
5.622851 0.235614 24.000000 9750.807018
5.642861 0.235073 24.000000 9819.633136
5.662871 0.235680 24.000000 9899.488235
5.682881 0.236417 24.000000 9953.753012
5.702891 0.236670 24.000000 10032.176471
5.722901 0.236258 24.000000 10100.087719
5.742911 0.234956 24.000000 10158.295858
5.762922 0.236839 24.000000 10237.650888
5.782932 0.236478 24.000000 10292.941520
5.802942 0.237663 24.000000 10362.089286
5.822952 0.237621 24.002604 10431.887574
5.842962 0.236460 24.009176 10483.482353
5.862972 0.237540 24.000000 10558.559524
5.882982 0.236924 24.000000 10614.578313
5.902993 0.236874 24.000000 10673.147059
5.923003 0.237392 24.000000 10742.726190
5.943013 0.237839 24.000000 10789.508982
5.963023 0.237820 24.000000 10856.710059
5.983033 0.236796 24.000000 10913.299401
6.003043 0.236124 24.000000 10964.482558
6.023053 0.237839 24.000000 11029.700599
6.043064 0.237240 24.000000 11078.805882
6.063074 0.237790 24.000000 11133.757396
6.083084 0.237438 24.000000 11190.376471
6.103094 0.236805 24.000000 11231.795181
6.123104 0.238286 24.000000 11288.755952
6.143114 0.237932 24.000000 11334.047619
6.163124 0.238054 24.000000 11377.892857
6.183135 0.238563 24.000000 11426.449704
6.203145 0.238303 24.000000 11463.571429
6.223155 0.238509 24.000000 11510.865497
6.243165 0.237706 24.000000 11548.265060
6.263175 0.237984 24.000000 11584.369048
