serial number: RI80_21414854
torque: 16
start_temp: 24 (24)
finish_temp: 25 (25)
note: po poprawkach i montazu Tomka, po wgraniu softu
0.000000 0.232450 24.303353 14232.763006
0.020010 0.231905 24.283488 14296.790698
0.040020 0.235531 24.336140 14345.064327
0.060030 0.231364 24.271908 14406.583815
0.080041 0.233654 24.265176 14468.500000
0.100051 0.233590 24.258605 14523.424419
0.120061 0.231466 24.338605 14596.401163
0.140071 0.234669 24.340347 14656.526012
0.160081 0.230072 24.246316 14722.982456
0.180091 0.231646 24.222727 14802.681818
0.200101 0.234183 24.328284 14867.224852
0.220112 0.231736 24.321395 14947.819767
0.240122 0.232981 24.344186 15024.203488
0.260132 0.230927 24.266744 15096.918605
0.280142 0.231867 24.348506 15189.505747
0.300152 0.235260 24.269112 15264.579882
0.320162 0.229481 24.321850 15349.040462
0.340172 0.230134 24.287314 15443.605714
0.360183 0.231457 24.309006 15522.040936
0.380193 0.231078 24.280229 15619.942857
0.400203 0.234193 24.231059 15709.417647
0.420213 0.229394 24.308506 15793.683908
0.440223 0.230755 24.315200 15900.680000
0.460233 0.233085 24.329195 15985.034483
0.480243 0.229082 24.318372 16082.645349
0.500254 0.229733 24.329885 16183.459770
0.520264 0.228925 24.258305 16268.644068
0.540274 0.228356 24.336914 8046.400000
0.560284 0.232550 24.313684 85.380117
0.580294 0.228464 24.274057 174.337143
0.600304 0.229861 24.314545 286.357955
0.620314 0.230948 24.248810 367.994048
0.640325 0.228528 24.268156 469.106145
0.660335 0.231566 24.303256 567.866279
0.680345 0.228419 24.310805 646.086207
0.700355 0.227854 24.344270 757.859551
0.720365 0.231041 24.295260 840.335260
0.740375 0.228230 24.258531 927.175141
0.760385 0.230040 24.307368 1030.385965
0.780396 0.229880 24.330345 1101.517241
0.800406 0.227462 24.327232 1201.118644
0.820416 0.230928 24.284912 1284.456140
0.840426 0.226911 24.302793 1352.837989
0.860436 0.228454 24.319543 1454.125714
0.880446 0.230643 24.322093 1519.436047
0.900456 0.227650 24.334318 1597.420455
0.920467 0.230324 24.327399 1680.630058
0.940477 0.227805 24.327955 1734.823864
0.960487 0.227589 24.281136 1821.715909
0.980497 0.231275 24.330057 1882.994286
1.000507 0.227347 24.339773 1940.948864
1.020517 0.227273 24.279543 2020.457143
1.040528 0.228968 24.313563 2066.781609
1.060538 0.227046 24.338652 2136.162921
1.080548 0.230693 24.348372 2196.511628
1.100558 0.227330 24.329438 2239.500000
1.120568 0.227076 24.344686 2312.062857
1.140578 0.230369 24.342500 2355.607955
1.160588 0.225726 24.270857 2406.760000
1.180599 0.229324 24.319765 2466.041176
1.200609 0.227249 24.343556 2502.422222
1.220619 0.225724 24.328588 2562.790960
1.240629 0.228886 24.304419 2604.994186
1.260639 0.225661 24.324022 2642.966480
1.280649 0.227372 24.360455 2701.107955
1.300659 0.228249 24.329318 2733.051136
1.320670 0.225585 24.320682 2780.977273
1.340680 0.229107 24.350857 2826.028571
1.360690 0.226221 24.261136 2855.238636
1.380700 0.226621 24.346358 2908.040462
1.400710 0.229268 24.348409 2942.176136
1.420720 0.224875 24.340449 2977.938202
1.440730 0.228622 24.285943 3022.154286
1.460741 0.226881 24.290787 3052.898876
1.480751 0.226067 24.346136 3095.659091
1.500761 0.228149 24.369266 3130.937853
1.520771 0.225666 24.310575 3158.873563
1.540781 0.227379 24.342373 3202.242938
1.560791 0.228153 24.336497 3231.203390
1.580801 0.224677 24.336497 3266.994350
1.600812 0.227674 24.371200 3302.742857
1.620822 0.225335 24.334302 3328.726257
1.640832 0.225996 24.349943 3368.937143
1.660842 0.228389 24.361364 3395.505682
1.680852 0.224582 24.291818 3428.250000
1.700862 0.227083 24.302022 3463.348315
1.720872 0.225517 24.346893 3494.740113
1.740883 0.225110 24.325843 3531.938202
1.760893 0.226648 24.290227 3566.039773
1.780903 0.224946 24.335593 3601.118644
1.800913 0.226210 24.297802 3642.483516
1.820923 0.225329 24.340920 3678.810345
1.840933 0.223572 24.330279 3719.513966
1.860943 0.226293 24.301921 3756.118644
1.880954 0.225500 24.327865 3795.308989
1.900964 0.225419 24.370909 3833.556818
1.920974 0.226230 24.397500 3867.215909
1.940984 0.223537 24.278453 3904.928177
1.960994 0.226394 24.322712 3934.367232
1.981004 0.225608 24.347126 3966.643678
2.001014 0.225418 24.396685 3995.878453
2.021025 0.225472 24.329318 4018.750000
2.041035 0.224641 24.329162 4048.620112
2.061045 0.225583 24.349721 4069.212291
2.081055 0.224867 24.360909 4093.278409
2.101065 0.223597 24.341469 4120.395480
2.121075 0.225200 24.304859 4138.932203
2.141085 0.225298 24.339448 4168.928177
2.161096 0.224419 24.326966 4193.780899
2.181106 0.224755 24.345000 4218.221591
2.201116 0.223241 24.321099 4252.873626
2.221126 0.224698 24.380571 4275.102857
2.241136 0.225140 24.337556 4309.716667
2.261146 0.223508 24.277978 4342.932584
2.281156 0.223433 24.326188 4369.359116
2.301167 0.224530 24.361591 4412.789773
2.321177 0.225112 24.365587 4441.055866
2.341187 0.224650 24.389663 4479.235955
2.361197 0.222565 24.337333 4523.105556
2.381207 0.222644 24.387345 4550.056497
2.401217 0.224525 24.304581 4598.435754
2.421227 0.224035 24.323757 4635.038674
2.441238 0.224682 24.373563 4671.074713
2.461248 0.223961 24.376044 4724.329670
2.481258 0.222708 24.403556 4752.933333
2.501268 0.224860 24.314971 4801.697143
2.521278 0.222636 24.404641 4847.187845
2.541288 0.223186 24.355754 4878.094972
2.561298 0.225435 24.370503 4933.201117
2.581309 0.224730 24.374749 4965.089385
2.601319 0.225387 24.352542 5007.180791
2.621329 0.223054 24.296313 5059.262570
2.641339 0.223634 24.371011 5084.365169
2.661349 0.226194 24.364318 5137.454545
2.681359 0.223213 24.371648 5178.087912
2.701369 0.223526 24.357528 5213.078652
2.721380 0.224075 24.320000 5272.187500
2.741390 0.224516 24.406480 5302.189944
2.761400 0.226307 24.427486 5355.100559
2.781410 0.222987 24.392444 5407.872222
2.801420 0.224083 24.365714 5442.274286
2.821430 0.225588 24.284199 5506.060773
2.841440 0.224973 24.411429 5545.651429
2.861451 0.225083 24.337238 5595.055249
2.881461 0.223542 24.388989 5658.601124
2.901471 0.224280 24.408090 5690.926966
2.921481 0.227527 24.341469 5753.468927
2.941491 0.224518 24.343277 5803.395480
2.961501 0.224605 24.361591 5844.125000
2.981511 0.224761 24.388889 5910.216667
3.001522 0.225076 24.427500 5945.875000
3.021532 0.226511 24.414157 6004.117978
3.041542 0.223458 24.399106 6064.201117
3.061552 0.224907 24.377273 6102.517045
3.081562 0.226513 24.379101 6168.550562
3.101572 0.226270 24.392316 6216.237288
3.121583 0.226580 24.370503 6269.776536
3.141593 0.182669 24.252121 6336.693182
3.161603 0.215397 24.285345 6378.758621
3.181613 0.223559 24.331607 6446.294643
3.201623 0.222763 24.392973 6506.459459
3.221633 0.224012 24.321062 6558.358407
3.241643 0.224766 24.310493 6633.538117
3.261654 0.225727 24.299091 6684.227273
3.281664 0.226353 24.320905 6752.619910
3.301674 0.223492 24.305946 6827.409910
3.321684 0.224825 24.324324 6881.472973
3.341694 0.226208 24.318929 6962.388393
3.361704 0.227288 24.347281 7028.516129
3.381714 0.226938 24.301176 7097.140271
3.401725 0.225690 24.283258 7182.416290
3.421735 0.226799 24.319457 7242.371041
3.441745 0.228388 24.356951 7325.192825
3.461755 0.226368 24.335413 7402.935780
3.481765 0.225697 24.336396 7469.252252
3.501775 0.226994 24.300457 7556.885845
3.521785 0.228539 24.349954 7625.214612
3.541796 0.228717 24.369908 7705.408257
3.561806 0.226173 24.401629 7792.072398
3.581816 0.227291 24.342648 7860.356164
3.601826 0.227345 24.366964 7953.772321
3.621836 0.228030 24.338047 8033.032558
3.641846 0.227223 24.278378 8112.522523
3.661856 0.227615 24.281284 8209.642202
3.681867 0.227556 24.354364 8283.136364
3.701877 0.228241 24.327091 8376.568182
3.721887 0.227359 24.275945 8466.700461
3.741897 0.226393 24.366847 8543.171171
3.761907 0.227706 24.292545 8642.122727
3.781917 0.228732 24.341651 8719.793578
3.801927 0.228506 24.299729 8805.520362
3.821938 0.227571 24.314312 8900.642202
3.841948 0.228211 24.350364 8970.272727
3.861958 0.229071 24.336406 9064.447005
3.881968 0.228791 24.348073 9144.133028
3.901978 0.227018 24.309321 9218.022624
3.921988 0.228521 24.343196 9310.310502
3.941998 0.228553 24.375853 9376.027650
3.962009 0.229768 24.342963 9457.254630
3.982019 0.229183 24.365845 9537.735160
4.002029 0.228489 24.381567 9598.594470
4.022039 0.230183 24.335370 9684.162037
4.042049 0.229265 24.279769 9749.641618
4.062059 0.228365 24.178728 9816.757225
4.082069 0.228594 24.219888 9897.480447
4.102080 0.228721 24.240455 9953.676136
4.122090 0.229946 24.182093 10032.523256
4.142100 0.229646 24.261714 10099.577143
4.162110 0.228074 24.240460 10157.137931
4.182120 0.230410 24.232326 10236.773256
4.202130 0.229944 24.255281 10291.898876
4.222140 0.230330 24.292326 10361.354651
4.242151 0.229517 24.246512 10430.226744
4.262161 0.228499 24.275506 10481.539326
4.282171 0.230388 24.237225 10556.751445
4.302181 0.230711 24.195294 10612.870588
4.322191 0.230133 24.258983 10670.887006
4.342201 0.229830 24.256591 10741.607955
4.362211 0.229763 24.199767 10788.616279
4.382222 0.230934 24.179884 10855.549133
4.402232 0.230208 24.285876 10913.423729
4.422242 0.229197 24.281170 10963.795322
4.442252 0.231356 24.257371 11028.817143
4.462262 0.230994 24.252164 11078.023392
4.482272 0.232054 24.223771 11132.554286
4.502282 0.232756 24.193882 11188.894118
4.522293 0.231724 24.322775 11230.260116
4.542303 0.232271 24.194514 11287.720000
4.562313 0.231327 24.215581 11333.877907
4.582323 0.231490 24.251765 11376.894118
4.602333 0.232040 24.251818 11425.767045
4.622343 0.232693 24.283294 11462.800000
4.642353 0.233742 24.272832 11509.427746
4.662364 0.231940 24.244186 11547.017442
4.682374 0.231380 24.271813 11583.198830
4.702384 0.232794 24.206705 11624.473988
4.722394 0.232361 24.241860 11654.215116
4.742404 0.232819 24.291034 11692.942529
4.762414 0.232961 24.270059 11723.005917
4.782424 0.231836 24.249195 11754.752874
4.802435 0.233711 24.283488 11786.947674
4.822445 0.233466 24.284000 11820.652941
4.842455 0.233638 24.274884 11848.610465
4.862465 0.233875 24.232982 11884.444444
4.882475 0.233603 24.234556 11909.094675
4.902485 0.233665 24.205287 11944.971264
4.922495 0.232972 24.267059 11971.435294
4.942506 0.233418 24.303721 12001.633721
4.962516 0.234049 24.270233 12032.517442
4.982526 0.233271 24.285444 12057.207101
5.002536 0.233432 24.237688 12091.456647
5.022546 0.234654 24.271953 12114.857988
5.042556 0.233190 24.286897 12147.741379
5.062567 0.234321 24.290000 12173.160714
5.082577 0.233383 24.239302 12203.924419
5.102587 0.233879 24.298947 12231.169591
5.122597 0.234106 24.350058 12260.976879
5.142607 0.234073 24.238588 12287.358824
5.162617 0.234407 24.266279 12318.040698
5.182627 0.234185 24.280468 12343.520468
5.202638 0.234183 24.313373 12370.940828
5.222648 0.235583 24.245380 12398.953216
5.242658 0.233357 24.264000 12420.847059
5.262668 0.233057 24.272515 12454.309942
5.282678 0.235669 24.280714 12475.553571
5.302688 0.234425 24.335402 12505.804598
5.322698 0.235024 24.265562 12535.781065
5.342709 0.233397 24.322573 12559.140351
5.362719 0.234074 24.246316 12597.140351
5.382729 0.235992 24.288471 12618.564706
5.402739 0.234790 24.254048 12653.000000
5.422749 0.235037 24.196782 12680.752874
5.442759 0.235904 24.292455 12708.113772
5.462769 0.234822 24.265029 12739.327485
5.482780 0.236186 24.257515 12764.378698
5.502790 0.234523 24.273488 12790.994186
5.522800 0.233941 24.280000 12818.876471
5.542810 0.237373 24.237619 12842.113095
5.562820 0.234016 24.263721 12867.895349
5.582830 0.235230 24.290824 12894.088235
5.602840 0.234752 24.335294 12915.329412
5.622851 0.235246 24.252471 12945.705882
5.642861 0.237593 24.242619 12969.345238
5.662871 0.233554 24.294419 12994.761628
5.682881 0.233176 24.254824 13029.752941
5.702891 0.236170 24.317661 13050.245614
5.722901 0.234339 24.252706 13090.588235
5.742911 0.235911 24.340359 13115.359281
5.762922 0.234315 24.323931 13149.127168
5.782932 0.232890 24.264706 13186.111765
5.802942 0.237317 24.255673 13217.549708
5.822952 0.233621 24.286279 13253.732558
5.842962 0.234580 24.233810 13291.232143
5.862972 0.234811 24.292093 13318.744186
5.882982 0.234424 24.350353 13364.682353
5.902993 0.237946 24.303195 13395.242604
5.923003 0.233291 24.287018 13433.093567
5.943013 0.233870 24.283765 13475.941176
5.963023 0.235991 24.319064 13505.982456
5.983033 0.233279 24.300828 13553.189349
6.003043 0.235439 24.282989 13588.591954
6.023053 0.233623 24.267059 13627.329412
6.043064 0.232755 24.253964 13675.621302
6.063074 0.237649 24.250414 13710.343195
6.083084 0.232713 24.273103 13757.683908
6.103094 0.233719 24.261905 13800.500000
6.123104 0.233286 24.293801 13840.467836
6.143114 0.232805 24.259770 13895.063218
6.163124 0.236889 24.270533 13934.071006
6.183135 0.231957 24.320462 13981.890173
6.203145 0.232600 24.319767 14035.354651
6.223155 0.235292 24.285412 14077.764706
6.243165 0.233011 24.217907 14135.470930
6.263175 0.234989 24.270000 14184.125000
