serial number: JANUSZ_3_RI70_21414876
torque: 8
start_temp: 138 (25)
finish_temp: 138 (25)
note: asdf
0.000000 0.116263 145.295349 0.000000
0.020010 0.108399 141.385435 0.000000
0.040020 0.107310 142.930695 0.000000
0.060030 0.110985 143.622889 0.000000
0.080041 0.105016 143.463037 0.000000
0.100051 0.111875 144.002011 0.000000
0.120061 0.107942 142.564324 0.000000
0.140071 0.103540 143.503627 0.000000
0.160081 0.112738 143.892809 0.000000
0.180091 0.107602 145.666162 0.000000
0.200101 0.110592 142.280000 0.000000
0.220112 0.112144 143.489266 0.000000
0.240122 0.103641 142.722062 0.000000
0.260132 0.113698 143.493567 0.000000
0.280142 0.107146 141.901376 0.000000
0.300152 0.103843 140.735579 0.000000
0.320162 0.110939 143.187760 0.000000
0.340172 0.102683 141.356684 0.000000
0.360183 0.111151 143.067182 0.000000
0.380193 0.107179 144.281711 0.000000
0.400203 0.102345 141.548103 0.000000
0.420213 0.113354 144.066971 0.000000
0.440223 0.105742 142.197927 0.000000
0.460233 0.109713 145.781111 0.000000
0.480243 0.107502 142.430265 0.000000
0.500254 0.100324 141.351066 0.000000
0.520264 0.111213 143.962637 0.000000
0.540274 0.106002 143.486316 0.000000
0.560284 0.104089 142.759585 0.000000
0.580294 0.108094 144.441319 0.000000
0.600304 0.101510 142.276970 0.000000
0.620314 0.109908 142.989670 0.000000
0.640325 0.106935 143.338624 0.000000
0.660335 0.101306 142.605685 0.000000
0.680345 0.111402 143.588667 0.000000
0.700355 0.102635 142.483077 0.000000
0.720365 0.105690 143.847660 0.000000
0.740375 0.106580 145.463492 0.000000
0.760385 0.101761 142.458182 0.000000
0.780396 0.112252 143.888136 0.000000
0.800406 0.105996 143.871158 0.000000
0.820416 0.102362 142.077128 0.000000
0.840426 0.108975 141.889565 0.000000
0.860436 0.101609 143.672653 0.000000
0.880446 0.109556 142.666011 0.000000
0.900456 0.105935 144.423404 0.000000
0.920467 0.101115 143.501117 0.000000
0.940477 0.109512 142.361967 0.000000
0.960487 0.101535 142.468283 0.000000
0.980497 0.106672 142.648556 0.000000
1.000507 0.108742 143.248649 0.000000
1.020517 0.104796 145.364792 0.000000
1.040528 0.113053 142.642727 0.000000
1.060538 0.107989 142.327021 0.000000
1.080548 0.105044 145.702460 0.000000
1.100558 0.112633 142.851910 0.000000
1.120568 0.104571 141.715855 0.000000
1.140578 0.112822 144.581243 0.000000
1.160588 0.111907 142.626889 0.000000
1.180599 0.105059 147.260952 0.000000
1.200609 0.112715 145.879106 0.000000
1.220619 0.105130 143.814737 0.000000
1.240629 0.109061 144.638453 0.000000
1.260639 0.113079 143.074157 0.000000
1.280649 0.106304 141.244842 0.000000
1.300659 0.115645 142.275607 0.000000
1.320670 0.109422 144.341758 0.000000
1.340680 0.108294 143.525083 0.000000
1.360690 0.116078 143.356532 0.000000
1.380700 0.105734 142.837474 0.000000
1.400710 0.113422 143.422045 0.000000
1.420720 0.109658 142.691585 0.000000
1.440730 0.105930 144.245532 0.000000
1.460741 0.115686 144.580920 0.000000
1.480751 0.107962 144.651398 0.000000
1.500761 0.113140 142.521130 0.000000
1.520771 0.115075 143.278613 0.000000
1.540781 0.109728 145.007826 0.000000
1.560791 0.115072 144.846977 0.000000
1.580801 0.110122 143.801304 0.000000
1.600812 0.111531 143.907263 0.000000
1.620822 0.117831 142.421065 0.000000
1.640832 0.108901 144.251459 0.000000
1.660842 0.114583 145.323200 0.000000
1.680852 0.112780 144.404068 0.000000
1.700862 0.110973 143.302198 0.000000
1.720872 0.118941 143.149882 0.000000
1.740883 0.110182 143.302889 0.000000
1.760893 0.114002 145.175455 0.000000
1.780903 0.116641 142.015439 0.000000
1.800913 0.109224 143.430870 0.000000
1.820923 0.119784 144.925614 0.000000
1.840933 0.111463 143.645393 0.000000
1.860943 0.113698 143.892500 0.000000
1.880954 0.118589 142.307059 0.000000
1.900964 0.108153 143.737391 0.000000
1.920974 0.117814 142.778118 0.000000
1.940984 0.116254 144.669133 0.000000
1.960994 0.113424 143.740565 0.000000
1.981004 0.117551 144.363077 0.000000
2.001014 0.108063 141.043617 0.000000
2.021025 0.114583 141.808324 0.000000
2.041035 0.115583 142.715145 0.000000
2.061045 0.109643 142.544565 0.000000
2.081055 0.119365 143.024561 0.000000
2.101065 0.112640 142.585618 0.000000
2.121075 0.112991 143.515200 0.000000
2.141085 0.117806 142.084471 0.000000
2.161096 0.107400 144.128511 0.000000
2.181106 0.114750 144.158182 0.000000
2.201116 0.114316 141.644091 0.000000
2.221126 0.109588 142.228000 0.000000
2.241136 0.116491 143.219884 0.000000
2.261146 0.106658 142.772128 0.000000
2.281156 0.114156 142.736000 0.000000
2.301167 0.116672 144.662428 0.000000
2.321177 0.107665 144.030323 0.000000
2.341187 0.116931 143.974824 0.000000
2.361197 0.108144 141.340107 0.000000
2.381207 0.111970 145.016089 0.000000
2.401217 0.113983 141.374157 0.000000
2.421227 0.103601 144.595233 0.000000
2.441238 0.111308 145.529385 0.000000
2.461248 0.109259 144.609946 0.000000
2.481258 0.106455 143.812128 0.000000
2.501268 0.113512 143.394773 0.000000
2.521278 0.102640 142.648367 0.000000
2.541288 0.111120 143.022000 0.000000
2.561298 0.112089 143.661243 0.000000
2.581309 0.102075 145.919799 0.000000
2.601319 0.110549 143.885495 0.000000
2.621329 0.102911 144.033061 0.000000
2.641339 0.108502 144.177705 0.000000
2.661349 0.113179 143.386292 0.000000
2.681359 0.102431 142.514433 0.000000
2.701369 0.112225 142.317582 0.000000
2.721380 0.108701 144.136739 0.000000
2.741390 0.105495 145.964000 0.000000
2.761400 0.113934 143.974483 0.000000
2.781410 0.102438 143.437563 0.000000
2.801420 0.113760 143.551461 0.000000
2.821430 0.110490 142.668222 0.000000
2.841440 0.101580 144.819596 0.000000
2.861451 0.112816 142.487821 0.000000
2.881461 0.105874 144.053333 0.000000
2.901471 0.110135 141.992350 0.000000
2.921481 0.109939 143.558462 0.000000
2.941491 0.100970 144.207800 0.000000
2.961501 0.110936 141.779669 0.000000
2.981511 0.106857 143.273684 0.000000
3.001522 0.104665 144.069630 0.000000
3.021532 0.111460 145.920659 0.000000
3.041542 0.102022 143.449796 0.000000
3.061552 0.112451 142.780782 0.000000
3.081562 0.109144 145.077391 0.000000
3.101572 0.103518 145.221250 0.000000
3.121583 0.112475 142.823240 0.000000
3.141593 0.092199 143.848847 0.000000
3.161603 0.110583 142.369037 0.000000
3.181613 0.113255 143.366818 0.000000
3.201623 0.103798 144.147491 0.000000
3.221633 0.115246 143.110080 0.000000
3.241643 0.112216 142.745843 0.000000
3.261654 0.110777 144.263425 0.000000
3.281664 0.116926 143.352515 0.000000
3.301674 0.105283 142.345833 0.000000
3.321684 0.115947 145.883041 0.000000
3.341694 0.114355 145.264457 0.000000
3.361704 0.110341 142.629392 0.000000
3.381714 0.119860 143.402367 0.000000
3.401725 0.109903 145.536612 0.000000
3.421735 0.115315 144.389425 0.000000
3.441745 0.114844 141.516552 0.000000
3.461755 0.108588 144.838689 0.000000
3.481765 0.119512 142.507368 0.000000
3.501775 0.114997 142.166474 0.000000
3.521785 0.111786 142.676648 0.000000
3.541796 0.116095 145.775491 0.000000
3.561806 0.111790 143.359091 0.000000
3.581816 0.119127 146.422791 0.000000
3.601826 0.117547 143.822222 0.000000
3.621836 0.113719 143.749257 0.000000
3.641846 0.119673 143.730000 0.000000
3.661856 0.112111 141.940782 0.000000
3.681867 0.117223 144.882573 0.000000
3.701877 0.116022 141.159540 0.000000
3.721887 0.112861 143.490682 0.000000
3.741897 0.122096 142.550920 0.000000
3.761907 0.116476 142.521839 0.000000
3.781917 0.117245 144.309176 0.000000
3.801927 0.118955 143.464471 0.000000
3.821938 0.114041 142.479322 0.000000
3.841948 0.121146 142.978405 0.000000
3.861958 0.117139 142.340465 0.000000
3.881968 0.115582 143.558140 0.000000
3.901978 0.119151 140.737515 0.000000
3.921988 0.113620 142.980113 0.000000
3.941998 0.121308 145.317073 0.000000
3.962009 0.118106 142.695439 0.000000
3.982019 0.118511 145.049882 0.000000
4.002029 0.124103 142.999000 0.000000
4.022039 0.118428 143.842312 0.000000
4.042049 0.122345 142.249383 0.000000
4.062059 0.123826 144.206098 0.000000
4.082069 0.118428 144.471429 0.000000
4.102080 0.123324 144.653742 0.000000
4.122090 0.119023 142.871667 0.000000
4.142100 0.117344 144.324000 0.000000
4.162110 0.122888 143.737455 0.000000
4.182120 0.115074 143.587052 0.000000
4.202130 0.119897 144.417725 0.000000
4.222140 0.117883 142.611628 0.000000
4.242151 0.115664 143.069133 0.000000
4.262161 0.121322 142.015122 0.000000
4.282171 0.114803 144.273563 0.000000
4.302181 0.119417 142.955294 0.000000
4.322191 0.118275 143.919763 0.000000
4.342201 0.114956 145.440920 0.000000
4.362211 0.121220 143.650244 0.000000
4.382222 0.114413 142.131977 0.000000
4.402232 0.116883 145.030000 0.000000
4.422242 0.119304 143.370299 0.000000
4.442252 0.114096 144.056818 0.000000
4.462262 0.120204 141.642130 0.000000
4.482272 0.113653 143.704091 0.000000
4.502282 0.115315 143.725087 0.000000
4.522293 0.121383 142.873455 0.000000
4.542303 0.113615 142.007500 0.000000
4.562313 0.117253 144.607209 0.000000
4.582323 0.116296 141.668304 0.000000
4.602333 0.110620 139.801099 0.000000
4.622343 0.119756 144.713012 0.000000
4.642353 0.112365 144.188729 0.000000
4.662364 0.113945 144.216552 0.000000
4.682374 0.118285 143.749412 0.000000
4.702384 0.109765 141.337486 0.000000
4.722394 0.116983 143.347209 0.000000
4.742404 0.112081 141.752316 0.000000
4.762414 0.112334 144.174066 0.000000
4.782424 0.118153 142.723832 0.000000
4.802435 0.107152 142.608889 0.000000
4.822445 0.114504 143.885455 0.000000
4.842455 0.112470 140.653483 0.000000
4.862465 0.109440 144.964396 0.000000
4.882475 0.114435 143.217241 0.000000
4.902485 0.108324 142.133476 0.000000
4.922495 0.111894 144.352994 0.000000
4.942506 0.114553 141.753446 0.000000
4.962516 0.107377 144.361075 0.000000
4.982526 0.113173 141.688362 0.000000
5.002536 0.109027 143.012459 0.000000
5.022546 0.109712 141.353043 0.000000
5.042556 0.114723 142.562034 0.000000
5.062567 0.107069 142.758925 0.000000
5.082577 0.113057 141.700339 0.000000
5.102587 0.113835 142.424633 0.000000
5.122597 0.109482 142.484420 0.000000
5.142607 0.116774 141.462500 0.000000
5.162617 0.108225 143.231304 0.000000
5.182627 0.112342 144.108539 0.000000
5.202638 0.116122 144.671676 0.000000
5.222648 0.106424 141.662246 0.000000
5.242658 0.114518 144.656591 0.000000
5.262668 0.110315 142.491868 0.000000
5.282678 0.110571 141.622222 0.000000
5.302688 0.116397 143.337442 0.000000
5.322698 0.106485 143.462011 0.000000
5.342709 0.113690 142.320455 0.000000
5.362719 0.111908 143.284944 0.000000
5.382729 0.107644 143.172258 0.000000
5.402739 0.114604 145.297011 0.000000
5.422749 0.109437 143.693696 0.000000
5.442759 0.113937 142.550682 0.000000
5.462769 0.115016 141.636114 0.000000
5.482780 0.108154 143.129565 0.000000
5.502790 0.117020 143.364419 0.000000
5.522800 0.112888 144.267500 0.000000
5.542810 0.111763 145.144444 0.000000
5.562820 0.116521 144.452865 0.000000
5.582830 0.109284 143.865806 0.000000
5.602840 0.117360 142.870409 0.000000
5.622851 0.114141 144.620690 0.000000
5.642861 0.110753 144.465714 0.000000
5.662871 0.117584 142.535294 0.000000
5.682881 0.110641 143.883716 0.000000
5.702891 0.114084 143.644972 0.000000
5.722901 0.114931 142.794419 0.000000
5.742911 0.106791 143.021489 0.000000
5.762922 0.116934 142.774118 0.000000
5.782932 0.112056 142.032527 0.000000
5.802942 0.113536 142.915376 0.000000
5.822952 0.116476 145.994713 0.000000
5.842962 0.106734 144.635722 0.000000
5.862972 0.115441 141.162529 0.000000
5.882982 0.111489 144.560894 0.000000
5.902993 0.109894 143.253923 0.000000
5.923003 0.116344 144.273103 0.000000
5.943013 0.110586 142.107912 0.000000
5.963023 0.113629 142.563448 0.000000
5.983033 0.116104 144.124624 0.000000
6.003043 0.108449 141.530929 0.000000
6.023053 0.118295 142.433216 0.000000
6.043064 0.114869 144.148409 0.000000
6.063074 0.112795 141.967273 0.000000
6.083084 0.116526 143.685146 0.000000
6.103094 0.108279 143.505652 0.000000
6.123104 0.117860 145.747059 0.000000
6.143114 0.115154 143.937907 0.000000
6.163124 0.109987 142.698022 0.000000
6.183135 0.114022 143.327191 0.000000
6.203145 0.107851 144.506237 0.000000
6.223155 0.111903 146.433966 0.000000
6.243165 0.113081 141.255455 0.000000
6.263175 0.105704 144.013263 0.000000
