serial number: JANUSZ_3_RI70_21414876
torque: 8
start_temp: 138 (27)
finish_temp: 138 (27)
note: pierwsze
0.000000 0.140586 142.501898 0.000000
0.020010 0.133588 145.431111 0.000000
0.040020 0.143679 146.778085 0.000000
0.060030 0.131038 143.202059 0.000000
0.080041 0.135798 143.753373 0.000000
0.100051 0.139841 146.017622 0.000000
0.120061 0.130564 145.246176 0.000000
0.140071 0.140671 144.126265 0.000000
0.160081 0.133495 144.365528 0.000000
0.180091 0.136527 143.061192 0.000000
0.200101 0.141318 144.561867 0.000000
0.220112 0.121050 144.997762 0.000000
0.240122 0.136424 144.344627 0.000000
0.260132 0.144622 144.068634 0.000000
0.280142 0.138773 142.068599 0.000000
0.300152 0.145531 142.448352 0.000000
0.320162 0.137604 143.413227 0.000000
0.340172 0.142894 146.071325 0.000000
0.360183 0.145854 144.988571 0.000000
0.380193 0.136227 144.681005 0.000000
0.400203 0.146680 143.110442 0.000000
0.420213 0.141847 143.322938 0.000000
0.440223 0.141920 145.805792 0.000000
0.460233 0.146862 146.342727 0.000000
0.480243 0.135658 142.996264 0.000000
0.500254 0.146193 145.590000 0.000000
0.520264 0.142554 144.344651 0.000000
0.540274 0.137014 142.305631 0.000000
0.560284 0.145805 143.864362 0.000000
0.580294 0.141208 145.719351 0.000000
0.600304 0.145803 143.993559 0.000000
0.620314 0.146834 142.504971 0.000000
0.640325 0.136753 143.392308 0.000000
0.660335 0.145963 144.037561 0.000000
0.680345 0.139986 144.397943 0.000000
0.700355 0.145980 143.405203 0.000000
0.720365 0.148606 144.880855 0.000000
0.740375 0.138306 141.831280 0.000000
0.760385 0.144823 143.004000 0.000000
0.780396 0.140063 144.428916 0.000000
0.800406 0.137276 143.033615 0.000000
0.820416 0.150112 142.806422 0.000000
0.840426 0.136869 142.748333 0.000000
0.860436 0.143184 145.259084 0.000000
0.880446 0.143120 142.768000 0.000000
0.900456 0.133481 144.511549 0.000000
0.920467 0.146291 144.765614 0.000000
0.940477 0.138093 142.803171 0.000000
0.960487 0.141740 144.298929 0.000000
0.980497 0.143928 145.894439 0.000000
1.000507 0.132998 145.258905 0.000000
1.020517 0.141966 143.950073 0.000000
1.040528 0.138838 146.234483 0.000000
1.060538 0.138044 145.327699 0.000000
1.080548 0.143960 144.014215 0.000000
1.100558 0.136676 144.283396 0.000000
1.120568 0.143161 143.506625 0.000000
1.140578 0.138228 144.216915 0.000000
1.160588 0.131808 143.293394 0.000000
1.180599 0.142429 144.303609 0.000000
1.200609 0.136972 144.711345 0.000000
1.220619 0.137233 144.596034 0.000000
1.240629 0.141389 146.890182 0.000000
1.260639 0.132875 144.858969 0.000000
1.280649 0.141242 145.280648 0.000000
1.300659 0.136106 144.734133 0.000000
1.320670 0.131080 143.324785 0.000000
1.340680 0.139913 143.934266 0.000000
1.360690 0.132618 143.169396 0.000000
1.380700 0.137030 143.055966 0.000000
1.400710 0.137279 144.556703 0.000000
1.420720 0.129960 144.252511 0.000000
1.440730 0.143902 144.769432 0.000000
1.460741 0.135319 143.953290 0.000000
1.480751 0.133783 145.780262 0.000000
1.500761 0.135920 143.620000 0.000000
1.520771 0.130269 144.555942 0.000000
1.540781 0.139802 143.202231 0.000000
1.560791 0.134883 145.195814 0.000000
1.580801 0.130639 146.870514 0.000000
1.600812 0.137684 144.744100 0.000000
1.620822 0.132201 143.747879 0.000000
1.640832 0.136197 143.965469 0.000000
1.660842 0.136106 146.302032 0.000000
1.680852 0.127608 145.734912 0.000000
1.700862 0.139896 143.875074 0.000000
1.720872 0.133500 143.576432 0.000000
1.740883 0.133061 143.394086 0.000000
1.760893 0.136046 144.393433 0.000000
1.780903 0.128030 143.584677 0.000000
1.800913 0.137696 141.982304 0.000000
1.820923 0.130575 146.966866 0.000000
1.840933 0.129551 143.902778 0.000000
1.860943 0.139069 146.124564 0.000000
1.880954 0.129680 144.537468 0.000000
1.900964 0.133166 145.240370 0.000000
1.920974 0.131667 142.765556 0.000000
1.940984 0.127822 144.489680 0.000000
1.960994 0.141947 145.195652 0.000000
1.981004 0.135545 147.437823 0.000000
2.001014 0.135944 145.955789 0.000000
2.021025 0.137780 141.948343 0.000000
2.041035 0.129775 144.109072 0.000000
2.061045 0.140771 143.720748 0.000000
2.081055 0.133648 145.377705 0.000000
2.101065 0.134035 144.549694 0.000000
2.121075 0.142362 144.834725 0.000000
2.141085 0.133407 146.713548 0.000000
2.161096 0.137773 146.915556 0.000000
2.181106 0.133007 144.276903 0.000000
2.201116 0.129434 145.103083 0.000000
2.221126 0.139152 142.994561 0.000000
2.241136 0.133357 147.328315 0.000000
2.261146 0.133667 146.437903 0.000000
2.281156 0.134763 145.840694 0.000000
2.301167 0.127395 144.169000 0.000000
2.321177 0.136581 143.991045 0.000000
2.341187 0.132069 146.315804 0.000000
2.361197 0.130111 145.639843 0.000000
2.381207 0.138793 143.318818 0.000000
2.401217 0.131614 144.264717 0.000000
2.421227 0.138380 143.331821 0.000000
2.441238 0.135247 143.800684 0.000000
2.461248 0.132183 142.754464 0.000000
2.481258 0.141694 144.468380 0.000000
2.501268 0.133572 142.528000 0.000000
2.521278 0.132476 144.278862 0.000000
2.541288 0.135924 143.931045 0.000000
2.561298 0.129958 144.141520 0.000000
2.581309 0.139703 143.017885 0.000000
2.601319 0.132419 142.859618 0.000000
2.621329 0.135117 144.311765 0.000000
2.641339 0.141707 142.682597 0.000000
2.661349 0.133498 144.092394 0.000000
2.681359 0.139139 144.839831 0.000000
2.701369 0.137379 145.295215 0.000000
2.721380 0.134969 146.362060 0.000000
2.741390 0.139518 145.750826 0.000000
2.761400 0.135681 141.787975 0.000000
2.781410 0.137327 144.156863 0.000000
2.801420 0.144543 143.357755 0.000000
2.821430 0.136591 145.856230 0.000000
2.841440 0.142932 144.797088 0.000000
2.861451 0.137244 143.550816 0.000000
2.881461 0.136946 147.962586 0.000000
2.901471 0.143654 143.923830 0.000000
2.921481 0.136045 143.006889 0.000000
2.941491 0.143856 144.037409 0.000000
2.961501 0.142577 143.746038 0.000000
2.981511 0.138083 143.915592 0.000000
3.001522 0.146330 146.928867 0.000000
3.021532 0.137013 144.863905 0.000000
3.041542 0.143456 143.416290 0.000000
3.061552 0.147387 143.603444 0.000000
3.081562 0.136223 144.147097 0.000000
3.101572 0.145443 145.245538 0.000000
3.121583 0.138753 146.924040 0.000000
3.141593 0.139438 144.756900 0.000000
3.161603 0.146982 142.978980 0.000000
3.181613 0.137989 143.744646 0.000000
3.201623 0.144356 144.743688 0.000000
3.221633 0.143214 144.143607 0.000000
3.241643 0.138091 142.614719 0.000000
3.261654 0.149189 143.850667 0.000000
3.281664 0.141509 145.702629 0.000000
3.301674 0.144777 143.183614 0.000000
3.321684 0.145667 142.801509 0.000000
3.341694 0.135631 142.990784 0.000000
3.361704 0.146069 144.271644 0.000000
3.381714 0.141558 143.485195 0.000000
3.401725 0.141737 144.848673 0.000000
3.421735 0.149025 146.810380 0.000000
3.441745 0.135013 146.103492 0.000000
3.461755 0.144894 145.127105 0.000000
3.481765 0.143098 143.831776 0.000000
3.501775 0.136688 145.523871 0.000000
3.521785 0.145185 144.074973 0.000000
3.541796 0.134655 145.759385 0.000000
3.561806 0.137135 143.713946 0.000000
3.581816 0.139727 145.816923 0.000000
3.601826 0.130777 142.937534 0.000000
3.621836 0.142685 145.714607 0.000000
3.641846 0.140323 143.768120 0.000000
3.661856 0.137179 144.841707 0.000000
3.681867 0.141227 143.817931 0.000000
3.701877 0.133528 143.950141 0.000000
3.721887 0.142828 143.950455 0.000000
3.741897 0.142384 142.902769 0.000000
3.761907 0.133565 143.550409 0.000000
3.781917 0.142159 142.283333 0.000000
3.801927 0.136339 145.987429 0.000000
3.821938 0.139305 144.710276 0.000000
3.841948 0.142111 147.753684 0.000000
3.861958 0.132879 143.704828 0.000000
3.881968 0.143880 143.011034 0.000000
3.901978 0.138020 145.113701 0.000000
3.921988 0.132954 143.157647 0.000000
3.941998 0.143577 144.885113 0.000000
3.962009 0.129788 146.640625 0.000000
3.982019 0.141278 143.514793 0.000000
4.002029 0.140136 144.957565 0.000000
4.022039 0.133378 144.315526 0.000000
4.042049 0.142236 145.789809 0.000000
4.062059 0.136116 145.690560 0.000000
4.082069 0.135178 143.739326 0.000000
4.102080 0.139305 143.744593 0.000000
4.122090 0.127233 142.524255 0.000000
4.142100 0.140245 142.558222 0.000000
4.162110 0.137741 142.176508 0.000000
4.182120 0.132592 142.830419 0.000000
4.202130 0.143200 142.238601 0.000000
4.222140 0.130958 141.601408 0.000000
4.242151 0.136729 144.299902 0.000000
4.262161 0.134668 142.789859 0.000000
4.282171 0.128228 143.328153 0.000000
4.302181 0.141578 145.267250 0.000000
4.322191 0.133968 143.592188 0.000000
4.342201 0.134336 145.120000 0.000000
4.362211 0.137102 145.176111 0.000000
4.382222 0.127022 145.048633 0.000000
4.402232 0.139712 143.967514 0.000000
4.422242 0.135552 147.392640 0.000000
4.442252 0.134594 142.542754 0.000000
4.462262 0.139932 145.324789 0.000000
4.482272 0.134206 145.940244 0.000000
4.502282 0.138008 145.227488 0.000000
4.522293 0.135509 145.684706 0.000000
4.542303 0.129832 145.247500 0.000000
4.562313 0.142457 143.752258 0.000000
4.582323 0.135104 143.983140 0.000000
4.602333 0.132737 144.244719 0.000000
4.622343 0.135279 143.087536 0.000000
4.642353 0.130436 142.321143 0.000000
4.662364 0.141139 143.303373 0.000000
4.682374 0.138588 145.457460 0.000000
4.702384 0.137204 141.942222 0.000000
4.722394 0.140434 144.895325 0.000000
4.742404 0.136270 145.872459 0.000000
4.762414 0.142623 145.190426 0.000000
4.782424 0.137101 146.891862 0.000000
4.802435 0.134297 142.855148 0.000000
4.822445 0.144711 144.679509 0.000000
4.842455 0.137364 146.276033 0.000000
4.862465 0.140020 142.528941 0.000000
4.882475 0.138265 145.290909 0.000000
4.902485 0.134810 143.512690 0.000000
4.922495 0.144460 144.445744 0.000000
4.942506 0.139506 144.660136 0.000000
4.962516 0.140746 145.247619 0.000000
4.982526 0.143137 140.681678 0.000000
5.002536 0.139627 144.970579 0.000000
5.022546 0.143935 142.754400 0.000000
5.042556 0.141879 143.146757 0.000000
5.062567 0.143810 143.547550 0.000000
5.082577 0.147455 142.726784 0.000000
5.102587 0.141884 142.331034 0.000000
5.122597 0.147643 144.165803 0.000000
5.142607 0.142219 146.012444 0.000000
5.162617 0.140952 145.363380 0.000000
5.182627 0.147220 144.305474 0.000000
5.202638 0.141199 142.227227 0.000000
5.222648 0.143847 144.093107 0.000000
5.242658 0.147531 144.351329 0.000000
5.262668 0.140711 143.968105 0.000000
5.282678 0.148211 145.410888 0.000000
5.302688 0.142108 145.464049 0.000000
5.322698 0.143819 145.305562 0.000000
5.342709 0.148773 143.469942 0.000000
5.362719 0.144082 144.496774 0.000000
5.382729 0.146476 143.954927 0.000000
5.402739 0.142558 143.070534 0.000000
5.422749 0.141707 141.257612 0.000000
5.442759 0.150427 143.762236 0.000000
5.462769 0.140703 144.740571 0.000000
5.482780 0.149305 145.815641 0.000000
5.502790 0.147189 142.925574 0.000000
5.522800 0.139835 141.105484 0.000000
5.542810 0.148457 144.762721 0.000000
5.562820 0.138373 142.995484 0.000000
5.582830 0.141923 144.694843 0.000000
5.602840 0.145215 142.899329 0.000000
5.622851 0.137389 146.678450 0.000000
5.642861 0.142901 146.185000 0.000000
5.662871 0.139929 143.338841 0.000000
5.682881 0.142917 144.116522 0.000000
5.702891 0.149665 141.911463 0.000000
5.722901 0.142000 142.166349 0.000000
5.742911 0.145206 142.421013 0.000000
5.762922 0.143145 142.984000 0.000000
5.782932 0.136917 142.158425 0.000000
5.802942 0.146312 144.533904 0.000000
5.822952 0.135714 143.749147 0.000000
5.842962 0.145101 143.496000 0.000000
5.862972 0.143460 145.599409 0.000000
5.882982 0.137217 145.906040 0.000000
5.902993 0.144774 144.198095 0.000000
5.923003 0.137301 143.725143 0.000000
5.943013 0.139709 143.905833 0.000000
5.963023 0.143916 144.010633 0.000000
5.983033 0.133277 141.128615 0.000000
6.003043 0.138604 143.905325 0.000000
6.023053 0.139266 144.875912 0.000000
6.043064 0.138431 143.850159 0.000000
6.063074 0.144601 143.890400 0.000000
6.083084 0.132009 142.983529 0.000000
6.103094 0.140433 142.964156 0.000000
6.123104 0.141740 145.272632 0.000000
6.143114 0.134639 146.008550 0.000000
6.163124 0.142678 145.726118 0.000000
6.183135 0.135401 141.445180 0.000000
6.203145 0.137757 144.799742 0.000000
6.223155 0.144051 146.234588 0.000000
6.243165 0.133097 144.732459 0.000000
6.263175 0.141336 143.483743 0.000000
