serial number: JANUSZ_3_RI70_21414876
torque: 8
start_temp: 138 (27)
finish_temp: 138 (27)
note: pierwsze
0.000000 0.139385 145.923216 0.000000
0.020010 0.135417 144.926305 0.000000
0.040020 0.144003 146.312091 0.000000
0.060030 0.133677 144.917053 0.000000
0.080041 0.138152 146.505667 0.000000
0.100051 0.141518 144.718058 0.000000
0.120061 0.133394 146.108272 0.000000
0.140071 0.142436 145.199681 0.000000
0.160081 0.139390 142.683043 0.000000
0.180091 0.137781 141.055747 0.000000
0.200101 0.143111 142.403022 0.000000
0.220112 0.132503 143.665608 0.000000
0.240122 0.139290 145.085891 0.000000
0.260132 0.138642 146.229727 0.000000
0.280142 0.133442 144.178364 0.000000
0.300152 0.141351 144.198340 0.000000
0.320162 0.135418 143.218378 0.000000
0.340172 0.138761 142.433280 0.000000
0.360183 0.141175 143.535355 0.000000
0.380193 0.132159 143.565628 0.000000
0.400203 0.144130 145.379915 0.000000
0.420213 0.136865 144.763676 0.000000
0.440223 0.138237 144.596592 0.000000
0.460233 0.139399 144.819596 0.000000
0.480243 0.130890 144.680000 0.000000
0.500254 0.142843 143.859667 0.000000
0.520264 0.140827 143.629153 0.000000
0.540274 0.134751 143.433786 0.000000
0.560284 0.140673 145.226116 0.000000
0.580294 0.132304 143.192000 0.000000
0.600304 0.138135 142.660241 0.000000
0.620314 0.142822 143.151088 0.000000
0.640325 0.132404 146.115907 0.000000
0.660335 0.141831 145.250656 0.000000
0.680345 0.136269 145.511204 0.000000
0.700355 0.138602 144.647300 0.000000
0.720365 0.143785 146.613511 0.000000
0.740375 0.134025 144.978077 0.000000
0.760385 0.142896 142.728062 0.000000
0.780396 0.140637 144.911087 0.000000
0.800406 0.134957 143.480000 0.000000
0.820416 0.141887 144.015614 0.000000
0.840426 0.136488 146.050267 0.000000
0.860436 0.144077 143.753004 0.000000
0.880446 0.141630 142.011268 0.000000
0.900456 0.130790 143.210185 0.000000
0.920467 0.143432 144.696140 0.000000
0.940477 0.136414 142.921156 0.000000
0.960487 0.139670 144.780961 0.000000
0.980497 0.144453 145.521414 0.000000
1.000507 0.133690 142.398286 0.000000
1.020517 0.143137 144.560467 0.000000
1.040528 0.138814 143.809947 0.000000
1.060538 0.135933 144.240844 0.000000
1.080548 0.143242 142.665281 0.000000
1.100558 0.136350 144.681951 0.000000
1.120568 0.140609 143.162282 0.000000
1.140578 0.140015 141.772600 0.000000
1.160588 0.129825 145.362936 0.000000
1.180599 0.140786 143.030080 0.000000
1.200609 0.136171 145.167778 0.000000
1.220619 0.135944 144.363333 0.000000
1.240629 0.141614 143.260550 0.000000
1.260639 0.133074 141.552481 0.000000
1.280649 0.141822 142.441420 0.000000
1.300659 0.137258 144.099817 0.000000
1.320670 0.134992 147.362878 0.000000
1.340680 0.143242 144.088980 0.000000
1.360690 0.135106 144.765200 0.000000
1.380700 0.138505 141.553464 0.000000
1.400710 0.135911 144.503853 0.000000
1.420720 0.131001 144.372055 0.000000
1.440730 0.141115 145.241558 0.000000
1.460741 0.133654 143.464912 0.000000
1.480751 0.134303 143.316053 0.000000
1.500761 0.135033 143.392661 0.000000
1.520771 0.129725 146.689851 0.000000
1.540781 0.139455 143.677619 0.000000
1.560791 0.134676 142.580000 0.000000
1.580801 0.132018 142.419636 0.000000
1.600812 0.137629 142.681611 0.000000
1.620822 0.134860 146.756508 0.000000
1.640832 0.135083 143.991186 0.000000
1.660842 0.134599 142.640000 0.000000
1.680852 0.130000 140.344106 0.000000
1.700862 0.139469 142.479701 0.000000
1.720872 0.132845 145.670427 0.000000
1.740883 0.132149 141.857600 0.000000
1.760893 0.134943 143.334046 0.000000
1.780903 0.130344 144.151884 0.000000
1.800913 0.139303 140.880563 0.000000
1.820923 0.132538 144.676444 0.000000
1.840933 0.128293 143.121944 0.000000
1.860943 0.135581 144.852500 0.000000
1.880954 0.130347 143.571485 0.000000
1.900964 0.136934 142.204286 0.000000
1.920974 0.133298 143.005437 0.000000
1.940984 0.128465 144.619452 0.000000
1.960994 0.138439 143.472131 0.000000
1.981004 0.134605 145.080702 0.000000
2.001014 0.131813 144.146747 0.000000
2.021025 0.135478 145.047619 0.000000
2.041035 0.128374 144.300937 0.000000
2.061045 0.136904 145.491242 0.000000
2.081055 0.131266 147.449764 0.000000
2.101065 0.126357 143.465366 0.000000
2.121075 0.137713 143.781488 0.000000
2.141085 0.131577 143.198992 0.000000
2.161096 0.134946 145.832242 0.000000
2.181106 0.134729 142.776075 0.000000
2.201116 0.128551 142.172455 0.000000
2.221126 0.139522 143.092886 0.000000
2.241136 0.133678 146.742655 0.000000
2.261146 0.134696 143.492000 0.000000
2.281156 0.139969 144.717895 0.000000
2.301167 0.129653 145.759692 0.000000
2.321177 0.139162 144.064748 0.000000
2.341187 0.131250 143.948119 0.000000
2.361197 0.131771 142.861395 0.000000
2.381207 0.141494 147.291852 0.000000
2.401217 0.132809 141.799184 0.000000
2.421227 0.136641 143.393782 0.000000
2.441238 0.134220 142.988354 0.000000
2.461248 0.133087 142.958537 0.000000
2.481258 0.142506 146.040696 0.000000
2.501268 0.136051 143.908283 0.000000
2.521278 0.135469 144.808101 0.000000
2.541288 0.138855 144.187527 0.000000
2.561298 0.128150 142.605872 0.000000
2.581309 0.139088 145.693037 0.000000
2.601319 0.135628 145.652252 0.000000
2.621329 0.134908 145.612980 0.000000
2.641339 0.143930 143.386800 0.000000
2.661349 0.133635 144.450219 0.000000
2.681359 0.138433 146.066581 0.000000
2.701369 0.138566 144.815856 0.000000
2.721380 0.136320 142.826065 0.000000
2.741390 0.143859 143.027671 0.000000
2.761400 0.134399 142.770874 0.000000
2.781410 0.136562 143.151333 0.000000
2.801420 0.141290 143.851034 0.000000
2.821430 0.136105 142.407168 0.000000
2.841440 0.145461 143.038659 0.000000
2.861451 0.139008 142.982482 0.000000
2.881461 0.136970 145.157471 0.000000
2.901471 0.141395 143.220432 0.000000
2.921481 0.134253 145.016825 0.000000
2.941491 0.142554 144.164024 0.000000
2.961501 0.139357 143.743380 0.000000
2.981511 0.136038 143.165000 0.000000
3.001522 0.142683 143.517410 0.000000
3.021532 0.136465 142.607719 0.000000
3.041542 0.138842 146.246228 0.000000
3.061552 0.146632 141.569143 0.000000
3.081562 0.137110 142.719149 0.000000
3.101572 0.145164 142.033797 0.000000
3.121583 0.139252 146.124275 0.000000
3.141593 0.139605 144.488211 0.000000
3.161603 0.143130 144.753889 0.000000
3.181613 0.136214 142.058295 0.000000
3.201623 0.145940 146.166392 0.000000
3.221633 0.144152 143.849920 0.000000
3.241643 0.135898 141.821161 0.000000
3.261654 0.145165 144.247389 0.000000
3.281664 0.138624 145.000645 0.000000
3.301674 0.142212 143.649249 0.000000
3.321684 0.144871 148.450000 0.000000
3.341694 0.132245 142.748905 0.000000
3.361704 0.144199 142.855686 0.000000
3.381714 0.139895 144.984231 0.000000
3.401725 0.139052 144.761854 0.000000
3.421735 0.145552 143.655462 0.000000
3.441745 0.134238 144.388571 0.000000
3.461755 0.143360 146.080255 0.000000
3.481765 0.140124 142.789057 0.000000
3.501775 0.132542 145.125828 0.000000
3.521785 0.145304 145.615858 0.000000
3.541796 0.135593 142.833280 0.000000
3.561806 0.139492 144.064396 0.000000
3.581816 0.141313 143.184715 0.000000
3.601826 0.130903 142.462937 0.000000
3.621836 0.142596 145.365198 0.000000
3.641846 0.140608 141.572063 0.000000
3.661856 0.135201 145.054286 0.000000
3.681867 0.141690 146.196286 0.000000
3.701877 0.128459 144.649577 0.000000
3.721887 0.136312 142.649684 0.000000
3.741897 0.136581 149.378583 0.000000
3.761907 0.131655 143.738616 0.000000
3.781917 0.141347 142.804294 0.000000
3.801927 0.133221 143.833185 0.000000
3.821938 0.134221 143.609061 0.000000
3.841948 0.134359 147.606131 0.000000
3.861958 0.127980 142.666759 0.000000
3.881968 0.139803 140.966316 0.000000
3.901978 0.135592 143.694656 0.000000
3.921988 0.130414 143.713864 0.000000
3.941998 0.136113 143.040303 0.000000
3.962009 0.126948 143.921260 0.000000
3.982019 0.137913 142.990857 0.000000
4.002029 0.136169 142.491092 0.000000
4.022039 0.126941 144.377325 0.000000
4.042049 0.134882 145.480000 0.000000
4.062059 0.128641 142.725581 0.000000
4.082069 0.131327 144.149319 0.000000
4.102080 0.136003 145.064706 0.000000
4.122090 0.126486 143.558881 0.000000
4.142100 0.138898 142.141436 0.000000
4.162110 0.135009 146.140496 0.000000
4.182120 0.129197 144.301078 0.000000
4.202130 0.137980 141.927895 0.000000
4.222140 0.128351 141.942098 0.000000
4.242151 0.135491 143.259901 0.000000
4.262161 0.132946 142.351642 0.000000
4.282171 0.126757 145.194250 0.000000
4.302181 0.135934 145.566118 0.000000
4.322191 0.117411 145.320476 0.000000
4.342201 0.130394 142.390563 0.000000
4.362211 0.137861 143.941923 0.000000
4.382222 0.125655 144.570144 0.000000
4.402232 0.139056 142.877273 0.000000
4.422242 0.134431 143.983297 0.000000
4.442252 0.130316 143.933804 0.000000
4.462262 0.137352 145.367671 0.000000
4.482272 0.131338 145.742692 0.000000
4.502282 0.138273 144.854685 0.000000
4.522293 0.135636 145.691132 0.000000
4.542303 0.129375 144.208305 0.000000
4.562313 0.139541 143.533167 0.000000
4.582323 0.136365 144.920000 0.000000
4.602333 0.135137 143.833509 0.000000
4.622343 0.139046 144.255415 0.000000
4.642353 0.130690 145.626601 0.000000
4.662364 0.141894 142.495806 0.000000
4.682374 0.137169 145.406845 0.000000
4.702384 0.136990 144.961633 0.000000
4.722394 0.141497 144.138233 0.000000
4.742404 0.133613 145.922553 0.000000
4.762414 0.140719 143.232632 0.000000
4.782424 0.137730 144.148155 0.000000
4.802435 0.136177 142.709689 0.000000
4.822445 0.144081 143.423673 0.000000
4.842455 0.137237 141.158689 0.000000
4.862465 0.140036 142.058964 0.000000
4.882475 0.138653 143.071456 0.000000
4.902485 0.137537 144.274310 0.000000
4.922495 0.144783 145.519394 0.000000
4.942506 0.138235 144.525688 0.000000
4.962516 0.139803 143.701667 0.000000
4.982526 0.141523 144.290791 0.000000
5.002536 0.138062 147.665495 0.000000
5.022546 0.143834 145.217246 0.000000
5.042556 0.140124 144.658990 0.000000
5.062567 0.142762 143.133514 0.000000
5.082577 0.148839 143.645738 0.000000
5.102587 0.141357 149.792229 0.000000
5.122597 0.145033 147.370868 0.000000
5.142607 0.144154 145.062737 0.000000
5.162617 0.143814 146.894244 0.000000
5.182627 0.150075 142.684735 0.000000
5.202638 0.140967 143.591285 0.000000
5.222648 0.143569 143.557490 0.000000
5.242658 0.144970 143.378216 0.000000
5.262668 0.141144 145.701493 0.000000
5.282678 0.149879 147.180320 0.000000
5.302688 0.142174 144.828846 0.000000
5.322698 0.145572 143.346009 0.000000
5.342709 0.149588 144.413103 0.000000
5.362719 0.141170 143.690000 0.000000
5.382729 0.148105 146.344869 0.000000
5.402739 0.146852 144.709333 0.000000
5.422749 0.143903 146.828041 0.000000
5.442759 0.149486 144.515798 0.000000
5.462769 0.141230 146.029950 0.000000
5.482780 0.146542 143.236174 0.000000
5.502790 0.146848 145.556614 0.000000
5.522800 0.142641 145.372155 0.000000
5.542810 0.149625 142.729541 0.000000
5.562820 0.140230 142.286034 0.000000
5.582830 0.143684 144.412915 0.000000
5.602840 0.146477 143.561391 0.000000
5.622851 0.140843 145.620860 0.000000
5.642861 0.147458 146.759360 0.000000
5.662871 0.141887 144.770303 0.000000
5.682881 0.140745 143.198614 0.000000
5.702891 0.148725 143.418689 0.000000
5.722901 0.140440 144.004222 0.000000
5.742911 0.149405 145.254372 0.000000
5.762922 0.150577 145.595258 0.000000
5.782932 0.140547 143.140211 0.000000
5.802942 0.149063 143.690000 0.000000
5.822952 0.139569 144.601311 0.000000
5.842962 0.144602 143.758157 0.000000
5.862972 0.146256 144.739213 0.000000
5.882982 0.137055 143.758852 0.000000
5.902993 0.144665 142.174720 0.000000
5.923003 0.139154 143.150542 0.000000
5.943013 0.138972 144.175628 0.000000
5.963023 0.148212 142.828622 0.000000
5.983033 0.137545 144.252487 0.000000
6.003043 0.142957 144.040653 0.000000
6.023053 0.141078 145.155855 0.000000
6.043064 0.134896 143.469592 0.000000
6.063074 0.144850 143.671799 0.000000
6.083084 0.134811 143.454915 0.000000
6.103094 0.140810 144.404716 0.000000
6.123104 0.143819 145.829023 0.000000
6.143114 0.134195 145.483469 0.000000
6.163124 0.142078 143.348933 0.000000
6.183135 0.135387 144.507512 0.000000
6.203145 0.140015 144.753519 0.000000
6.223155 0.145404 142.172333 0.000000
6.243165 0.131731 142.256898 0.000000
6.263175 0.142737 141.789398 0.000000
