serial number: JANUSZ_3_RI80_21414850
torque: 16.0
start_temp: 0 (0)
finish_temp: 30 (33)
note: po crash'u w stopper
0.000000 nan
0.021014 0.476386
0.042028 0.470702
0.063042 0.467395
0.084056 0.480412
0.105070 0.465115
0.126084 0.480158
0.147098 0.472356
0.168112 0.468728
0.189126 0.479306
0.210140 0.463453
0.231154 0.477398
0.252168 0.467702
0.273182 0.467291
0.294196 0.478147
0.315210 0.463064
0.336224 0.478273
0.357238 0.466796
0.378252 0.469938
0.399266 0.478692
0.420280 0.463562
0.441294 0.479887
0.462308 0.467430
0.483322 0.473325
0.504336 0.479154
0.525350 0.465973
0.546364 0.481759
0.567378 0.467404
0.588392 0.473990
0.609406 0.479035
0.630420 0.468598
0.651434 0.484792
0.672448 0.471483
0.693462 0.480187
0.714476 0.481285
0.735490 0.471880
0.756504 0.486398
0.777518 0.471887
0.798532 0.481807
0.819546 0.480014
0.840560 0.472945
0.861574 0.486332
0.882588 0.473301
0.903602 0.487235
0.924616 0.486492
0.945630 0.480643
0.966644 0.492816
0.987658 0.476038
1.008672 0.489455
1.029686 0.486276
1.050700 0.482366
1.071714 0.493975
1.092728 0.480539
1.113742 0.494604
1.134756 0.488213
1.155770 0.486838
1.176784 0.496718
1.197798 0.484030
1.218812 0.497344
1.239826 0.490028
1.260840 0.491492
1.281854 0.498138
1.302868 0.487126
1.323882 0.500726
1.344896 0.491432
1.365910 0.493798
1.386924 0.498536
1.407938 0.487473
1.428952 0.502077
1.449966 0.490830
1.470980 0.497440
1.491994 0.499547
1.513008 0.491996
1.534022 0.504943
1.555036 0.493895
1.576050 0.500401
1.597064 0.501339
1.618078 0.493031
1.639092 0.505087
1.660106 0.493606
1.681120 0.501769
1.702134 0.501127
1.723148 0.496821
1.744162 0.508912
1.765176 0.495910
1.786190 0.505889
1.807204 0.502562
1.828218 0.499219
1.849232 0.510667
1.870246 0.498000
1.891260 0.509227
1.912274 0.504987
1.933288 0.503417
1.954302 0.511959
1.975316 0.499969
1.996330 0.511921
2.017344 0.505145
2.038358 0.506495
2.059372 0.514661
2.080386 0.504008
2.101400 0.517879
2.122414 0.506874
2.143428 0.510356
2.164442 0.513835
2.185456 0.502670
2.206470 0.517489
2.227484 0.508182
2.248498 0.514300
2.269512 0.515772
2.290526 0.505195
2.311540 0.518131
2.332554 0.506965
2.353568 0.515902
2.374582 0.515830
2.395596 0.508700
2.416610 0.521813
2.437624 0.509769
2.458638 0.518303
2.479652 0.517926
2.500666 0.512324
2.521680 0.523682
2.542694 0.510990
2.563708 0.521956
2.584722 0.517622
2.605736 0.514962
2.626750 0.524640
2.647764 0.511134
2.668778 0.522734
2.689792 0.515971
2.710806 0.516034
2.731820 0.523988
2.752834 0.509416
2.773848 0.521861
2.794862 0.513982
2.815876 0.514867
2.836890 0.521476
2.857904 0.508379
2.878918 0.521836
2.899932 0.511718
2.920946 0.515017
2.941960 0.519143
2.962974 0.507774
2.983988 0.521992
3.005002 0.510725
3.026016 0.515482
3.047030 0.515575
3.068044 0.507152
3.089058 0.521300
3.110072 0.508491
3.131086 0.515071
3.152100 0.513872
3.173114 0.506756
3.194128 0.519279
3.215142 0.505620
3.236156 0.514622
3.257170 0.512183
3.278184 0.506176
3.299198 0.517510
3.320212 0.504207
3.341226 0.512499
3.362240 0.507676
3.383254 0.504303
3.404268 0.515474
3.425282 0.499227
3.446296 0.512200
3.467310 0.505095
3.488324 0.503620
3.509338 0.513944
3.530352 0.498780
3.551366 0.510522
3.572380 0.501094
3.593394 0.501641
3.614408 0.506065
3.635422 0.492808
3.656436 0.505540
3.677450 0.494094
3.698464 0.496492
3.719478 0.500331
3.740492 0.490371
3.761506 0.503073
3.782520 0.489531
3.803534 0.495412
3.824548 0.497095
3.845562 0.486070
3.866576 0.500708
3.887590 0.486661
3.908604 0.492539
3.929618 0.491292
3.950632 0.483208
3.971646 0.496460
3.992660 0.483127
4.013674 0.491073
4.034688 0.489064
4.055702 0.481882
4.076716 0.494156
4.097730 0.478057
4.118744 0.490203
4.139758 0.484632
4.160772 0.480193
4.181786 0.492048
4.202800 0.476744
4.223814 0.487643
4.244828 0.481925
4.265842 0.479140
4.286856 0.490600
4.307870 0.473534
4.328884 0.486730
4.349898 0.478808
4.370912 0.477510
4.391926 0.486904
4.412940 0.471076
4.433954 0.487316
4.454968 0.476107
4.475982 0.477026
4.496996 0.485058
4.518010 0.470685
4.539023 0.486012
4.560037 0.475630
4.581051 0.476796
4.602065 0.483562
4.623079 0.469299
4.644093 0.486539
4.665107 0.474149
4.686121 0.479306
4.707135 0.482263
4.728149 0.470623
4.749163 0.485635
4.770177 0.472505
4.791191 0.479090
4.812205 0.481030
4.833219 0.469167
4.854233 0.484148
4.875247 0.469137
4.896261 0.479006
4.917275 0.479892
4.938289 0.469683
4.959303 0.485957
4.980317 0.469715
5.001331 0.479588
5.022345 0.477254
5.043359 0.469003
5.064373 0.483500
5.085387 0.469277
5.106401 0.481640
5.127415 0.477263
5.148429 0.471251
5.169443 0.485440
5.190457 0.468292
5.211471 0.482963
5.232485 0.477511
5.253499 0.472889
5.274513 0.486580
5.295527 0.468985
5.316541 0.485202
5.337555 0.476657
5.358569 0.472773
5.379583 0.484179
5.400597 0.468763
5.421611 0.485657
5.442625 0.476512
5.463639 0.474973
5.484653 0.484713
5.505667 0.467972
5.526681 0.484401
5.547695 0.471779
5.568709 0.472052
5.589723 0.482038
5.610737 0.465074
5.631751 0.482085
5.652765 0.470845
5.673779 0.473112
5.694793 0.482047
5.715807 0.467086
5.736821 0.483099
5.757835 0.469948
5.778849 0.477253
5.799863 0.481524
5.820877 0.469424
5.841891 0.483960
5.862905 0.469729
5.883919 0.476763
5.904933 0.478769
5.925947 0.468067
5.946961 0.483617
5.967975 0.467529
5.988989 0.478031
6.010003 0.478429
6.031017 0.467746
6.052031 0.483901
6.073045 0.466748
6.094059 0.477003
6.115073 0.474078
6.136087 0.466123
6.157101 0.480992
6.178115 0.464337
6.199129 0.477061
6.220143 0.472787
6.241157 0.467318
6.262171 0.482429
6.283185 0.464818
