serial number: JANUSZ_4_RI80_21414852
torque: 16.0
start_temp: 30 (31)
finish_temp: 30 (31)
note: j4_3_4_ri_80
0.000000 nan
0.021014 0.210241
0.042028 0.215868
0.063042 0.209530
0.084056 0.216584
0.105070 0.215098
0.126084 0.212402
0.147098 0.218129
0.168112 0.210866
0.189126 0.218358
0.210140 0.215849
0.231154 0.215148
0.252168 0.219413
0.273182 0.212349
0.294196 0.220215
0.315210 0.215960
0.336224 0.216950
0.357238 0.221373
0.378252 0.214312
0.399266 0.222254
0.420280 0.216286
0.441294 0.218650
0.462308 0.222377
0.483322 0.215157
0.504336 0.222496
0.525350 0.215257
0.546364 0.218356
0.567378 0.221632
0.588392 0.214678
0.609406 0.223246
0.630420 0.215914
0.651434 0.220861
0.672448 0.221920
0.693462 0.216102
0.714476 0.225299
0.735490 0.217188
0.756504 0.223155
0.777518 0.221641
0.798532 0.217297
0.819546 0.225520
0.840560 0.216932
0.861574 0.224636
0.882588 0.221508
0.903602 0.218694
0.924616 0.226382
0.945630 0.217869
0.966644 0.226261
0.987658 0.221632
1.008672 0.220139
1.029686 0.227950
1.050700 0.218636
1.071714 0.226029
1.092728 0.219251
1.113742 0.218975
1.134756 0.227564
1.155770 0.218403
1.176784 0.227734
1.197798 0.220791
1.218812 0.221024
1.239826 0.227945
1.260840 0.218236
1.281854 0.228320
1.302868 0.220132
1.323882 0.222689
1.344896 0.228876
1.365910 0.219778
1.386924 0.230434
1.407938 0.220972
1.428952 0.224363
1.449966 0.229790
1.470980 0.220881
1.491994 0.230688
1.513008 0.221171
1.534022 0.226034
1.555036 0.229279
1.576050 0.221037
1.597064 0.230601
1.618078 0.221088
1.639092 0.226942
1.660106 0.229805
1.681120 0.222610
1.702134 0.231919
1.723148 0.220379
1.744162 0.227447
1.765176 0.228881
1.786190 0.222878
1.807204 0.233335
1.828218 0.222039
1.849232 0.229367
1.870246 0.229054
1.891260 0.223355
1.912274 0.233639
1.933288 0.222141
1.954302 0.231168
1.975316 0.229093
1.996330 0.225194
2.017344 0.234034
2.038358 0.222598
2.059372 0.231874
2.080386 0.228902
2.101400 0.225247
2.122414 0.233476
2.143428 0.221893
2.164442 0.231300
2.185456 0.226620
2.206470 0.223857
2.227484 0.233545
2.248498 0.221926
2.269512 0.231867
2.290526 0.227058
2.311540 0.225464
2.332554 0.234370
2.353568 0.223025
2.374582 0.232661
2.395596 0.226588
2.416610 0.226827
2.437624 0.235265
2.458638 0.224463
2.479652 0.234333
2.500666 0.228106
2.521680 0.227949
2.542694 0.234781
2.563708 0.224420
2.584722 0.234653
2.605736 0.228617
2.626750 0.229668
2.647764 0.235501
2.668778 0.224434
2.689792 0.234359
2.710806 0.227167
2.731820 0.228919
2.752834 0.235532
2.773848 0.225616
2.794862 0.234686
2.815876 0.226732
2.836890 0.230648
2.857904 0.234463
2.878918 0.224101
2.899932 0.233759
2.920946 0.224867
2.941960 0.230218
2.962974 0.233302
2.983988 0.224867
3.005002 0.234728
3.026016 0.224848
3.047030 0.230381
3.068044 0.231125
3.089058 0.223122
3.110072 0.231611
3.131086 0.221458
3.152100 0.226684
3.173114 0.226622
3.194128 0.219764
3.215142 0.229226
3.236156 0.216840
3.257170 0.224541
3.278184 0.222812
3.299198 0.216188
3.320212 0.225683
3.341226 0.214440
3.362240 0.223603
3.383254 0.221046
3.404268 0.217616
3.425282 0.226227
3.446296 0.215736
3.467310 0.225254
3.488324 0.221628
3.509338 0.219361
3.530352 0.225477
3.551366 0.214310
3.572380 0.223852
3.593394 0.219515
3.614408 0.219427
3.635422 0.225099
3.656436 0.215020
3.677450 0.223423
3.698464 0.217440
3.719478 0.218073
3.740492 0.221962
3.761506 0.212130
3.782520 0.222420
3.803534 0.216754
3.824548 0.218292
3.845562 0.221388
3.866576 0.212647
3.887590 0.223137
3.908604 0.216577
3.929618 0.218954
3.950632 0.220016
3.971646 0.212545
3.992660 0.222291
4.013674 0.215434
4.034688 0.218843
4.055702 0.218924
4.076716 0.212615
4.097730 0.221767
4.118744 0.215021
4.139758 0.218426
4.160772 0.217954
4.181786 0.211541
4.202800 0.220545
4.223814 0.213512
4.244828 0.216743
4.265842 0.214486
4.286856 0.209634
4.307870 0.218620
4.328884 0.210122
4.349898 0.215656
4.370912 0.213595
4.391926 0.211618
4.412940 0.219798
4.433954 0.211074
4.454968 0.216523
4.475982 0.212986
4.496996 0.211310
4.518010 0.217042
4.539023 0.209317
4.560037 0.216657
4.581051 0.212400
4.602065 0.212449
4.623079 0.216608
4.644093 0.210324
4.665107 0.217386
4.686121 0.213166
4.707135 0.211769
4.728149 0.213849
4.749163 0.206350
4.770177 0.213994
4.791191 0.207757
4.812205 0.210428
4.833219 0.212354
4.854233 0.205662
4.875247 0.214025
4.896261 0.208397
4.917275 0.211871
4.938289 0.210989
4.959303 0.206112
4.980317 0.214206
5.001331 0.207203
5.022345 0.211586
5.043359 0.208937
5.064373 0.207151
5.085387 0.214970
5.106401 0.207174
5.127415 0.211412
5.148429 0.208552
5.169443 0.208006
5.190457 0.213299
5.211471 0.205889
5.232485 0.209923
5.253499 0.204439
5.274513 0.204828
5.295527 0.211281
5.316541 0.204826
5.337555 0.210694
5.358569 0.205359
5.379583 0.207419
5.400597 0.211361
5.421611 0.205411
5.442625 0.211668
5.463639 0.204954
5.484653 0.209526
5.505667 0.210795
5.526681 0.206347
5.547695 0.211885
5.568709 0.205453
5.589723 0.211230
5.610737 0.211548
5.631751 0.207971
5.652765 0.212539
5.673779 0.206136
5.694793 0.211791
5.715807 0.209656
5.736821 0.207350
5.757835 0.212612
5.778849 0.205500
5.799863 0.211902
5.820877 0.208591
5.841891 0.208191
5.862905 0.214544
5.883919 0.206268
5.904933 0.213254
5.925947 0.209772
5.946961 0.210215
5.967975 0.214971
5.988989 0.208082
6.010003 0.214797
6.031017 0.209688
6.052031 0.211811
6.073045 0.214854
6.094059 0.209736
6.115073 0.216696
6.136087 0.210324
6.157101 0.214973
6.178115 0.215750
6.199129 0.211246
6.220143 0.217162
6.241157 0.210999
6.262171 0.215645
6.283185 0.214806
