serial number: JANUSZ_4_RI80_21414852
torque: 16.0
start_temp: 31 (31)
finish_temp: 31 (31)
note: j4_pcb_3_4
0.000000 nan
0.021014 0.219506
0.042028 0.216766
0.063042 0.216417
0.084056 0.219781
0.105070 0.213724
0.126084 0.219690
0.147098 0.216713
0.168112 0.217632
0.189126 0.221031
0.210140 0.215547
0.231154 0.221653
0.252168 0.217155
0.273182 0.218012
0.294196 0.221630
0.315210 0.215807
0.336224 0.222883
0.357238 0.218309
0.378252 0.220403
0.399266 0.223248
0.420280 0.217536
0.441294 0.225481
0.462308 0.219662
0.483322 0.222437
0.504336 0.224433
0.525350 0.219025
0.546364 0.227088
0.567378 0.219352
0.588392 0.223070
0.609406 0.223898
0.630420 0.219512
0.651434 0.226641
0.672448 0.219070
0.693462 0.222797
0.714476 0.224606
0.735490 0.219812
0.756504 0.226944
0.777518 0.218876
0.798532 0.224086
0.819546 0.224813
0.840560 0.220986
0.861574 0.228764
0.882588 0.220234
0.903602 0.226029
0.924616 0.224929
0.945630 0.222000
0.966644 0.229585
0.987658 0.220659
1.008672 0.228516
1.029686 0.225920
1.050700 0.223421
1.071714 0.230248
1.092728 0.220344
1.113742 0.229271
1.134756 0.226622
1.155770 0.224932
1.176784 0.231598
1.197798 0.222026
1.218812 0.231935
1.239826 0.227755
1.260840 0.226772
1.281854 0.232744
1.302868 0.222995
1.323882 0.233249
1.344896 0.228327
1.365910 0.228442
1.386924 0.234395
1.407938 0.225451
1.428952 0.235548
1.449966 0.227524
1.470980 0.228411
1.491994 0.236058
1.513008 0.227398
1.534022 0.238436
1.555036 0.230588
1.576050 0.232545
1.597064 0.239395
1.618078 0.230381
1.639092 0.240011
1.660106 0.230905
1.681120 0.234769
1.702134 0.240354
1.723148 0.230062
1.744162 0.241338
1.765176 0.232830
1.786190 0.235891
1.807204 0.242269
1.828218 0.233108
1.849232 0.244531
1.870246 0.234215
1.891260 0.238386
1.912274 0.243311
1.933288 0.234393
1.954302 0.247076
1.975316 0.234454
1.996330 0.239744
2.017344 0.243141
2.038358 0.236321
2.059372 0.245047
2.080386 0.236295
2.101400 0.242355
2.122414 0.245078
2.143428 0.238506
2.164442 0.246310
2.185456 0.238428
2.206470 0.243048
2.227484 0.245381
2.248498 0.238893
2.269512 0.246357
2.290526 0.238425
2.311540 0.243623
2.332554 0.244291
2.353568 0.238207
2.374582 0.246308
2.395596 0.239019
2.416610 0.244169
2.437624 0.244956
2.458638 0.239576
2.479652 0.247080
2.500666 0.238466
2.521680 0.244018
2.542694 0.243612
2.563708 0.240136
2.584722 0.246499
2.605736 0.238794
2.626750 0.244826
2.647764 0.243768
2.668778 0.240499
2.689792 0.246125
2.710806 0.238743
2.731820 0.244180
2.752834 0.243123
2.773848 0.239193
2.794862 0.245304
2.815876 0.236364
2.836890 0.241829
2.857904 0.241156
2.878918 0.238325
2.899932 0.244113
2.920946 0.236259
2.941960 0.242064
2.962974 0.240362
2.983988 0.238178
3.005002 0.242491
3.026016 0.235125
3.047030 0.240812
3.068044 0.238630
3.089058 0.236580
3.110072 0.240821
3.131086 0.234195
3.152100 0.239216
3.173114 0.236106
3.194128 0.235533
3.215142 0.239640
3.236156 0.233808
3.257170 0.237388
3.278184 0.234645
3.299198 0.233729
3.320212 0.237183
3.341226 0.229959
3.362240 0.235206
3.383254 0.233052
3.404268 0.232172
3.425282 0.234964
3.446296 0.228038
3.467310 0.233782
3.488324 0.231308
3.509338 0.231548
3.530352 0.234557
3.551366 0.229019
3.572380 0.234595
3.593394 0.231950
3.614408 0.230977
3.635422 0.233860
3.656436 0.227579
3.677450 0.234086
3.698464 0.231873
3.719478 0.231403
3.740492 0.233244
3.761506 0.227491
3.782520 0.233383
3.803534 0.229930
3.824548 0.229080
3.845562 0.231676
3.866576 0.225436
3.887590 0.231471
3.908604 0.227866
3.929618 0.228572
3.950632 0.229668
3.971646 0.223746
3.992660 0.229075
4.013674 0.224790
4.034688 0.226808
4.055702 0.228328
4.076716 0.224750
4.097730 0.228111
4.118744 0.224637
4.139758 0.227705
4.160772 0.228558
4.181786 0.224577
4.202800 0.227740
4.223814 0.223955
4.244828 0.227357
4.265842 0.227807
4.286856 0.223531
4.307870 0.225401
4.328884 0.220510
4.349898 0.225021
4.370912 0.224718
4.391926 0.220542
4.412940 0.221991
4.433954 0.217386
4.454968 0.224444
4.475982 0.221917
4.496996 0.219434
4.518010 0.220898
4.539023 0.217485
4.560037 0.223453
4.581051 0.221059
4.602065 0.220680
4.623079 0.221647
4.644093 0.218188
4.665107 0.223295
4.686121 0.221703
4.707135 0.221300
4.728149 0.221628
4.749163 0.218643
4.770177 0.222331
4.791191 0.219993
4.812205 0.219932
4.833219 0.218860
4.854233 0.217379
4.875247 0.221255
4.896261 0.218046
4.917275 0.218967
4.938289 0.219134
4.959303 0.217773
4.980317 0.216881
5.001331 0.213399
5.022345 0.215337
5.043359 0.214295
5.064373 0.213955
5.085387 0.214484
5.106401 0.212903
5.127415 0.216373
5.148429 0.214641
5.169443 0.214387
5.190457 0.214699
5.211471 0.212899
5.232485 0.216290
5.253499 0.214284
5.274513 0.216031
5.295527 0.215629
5.316541 0.214252
5.337555 0.217235
5.358569 0.214841
5.379583 0.215720
5.400597 0.213731
5.421611 0.213432
5.442625 0.216006
5.463639 0.214990
5.484653 0.216411
5.505667 0.213819
5.526681 0.214606
5.547695 0.216644
5.568709 0.215995
5.589723 0.217843
5.610737 0.215963
5.631751 0.217666
5.652765 0.217714
5.673779 0.217224
5.694793 0.219010
5.715807 0.216518
5.736821 0.219501
5.757835 0.217362
5.778849 0.218748
5.799863 0.218622
5.820877 0.216544
5.841891 0.219041
5.862905 0.215572
5.883919 0.217522
5.904933 0.218946
5.925947 0.213513
5.946961 0.216238
5.967975 0.212352
5.988989 0.215277
6.010003 0.215378
6.031017 0.213434
6.052031 0.217379
6.073045 0.214198
6.094059 0.217252
6.115073 0.217298
6.136087 0.214753
6.157101 0.218282
6.178115 0.213637
6.199129 0.216878
6.220143 0.215666
6.241157 0.214839
6.262171 0.218682
6.283185 0.214023
