serial number: JANUSZ_4_RI80_21414852
torque: 16.0
start_temp: 30 (31)
finish_temp: 30 (30)
note: j4_pcb_3_4
0.000000 nan
0.021014 0.199534
0.042028 0.199921
0.063042 0.195081
0.084056 0.202638
0.105070 0.197564
0.126084 0.203120
0.147098 0.201382
0.168112 0.197981
0.189126 0.204478
0.210140 0.198450
0.231154 0.205428
0.252168 0.202331
0.273182 0.200815
0.294196 0.206075
0.315210 0.198947
0.336224 0.205907
0.357238 0.200845
0.378252 0.199645
0.399266 0.204420
0.420280 0.196597
0.441294 0.204151
0.462308 0.198360
0.483322 0.199010
0.504336 0.204862
0.525350 0.197775
0.546364 0.207691
0.567378 0.201603
0.588392 0.203760
0.609406 0.208687
0.630420 0.200753
0.651434 0.210447
0.672448 0.201977
0.693462 0.205435
0.714476 0.209519
0.735490 0.201959
0.756504 0.211473
0.777518 0.202156
0.798532 0.207079
0.819546 0.209135
0.840560 0.202407
0.861574 0.210681
0.882588 0.200287
0.903602 0.206397
0.924616 0.206854
0.945630 0.200424
0.966644 0.209471
0.987658 0.198569
1.008672 0.206597
1.029686 0.206266
1.050700 0.200435
1.071714 0.209275
1.092728 0.197110
1.113742 0.206583
1.134756 0.204602
1.155770 0.200555
1.176784 0.210890
1.197798 0.199038
1.218812 0.209724
1.239826 0.205473
1.260840 0.203092
1.281854 0.212759
1.302868 0.200885
1.323882 0.211461
1.344896 0.205076
1.365910 0.203925
1.386924 0.213315
1.407938 0.201936
1.428952 0.212708
1.449966 0.205455
1.470980 0.205035
1.491994 0.213447
1.513008 0.201467
1.534022 0.212507
1.555036 0.203733
1.576050 0.204897
1.597064 0.213733
1.618078 0.201265
1.639092 0.213078
1.660106 0.203322
1.681120 0.205430
1.702134 0.213073
1.723148 0.200489
1.744162 0.213087
1.765176 0.202903
1.786190 0.207390
1.807204 0.213405
1.828218 0.202060
1.849232 0.214314
1.870246 0.202441
1.891260 0.208456
1.912274 0.213099
1.933288 0.202736
1.954302 0.214187
1.975316 0.202381
1.996330 0.208351
2.017344 0.211025
2.038358 0.202397
2.059372 0.214257
2.080386 0.202015
2.101400 0.209175
2.122414 0.210910
2.143428 0.201777
2.164442 0.213732
2.185456 0.200092
2.206470 0.209361
2.227484 0.209798
2.248498 0.202524
2.269512 0.214742
2.290526 0.201688
2.311540 0.211218
2.332554 0.208632
2.353568 0.203840
2.374582 0.214445
2.395596 0.200691
2.416610 0.210315
2.437624 0.207353
2.458638 0.203185
2.479652 0.213486
2.500666 0.200441
2.521680 0.210463
2.542694 0.206860
2.563708 0.204158
2.584722 0.212718
2.605736 0.199377
2.626750 0.210147
2.647764 0.204862
2.668778 0.203119
2.689792 0.210949
2.710806 0.197821
2.731820 0.209395
2.752834 0.203348
2.773848 0.203437
2.794862 0.209974
2.815876 0.197677
2.836890 0.209632
2.857904 0.202478
2.878918 0.204361
2.899932 0.209159
2.920946 0.198411
2.941960 0.209428
2.962974 0.202037
2.983988 0.204762
3.005002 0.207505
3.026016 0.197515
3.047030 0.207612
3.068044 0.200155
3.089058 0.202837
3.110072 0.204283
3.131086 0.195414
3.152100 0.206570
3.173114 0.198195
3.194128 0.202641
3.215142 0.202901
3.236156 0.195357
3.257170 0.206380
3.278184 0.197928
3.299198 0.203318
3.320212 0.201420
3.341226 0.195613
3.362240 0.204887
3.383254 0.196813
3.404268 0.203284
3.425282 0.200788
3.446296 0.196044
3.467310 0.203678
3.488324 0.196965
3.509338 0.202849
3.530352 0.199901
3.551366 0.195498
3.572380 0.202249
3.593394 0.194909
3.614408 0.200996
3.635422 0.197512
3.656436 0.194835
3.677450 0.200692
3.698464 0.193421
3.719478 0.199624
3.740492 0.195719
3.761506 0.194826
3.782520 0.199847
3.803534 0.193570
3.824548 0.200692
3.845562 0.196390
3.866576 0.197382
3.887590 0.199266
3.908604 0.194507
3.929618 0.201218
3.950632 0.195933
3.971646 0.196735
3.992660 0.197693
4.013674 0.193867
4.034688 0.200214
4.055702 0.195488
4.076716 0.197371
4.097730 0.197512
4.118744 0.191933
4.139758 0.198545
4.160772 0.193002
4.181786 0.194709
4.202800 0.191673
4.223814 0.188157
4.244828 0.196164
4.265842 0.191424
4.286856 0.194764
4.307870 0.192754
4.328884 0.191690
4.349898 0.199152
4.370912 0.192987
4.391926 0.196199
4.412940 0.192551
4.433954 0.191586
4.454968 0.197490
4.475982 0.192035
4.496996 0.196422
4.518010 0.192495
4.539023 0.192083
4.560037 0.197145
4.581051 0.191406
4.602065 0.193903
4.623079 0.187800
4.644093 0.186911
4.665107 0.192334
4.686121 0.187495
4.707135 0.193405
4.728149 0.187639
4.749163 0.190498
4.770177 0.194552
4.791191 0.189938
4.812205 0.194914
4.833219 0.189267
4.854233 0.193137
4.875247 0.194189
4.896261 0.189591
4.917275 0.196067
4.938289 0.189364
4.959303 0.193331
4.980317 0.192821
5.001331 0.189210
5.022345 0.195053
5.043359 0.188980
5.064373 0.193214
5.085387 0.190961
5.106401 0.186646
5.127415 0.193650
5.148429 0.186246
5.169443 0.190264
5.190457 0.187839
5.211471 0.183787
5.232485 0.191653
5.253499 0.183612
5.274513 0.189107
5.295527 0.186657
5.316541 0.186539
5.337555 0.194400
5.358569 0.186605
5.379583 0.189178
5.400597 0.184734
5.421611 0.186723
5.442625 0.192857
5.463639 0.186663
5.484653 0.191230
5.505667 0.186689
5.526681 0.189833
5.547695 0.193143
5.568709 0.187635
5.589723 0.192700
5.610737 0.187371
5.631751 0.189605
5.652765 0.190592
5.673779 0.184908
5.694793 0.190767
5.715807 0.186007
5.736821 0.190477
5.757835 0.190860
5.778849 0.187199
5.799863 0.194171
5.820877 0.189744
5.841891 0.193951
5.862905 0.192186
5.883919 0.190307
5.904933 0.197326
5.925947 0.191862
5.946961 0.196262
5.967975 0.194053
5.988989 0.194315
6.010003 0.197910
6.031017 0.193081
6.052031 0.198784
6.073045 0.195029
6.094059 0.195237
6.115073 0.197354
6.136087 0.191582
6.157101 0.197540
6.178115 0.192863
6.199129 0.195259
6.220143 0.198247
6.241157 0.192862
6.262171 0.200312
6.283185 0.195293
