serial number: JANUSZ_4_RI80_21414852
torque: 16.0
start_temp: 30 (30)
finish_temp: 31 (31)
note: j4_pcb_3_4
0.000000 nan
0.021014 0.204722
0.042028 0.204346
0.063042 0.202795
0.084056 0.206354
0.105070 0.201786
0.126084 0.206283
0.147098 0.203984
0.168112 0.204529
0.189126 0.208647
0.210140 0.203199
0.231154 0.207588
0.252168 0.203857
0.273182 0.205841
0.294196 0.209061
0.315210 0.203852
0.336224 0.209955
0.357238 0.204722
0.378252 0.206087
0.399266 0.209151
0.420280 0.204263
0.441294 0.210297
0.462308 0.203789
0.483322 0.206417
0.504336 0.209576
0.525350 0.205112
0.546364 0.211355
0.567378 0.204311
0.588392 0.208038
0.609406 0.209849
0.630420 0.205127
0.651434 0.212229
0.672448 0.204525
0.693462 0.209392
0.714476 0.210940
0.735490 0.206294
0.756504 0.213922
0.777518 0.204744
0.798532 0.210147
0.819546 0.210406
0.840560 0.206917
0.861574 0.214137
0.882588 0.204965
0.903602 0.211580
0.924616 0.210268
0.945630 0.207242
0.966644 0.214159
0.987658 0.204718
1.008672 0.211935
1.029686 0.209664
1.050700 0.207386
1.071714 0.214596
1.092728 0.204993
1.113742 0.213714
1.134756 0.210156
1.155770 0.208136
1.176784 0.215916
1.197798 0.205694
1.218812 0.215444
1.239826 0.210783
1.260840 0.210001
1.281854 0.217282
1.302868 0.206941
1.323882 0.216477
1.344896 0.210138
1.365910 0.210847
1.386924 0.217809
1.407938 0.208715
1.428952 0.218373
1.449966 0.210282
1.470980 0.211803
1.491994 0.218070
1.513008 0.208232
1.534022 0.218193
1.555036 0.211090
1.576050 0.213242
1.597064 0.219190
1.618078 0.209547
1.639092 0.220907
1.660106 0.211682
1.681120 0.215321
1.702134 0.221683
1.723148 0.211594
1.744162 0.222952
1.765176 0.212348
1.786190 0.217513
1.807204 0.222775
1.828218 0.213654
1.849232 0.224733
1.870246 0.213549
1.891260 0.219212
1.912274 0.222770
1.933288 0.214545
1.954302 0.224799
1.975316 0.213368
1.996330 0.219629
2.017344 0.221977
2.038358 0.214268
2.059372 0.224729
2.080386 0.214026
2.101400 0.220949
2.122414 0.222025
2.143428 0.214725
2.164442 0.224721
2.185456 0.214280
2.206470 0.222159
2.227484 0.223015
2.248498 0.216787
2.269512 0.226371
2.290526 0.216077
2.311540 0.224263
2.332554 0.224023
2.353568 0.218993
2.374582 0.227533
2.395596 0.217777
2.416610 0.225051
2.437624 0.223440
2.458638 0.219576
2.479652 0.226705
2.500666 0.217700
2.521680 0.224018
2.542694 0.221408
2.563708 0.218597
2.584722 0.225006
2.605736 0.216291
2.626750 0.223889
2.647764 0.221062
2.668778 0.219099
2.689792 0.224722
2.710806 0.214883
2.731820 0.223299
2.752834 0.219557
2.773848 0.218429
2.794862 0.223525
2.815876 0.213804
2.836890 0.222123
2.857904 0.217408
2.878918 0.218080
2.899932 0.222385
2.920946 0.213815
2.941960 0.221103
2.962974 0.216695
2.983988 0.217912
3.005002 0.221221
3.026016 0.214115
3.047030 0.220592
3.068044 0.216918
3.089058 0.217262
3.110072 0.218863
3.131086 0.213314
3.152100 0.219231
3.173114 0.214428
3.194128 0.215214
3.215142 0.216926
3.236156 0.210917
3.257170 0.217661
3.278184 0.213579
3.299198 0.215160
3.320212 0.216409
3.341226 0.211089
3.362240 0.217087
3.383254 0.213009
3.404268 0.215196
3.425282 0.215205
3.446296 0.211166
3.467310 0.215870
3.488324 0.212671
3.509338 0.214226
3.530352 0.214576
3.551366 0.211073
3.572380 0.215139
3.593394 0.211713
3.614408 0.212997
3.635422 0.212902
3.656436 0.208944
3.677450 0.213573
3.698464 0.210451
3.719478 0.211264
3.740492 0.210590
3.761506 0.207571
3.782520 0.211895
3.803534 0.208668
3.824548 0.209985
3.845562 0.209139
3.866576 0.207478
3.887590 0.210105
3.908604 0.207950
3.929618 0.209704
3.950632 0.208723
3.971646 0.207322
3.992660 0.209138
4.013674 0.207232
4.034688 0.209322
4.055702 0.208863
4.076716 0.206700
4.097730 0.206987
4.118744 0.204592
4.139758 0.207098
4.160772 0.206030
4.181786 0.204687
4.202800 0.205067
4.223814 0.201886
4.244828 0.205635
4.265842 0.204354
4.286856 0.203183
4.307870 0.203329
4.328884 0.201035
4.349898 0.205634
4.370912 0.203539
4.391926 0.202643
4.412940 0.201844
4.433954 0.200295
4.454968 0.205454
4.475982 0.203696
4.496996 0.202768
4.518010 0.200998
4.539023 0.200167
4.560037 0.205820
4.581051 0.203499
4.602065 0.202459
4.623079 0.201117
4.644093 0.199309
4.665107 0.203146
4.686121 0.200319
4.707135 0.200429
4.728149 0.199028
4.749163 0.197559
4.770177 0.200201
4.791191 0.196673
4.812205 0.198385
4.833219 0.196654
4.854233 0.197072
4.875247 0.199904
4.896261 0.197084
4.917275 0.199642
4.938289 0.197141
4.959303 0.198370
4.980317 0.199411
5.001331 0.196861
5.022345 0.199583
5.043359 0.197176
5.064373 0.198100
5.085387 0.197480
5.106401 0.194097
5.127415 0.198071
5.148429 0.194291
5.169443 0.194565
5.190457 0.193866
5.211471 0.190664
5.232485 0.197150
5.253499 0.193673
5.274513 0.195175
5.295527 0.195498
5.316541 0.193564
5.337555 0.198728
5.358569 0.194929
5.379583 0.196505
5.400597 0.194454
5.421611 0.195087
5.442625 0.200094
5.463639 0.197123
5.484653 0.199673
5.505667 0.196743
5.526681 0.196820
5.547695 0.199531
5.568709 0.197344
5.589723 0.199721
5.610737 0.197068
5.631751 0.197668
5.652765 0.198845
5.673779 0.196396
5.694793 0.198631
5.715807 0.195227
5.736821 0.197565
5.757835 0.198140
5.778849 0.195736
5.799863 0.199029
5.820877 0.197471
5.841891 0.199671
5.862905 0.198900
5.883919 0.198464
5.904933 0.201417
5.925947 0.199016
5.946961 0.202035
5.967975 0.199961
5.988989 0.201145
6.010003 0.202963
6.031017 0.200261
6.052031 0.202009
6.073045 0.199699
6.094059 0.202055
6.115073 0.203718
6.136087 0.201541
6.157101 0.204120
6.178115 0.199911
6.199129 0.201965
6.220143 0.202486
6.241157 0.200318
6.262171 0.204192
6.283185 0.200587
