-0.994923 -20.575618 30.000000
-0.947475 -19.490091 30.000000
-0.895678 -18.601682 30.000000
-0.849367 -18.004945 30.000000
-0.796512 -17.398197 30.000000
-0.744942 -16.706245 30.000000
-0.698295 -16.241064 30.000000
-0.646434 -15.417006 30.000000
-0.599712 -15.008549 30.000000
-0.547740 -14.209907 30.000000
-0.495448 -13.716727 30.000000
-0.449190 -12.945506 30.000000
-0.397140 -12.188893 30.000000
-0.350229 -11.745700 30.000000
-0.298329 -10.810559 30.000000
-0.246573 -10.158445 30.000000
-0.199787 -9.339028 30.000000
-0.147787 -8.535693 30.000000
-0.101101 -7.733361 30.000000
-0.048825 -6.839326 30.000000
0.000000 0.000000 30.000000
0.048735 6.756707 30.000000
0.100964 7.694196 30.000000
0.147517 8.565079 30.000000
0.199268 9.470015 30.000000
0.246514 10.322527 30.000000
0.298525 11.073180 30.000000
0.350617 11.995152 30.000000
0.397099 12.543651 30.000000
0.449209 13.309074 30.000000
0.495905 14.018476 30.000000
0.547690 14.480854 30.000000
0.599594 15.175782 30.000000
0.646493 15.633994 30.000000
0.698330 16.320965 30.000000
0.745099 16.805772 30.000000
0.797052 17.386830 30.000000
0.848709 17.977563 30.000000
0.895733 18.415416 30.000000
0.947893 18.969356 30.000000
0.994481 19.437579 30.000000
