0.994016 19.375393 30.000000
0.947369 18.771323 30.000000
0.895814 18.134256 30.000000
0.848809 17.724962 30.080000
0.796644 17.028913 30.000000
0.745353 16.463020 30.040000
0.697973 15.967743 30.240000
0.646302 15.290002 30.760000
0.599436 14.746747 30.960000
0.547831 14.042076 31.000000
0.495789 13.396627 31.000000
0.449551 12.805522 31.000000
0.397047 12.064885 31.000000
0.350171 11.437543 31.000000
0.298247 10.874937 31.000000
0.246651 10.004133 31.000000
0.199704 9.289446 31.000000
0.147711 8.457247 31.000000
0.101187 7.627440 31.000000
0.049050 6.612935 31.000000
0.000000 0.000000 31.000000
-0.048297 -6.613988 31.000000
-0.100596 -7.701537 31.000000
-0.147704 -8.589660 31.000000
-0.199528 -9.424178 30.800000
-0.246270 -10.251955 30.560000
-0.298284 -11.205266 30.400000
-0.350518 -11.729577 30.040000
-0.397257 -12.295941 30.160000
-0.448513 -13.129893 30.160000
-0.496020 -13.594930 30.200000
-0.547587 -14.245295 30.160000
-0.599863 -14.942129 30.080000
-0.646377 -15.397090 30.600000
-0.698681 -16.058625 30.880000
-0.744299 -16.565461 31.000000
-0.797547 -17.036774 31.000000
-0.848780 -17.697835 31.000000
-0.895030 -18.078023 31.000000
-0.947579 -18.538453 31.000000
-0.994617 -19.094395 31.000000
