-0.994089 -19.095751 31.000000
-0.946991 -18.589810 31.000000
-0.895593 -17.859248 31.000000
-0.849232 -17.457132 31.000000
-0.796469 -16.919627 31.000000
-0.744942 -16.269390 31.000000
-0.698213 -15.840692 31.000000
-0.646393 -15.052087 31.000000
-0.599741 -14.616169 31.000000
-0.547965 -13.888034 31.000000
-0.495305 -13.387477 31.000000
-0.449100 -12.683037 31.000000
-0.397111 -11.903168 31.000000
-0.350222 -11.481887 31.000000
-0.298271 -10.583237 31.000000
-0.246661 -9.974174 31.000000
-0.199672 -9.214391 31.000000
-0.147848 -8.409246 31.000000
-0.101098 -7.659787 31.000000
-0.049842 -6.705648 31.000000
0.000000 0.000000 31.000000
0.048687 6.700801 31.000000
0.101054 7.600117 31.000000
0.147692 8.395829 31.000000
0.199415 9.279655 31.000000
0.246556 10.046621 31.000000
0.298565 10.764166 31.000000
0.350561 11.674892 31.000000
0.396922 12.204261 31.000000
0.449069 12.950576 31.000000
0.495878 13.581211 31.000000
0.547710 14.060707 31.000000
0.599716 14.714751 31.000000
0.646287 15.139582 31.000000
0.698281 15.886840 31.000000
0.745107 16.322013 31.000000
0.797116 16.916107 31.000000
0.848702 17.465754 31.000000
0.895845 17.903519 31.000000
0.947896 18.426633 31.000000
0.994480 18.844614 31.000000
