0.993652 18.838293 31.000000
0.947320 18.188993 31.000000
0.895747 17.628150 31.000000
0.848718 17.203584 31.000000
0.796669 16.538825 31.000000
0.745226 15.948172 31.000000
0.698037 15.495517 31.000000
0.646187 14.778501 31.000000
0.599584 14.284293 31.000000
0.547803 13.603974 31.000000
0.495844 13.003347 31.000000
0.449459 12.443545 31.000000
0.396978 11.732581 31.000000
0.350093 11.145962 31.000000
0.298402 10.614690 31.000000
0.246630 9.771276 31.000000
0.199482 9.088487 31.000000
0.147875 8.313386 31.000000
0.101532 7.496654 31.000000
0.049605 6.511643 31.000000
0.000000 0.000000 31.000000
-0.049180 -6.543566 31.000000
-0.100685 -7.586305 31.000000
-0.147813 -8.380572 31.000000
-0.199591 -9.197230 31.000000
-0.246339 -9.956407 31.000000
-0.298338 -10.901424 31.000000
-0.350403 -11.421339 31.000000
-0.397274 -11.989019 31.000000
-0.448511 -12.759747 31.000000
-0.495984 -13.268042 31.000000
-0.547635 -13.813606 31.000000
-0.599772 -14.585091 31.000000
-0.646389 -15.038441 31.000000
-0.698600 -15.658699 31.000000
-0.744401 -16.114940 31.000000
-0.797509 -16.633206 31.000000
-0.848806 -17.276380 31.000000
-0.895073 -17.664799 31.000000
-0.947674 -18.136092 31.160000
-0.994579 -18.644271 31.360000
