-0.994113 -18.645317 31.880000
-0.947067 -18.069128 31.960000
-0.895400 -17.460542 32.000000
-0.849136 -17.007827 32.000000
-0.796381 -16.504502 32.000000
-0.744894 -15.891853 32.000000
-0.698262 -15.453776 32.000000
-0.646452 -14.743636 32.000000
-0.599692 -14.292512 32.000000
-0.547870 -13.593995 32.000000
-0.495386 -13.068406 32.000000
-0.449151 -12.425939 32.000000
-0.397163 -11.677789 32.000000
-0.350152 -11.255649 32.000000
-0.298208 -10.401523 32.000000
-0.246557 -9.801706 32.000000
-0.199789 -9.052237 32.000000
-0.147873 -8.276237 32.000000
-0.101067 -7.543590 32.000000
-0.048979 -6.685373 32.000000
0.000000 0.000000 32.000000
0.048687 6.627978 32.000000
0.100984 7.483668 32.000000
0.147601 8.243201 32.000000
0.199446 9.106153 32.000000
0.246652 9.880646 32.000000
0.298514 10.583823 32.000000
0.350614 11.381375 32.000000
0.397013 11.944698 32.000000
0.449072 12.672653 32.000000
0.495843 13.332839 32.000000
0.547800 13.756144 32.000000
0.599656 14.439301 32.000000
0.646249 14.863692 32.000000
0.698339 15.552316 32.000000
0.745103 15.977851 32.000000
0.797145 16.571820 32.000000
0.848629 17.166090 32.000000
0.895714 17.545821 32.000000
0.947914 18.088603 32.000000
0.994348 18.573221 32.000000
