0.993846 18.480309 32.000000
0.947312 17.911960 32.000000
0.895661 17.351937 32.000000
0.848787 16.867027 32.000000
0.796647 16.236907 32.000000
0.745345 15.656768 32.000000
0.698046 15.201500 32.000000
0.646176 14.485154 32.000000
0.599392 14.053859 32.000000
0.547753 13.342593 32.000000
0.495835 12.764972 32.000000
0.449489 12.205671 32.000000
0.396764 11.550801 32.000000
0.350082 11.019089 32.000000
0.298340 10.449249 32.000000
0.246687 9.621185 32.000000
0.199498 8.948157 32.000000
0.147698 8.223049 32.000000
0.101592 7.421992 32.000000
0.049530 6.479703 32.000000
0.000000 0.000000 32.000000
-0.048945 -6.497940 32.000000
-0.100690 -7.492751 32.000000
-0.147809 -8.286655 32.000000
-0.199651 -9.052339 32.000000
-0.246382 -9.809278 32.000000
-0.298293 -10.718284 32.000000
-0.350327 -11.244850 32.000000
-0.397091 -11.792790 32.000000
-0.448369 -12.553727 32.000000
-0.496172 -13.014556 32.000000
-0.547546 -13.597782 32.000000
-0.599806 -14.333328 32.000000
-0.646385 -14.723567 32.000000
-0.698615 -15.424529 32.000000
-0.744396 -15.876484 32.000000
-0.797393 -16.335832 32.000000
-0.848973 -16.988987 32.000000
-0.895268 -17.359394 32.000000
-0.947692 -17.846832 32.000000
-0.994588 -18.394702 32.000000
