serial number: RI70_21217417
torque: 8
start_temp: 25 (26)
finish_temp: 25 (26)
note: po poprawce z flansza wyjciowa i radiatorem
0.000000 0.316865 25.000000 6890.487179
0.020010 0.314585 25.000000 6991.354497
0.040020 0.317928 25.000000 7084.759358
0.060030 0.313176 25.000000 7181.712042
0.080041 0.315902 25.000000 7285.936842
0.100051 0.318251 25.000000 7386.005291
0.120061 0.314120 25.000000 7489.947644
0.140071 0.317951 25.000000 7594.856383
0.160081 0.315358 25.000000 7700.779487
0.180091 0.317123 25.000000 7810.928177
0.200101 0.319813 25.000000 7916.685864
0.220112 0.314414 25.000000 8023.603175
0.240122 0.317020 25.000000 8138.479167
0.260132 0.317143 25.000000 8247.984211
0.280142 0.315336 25.000000 8363.846561
0.300152 0.319673 25.000000 8472.771277
0.320162 0.313515 25.000000 8583.463918
0.340172 0.317472 24.997219 8698.700535
0.360183 0.318939 24.997474 8804.447368
0.380193 0.314853 25.000000 8911.613095
0.400203 0.319673 25.000000 9021.265823
0.420213 0.316271 25.000000 9122.928571
0.440223 0.318159 25.000000 9229.106250
0.460233 0.320713 25.000000 9324.858974
0.480243 0.315489 25.000000 9418.006452
0.500254 0.319712 25.000000 9514.622642
0.520264 0.320774 25.000000 9600.275641
0.540274 0.317194 25.000000 9688.525641
0.560284 0.320637 25.000000 9769.905063
0.580294 0.314723 25.000000 9846.584906
0.600304 0.319363 25.000000 9927.923077
0.620314 0.320882 25.000000 9998.352564
0.640325 0.316718 25.000000 10069.525316
0.660335 0.320510 25.000000 10141.272727
0.680345 0.319249 25.000000 10206.119497
0.700355 0.320473 25.000000 10278.107595
0.720365 0.322742 25.000000 10339.571429
0.740375 0.318231 25.000000 10396.777070
0.760385 0.322479 25.000000 10460.175325
0.780396 0.323351 25.000000 10513.831169
0.800406 0.320797 25.000000 10570.084967
0.820416 0.324764 25.000000 10623.448718
0.840426 0.320069 25.000000 10673.109677
0.860436 0.325609 25.000000 10730.397351
0.880446 0.325778 25.000000 10779.089744
0.900456 0.322377 25.000000 10829.683871
0.920467 0.325924 25.000000 10884.339869
0.940477 0.324087 25.000000 10933.165605
0.960487 0.325212 25.000000 10985.340000
0.980497 0.327752 25.000000 11034.159236
1.000507 0.322332 25.000000 11081.246753
1.020517 0.327185 25.000000 11134.620000
1.040528 0.326848 25.000000 11179.655844
1.060538 0.325255 25.000000 11227.122581
1.080548 0.329381 25.000000 11275.220000
1.100558 0.323509 25.000000 11321.248408
1.120568 0.328174 25.000000 11368.223684
1.140578 0.328054 25.000000 11409.880000
1.160588 0.325267 25.000000 11451.927632
1.180599 0.329134 25.000000 11493.598684
1.200609 0.326908 25.000000 11534.058065
1.220619 0.327394 25.000000 11574.264901
1.240629 0.330057 25.000000 11612.761290
1.260639 0.325749 25.000000 11647.948052
1.280649 0.330096 25.000000 11683.993464
1.300659 0.327972 25.000000 11719.824324
1.320670 0.325566 25.000000 11748.902597
1.340680 0.329424 25.000000 11786.163399
1.360690 0.325009 25.000000 11813.696774
1.380700 0.328244 25.000000 11846.873333
1.400710 0.327213 25.000000 11875.775641
1.420720 0.324479 25.000000 11905.274510
1.440730 0.328570 25.000000 11934.328947
1.460741 0.325462 25.000000 11958.228758
1.480751 0.325408 25.000000 11989.620915
1.500761 0.328259 25.000000 12012.727273
1.520771 0.324315 25.000000 12040.512987
1.540781 0.328650 25.000000 12066.430464
1.560791 0.326232 25.000000 12090.785714
1.580801 0.324562 25.000000 12122.967742
1.600812 0.327984 25.000000 12144.720779
1.620822 0.323593 25.000000 12175.686275
1.640832 0.327019 25.000000 12199.430464
1.660842 0.326476 25.000000 12224.550633
1.680852 0.324297 25.000000 12255.546667
1.700862 0.328292 25.000000 12274.628205
1.720872 0.325386 25.000000 12306.500000
1.740883 0.325297 25.000000 12331.326923
1.760893 0.327543 25.000000 12360.476821
1.780903 0.323932 25.000000 12390.955414
1.800913 0.328369 25.000000 12419.622517
1.820923 0.326575 25.000000 12448.710526
1.840933 0.325549 25.000000 12483.130719
1.860943 0.329090 25.000000 12513.006494
1.880954 0.324551 25.000000 12546.196078
1.900964 0.326689 25.000000 12581.901316
1.920974 0.327029 25.000000 12614.374194
1.940984 0.325186 25.000000 12657.190789
1.960994 0.328772 25.000000 12689.929487
1.981004 0.324752 25.000000 12729.754967
2.001014 0.324540 25.000000 12766.884615
2.021025 0.326320 25.000000 12802.071895
2.041035 0.322842 25.000000 12838.714286
2.061045 0.325301 25.000000 12869.137255
2.081055 0.322360 25.000000 12899.176101
2.101065 0.321586 25.000000 12936.032895
2.121075 0.324686 25.000000 12958.619355
2.141085 0.320102 25.000000 12992.794872
2.161096 0.322269 25.000000 13020.176471
2.181106 0.323035 24.997197 13053.121019
2.201116 0.322354 24.996410 13088.532051
2.221126 0.325901 25.000000 13119.705882
2.241136 0.320563 25.000000 13154.210191
2.261146 0.320849 25.000000 13194.212903
2.281156 0.323046 25.000000 13225.052632
2.301167 0.320139 25.000000 13266.044025
2.321177 0.322436 25.000000 13300.285714
2.341187 0.319532 25.000000 13337.885350
2.361197 0.318981 25.000000 13380.826923
2.381207 0.323684 25.000000 13413.974026
2.401217 0.319752 24.996178 13454.490446
2.421227 0.321830 24.997436 13495.224359
2.441238 0.320764 25.000000 13531.980519
2.461248 0.244288 25.000000 13576.482759
2.481258 0.294238 25.000000 13613.024390
2.501268 0.301230 25.000000 13654.517588
2.521278 0.308760 25.000000 13698.304124
2.541288 0.313355 25.000000 13737.801047
2.561298 0.312630 24.997500 13783.046875
2.581309 0.315204 24.986806 13823.931937
2.601319 0.313210 25.000000 13869.585492
2.621329 0.314159 25.000000 13918.125000
2.641339 0.318058 25.000000 13958.683060
2.661349 0.312975 25.000000 14007.132653
2.681359 0.314911 25.000000 14054.739362
2.701369 0.315108 24.996477 14103.901554
2.721380 0.314360 24.998325 14156.544503
2.741390 0.317085 25.000000 14201.440860
2.761400 0.311653 25.000000 14256.410256
2.781410 0.312990 25.000000 14311.979058
2.801420 0.314932 25.000000 14366.324607
2.821430 0.313060 25.000000 14426.260417
2.841440 0.315730 25.000000 14482.478947
2.861451 0.312179 25.000000 14546.242268
2.881461 0.313455 25.000000 14611.515789
2.901471 0.316258 24.994764 14672.502618
2.921481 0.310309 24.999372 14741.827225
2.941491 0.312642 24.989430 14809.243523
2.961501 0.312252 24.995625 14881.333333
2.981511 0.312276 24.994845 14956.747423
3.001522 0.314088 25.000000 15027.336842
3.021532 0.309006 25.000000 15108.857143
3.041542 0.311504 25.000000 15189.100000
3.061552 0.314502 25.000000 15269.272251
3.081562 0.311850 25.000000 15356.865285
3.101572 0.313820 25.000000 15440.401042
3.121583 0.310333 25.000000 15532.170984
3.141593 0.311657 25.000000 15624.109375
3.161603 0.314692 25.000000 15713.239583
3.181613 0.308894 25.000000 15811.298429
3.201623 0.311707 25.000000 15906.451282
3.221633 0.311000 25.000000 16004.178010
3.241643 0.311585 25.000000 16104.567010
3.261654 0.313521 25.000000 16199.958549
3.281664 0.308428 25.000000 16302.302083
3.301674 0.311364 25.000000 5034.183673
3.321684 0.313978 25.000000 116.000000
3.341694 0.309469 25.000000 217.443878
3.361704 0.312002 25.000000 314.701571
3.381714 0.308339 25.000000 415.000000
3.401725 0.310555 25.000000 513.557292
3.421735 0.313011 25.000000 608.093264
3.441745 0.307762 25.000000 705.719388
3.461755 0.310376 25.000000 801.486911
3.481765 0.310385 25.000000 894.673469
3.501775 0.309758 25.000000 986.994819
3.521785 0.311736 25.000000 1075.727749
3.541796 0.306876 25.000000 1163.061224
3.561806 0.310318 24.990359 1251.276923
3.581816 0.312062 24.999378 1333.886010
3.601826 0.307202 25.000000 1414.892308
3.621836 0.309926 25.000000 1496.613402
3.641846 0.306576 24.996923 1573.430769
3.661856 0.309062 24.997949 1650.441026
3.681867 0.310364 25.000000 1724.969072
3.701877 0.306496 25.000000 1796.590674
3.721887 0.309274 25.000000 1869.010101
3.741897 0.308957 25.000000 1935.723958
3.761907 0.307671 25.000000 2001.954082
3.781917 0.310594 25.000000 2067.557292
3.801927 0.305410 25.000000 2129.162437
3.821938 0.307700 25.000000 2191.203046
3.841948 0.309266 25.000000 2248.541667
3.861958 0.305028 25.000000 2305.146465
3.881968 0.307256 25.000000 2361.638743
3.901978 0.304429 25.000000 2414.745000
3.921988 0.305647 25.000000 2469.365482
3.941998 0.307415 25.000000 2521.865979
3.962009 0.302865 25.000000 2571.944724
3.982019 0.305539 25.000000 2620.573604
4.002029 0.305733 25.000000 2666.371134
4.022039 0.304296 25.000000 2711.710660
4.042049 0.306730 25.000000 2755.287179
4.062059 0.301678 25.000000 2798.814070
4.082069 0.304371 25.000000 2838.040404
4.102080 0.305874 25.000000 2879.000000
4.122090 0.302911 25.000000 2917.766497
4.142100 0.305123 25.000000 2952.969543
4.162110 0.302823 25.000000 2991.879397
4.182120 0.304179 25.000000 3023.800000
4.202130 0.306099 25.000000 3062.098446
4.222140 0.301377 25.000000 3093.703518
4.242151 0.303998 25.000000 3129.404040
4.262161 0.303031 25.000000 3156.634518
4.282171 0.302313 25.000000 3191.760000
4.302181 0.304924 25.000000 3217.683673
4.322191 0.301558 25.000000 3250.263959
4.342201 0.304607 25.000000 3273.884422
4.362211 0.304356 25.000000 3300.697436
4.382222 0.301506 25.000000 3326.589109
4.402232 0.304487 25.000000 3349.500000
4.422242 0.302885 25.000000 3371.835000
4.442252 0.303826 25.000000 3397.081633
4.462262 0.304867 25.000000 3426.943590
4.482272 0.300774 25.000000 3463.790000
4.502282 0.305277 25.000000 3490.071429
4.522293 0.303572 25.000000 3517.064677
4.542303 0.303085 25.000000 3543.949239
4.562313 0.305042 25.000000 3575.711340
4.582323 0.301247 25.000000 3609.356436
4.602333 0.304010 25.000000 3634.292308
4.622343 0.303683 25.000000 3670.449495
4.642353 0.301169 24.996059 3706.049261
4.662364 0.304269 24.997526 3731.520619
4.682374 0.301700 24.996436 3769.960396
4.702384 0.302537 25.000000 3796.040816
4.722394 0.304216 25.000000 3828.512690
4.742404 0.300783 25.000000 3861.728643
4.762414 0.305270 25.000000 3882.426396
4.782424 0.302315 25.000000 3912.870647
4.802435 0.302151 25.000000 3937.752525
4.822445 0.303332 25.000000 3951.943878
4.842455 0.300723 25.000000 3984.366337
4.862465 0.302248 25.000000 3999.732323
4.882475 0.301961 25.000000 4008.728643
4.902485 0.300708 25.000000 4033.005076
4.922495 0.303431 25.000000 4050.296482
4.942506 0.300361 25.000000 4061.695000
4.962516 0.301545 25.000000 4073.527363
4.982526 0.303480 25.000000 4087.515306
5.002536 0.301622 25.000000 4104.675127
5.022546 0.306301 25.000000 4116.908629
5.042556 0.302395 25.000000 4130.850000
5.062567 0.303444 25.000000 4149.585859
5.082577 0.305840 25.000000 4161.520408
5.102587 0.304661 25.000000 4176.969697
5.122597 0.306485 25.000000 4199.887755
5.142607 0.305835 25.000000 4218.784615
5.162617 0.304554 25.000000 4234.336735
5.182627 0.309177 25.000000 4258.538462
5.202638 0.305170 25.000000 4283.055838
5.222648 0.307602 25.000000 4300.943299
5.242658 0.308516 25.000000 4328.731959
5.262668 0.306558 25.000000 4355.719388
5.282678 0.309739 25.000000 4379.870466
5.302688 0.305591 25.000000 4407.314433
5.322698 0.307696 25.000000 4440.847716
5.342709 0.310545 25.000000 4464.823834
5.362719 0.308614 25.000000 4503.979798
5.382729 0.309712 25.000000 4529.739583
5.402739 0.308514 25.000000 4570.333333
5.422749 0.308234 25.000000 4602.651515
5.442759 0.313373 25.000000 4639.861702
5.462769 0.307798 25.000000 4674.878788
5.482780 0.310942 25.000000 4715.445596
5.502790 0.311168 25.000000 4748.774869
5.522800 0.310680 25.000000 4790.362694
5.542810 0.314285 25.000000 4829.432292
5.562820 0.310253 25.000000 4863.706186
5.582830 0.312731 25.000000 4909.744681
5.602840 0.314814 25.000000 4942.286458
5.622851 0.312623 25.000000 4986.378947
5.642861 0.314602 25.000000 5020.889474
5.662871 0.312829 25.000000 5051.687500
5.682881 0.312846 25.000000 5095.569231
5.702891 0.316750 25.000000 5137.123656
5.722901 0.310659 25.000000 5181.572165
5.742911 0.313951 25.000000 5227.411458
5.762922 0.313389 25.000000 5266.178010
5.782932 0.312690 24.994737 5311.773684
5.802942 0.315463 25.000000 5353.814815
5.822952 0.310924 25.000000 5395.836735
5.842962 0.313413 25.000000 5443.926702
5.862972 0.315451 25.000000 5490.109375
5.882982 0.312252 25.000000 5538.769634
5.902993 0.315793 25.000000 5585.592593
5.923003 0.313506 25.000000 5634.641026
5.943013 0.313882 25.000000 5688.910526
5.963023 0.317858 25.000000 5737.446809
5.983033 0.311820 25.000000 5790.766839
6.003043 0.316019 25.000000 5846.305263
6.023053 0.315618 25.000000 5901.610526
6.043064 0.314003 25.000000 5963.265625
6.063074 0.316772 25.000000 6022.528796
6.083084 0.311695 25.000000 6085.151042
6.103094 0.314444 25.000000 6154.352632
6.123104 0.317129 25.000000 6222.192513
6.143114 0.312797 25.000000 6296.658031
6.163124 0.316124 25.000000 6371.157068
6.183135 0.313064 25.000000 6448.903743
6.203145 0.314067 25.000000 6534.584615
6.223155 0.318257 25.000000 6617.957219
6.243165 0.312538 25.000000 6705.298429
6.263175 0.316512 25.000000 6797.195767
