serial number: RI70_21217417
torque: 8.000000
start_temp: 27.000000
finish_temp: 27.000000
note: asdfasdf
0.000000 0.255594 27.000000 14188.653846
0.020010 0.255089 27.000000 14260.974359
0.040020 0.258446 27.000000 14327.820513
0.060030 0.256271 27.000000 14403.705128
0.080041 0.256577 27.000000 14478.307692
0.100051 0.254744 27.000000 14554.987342
0.120061 0.251705 27.000000 14644.597403
0.140071 0.256749 27.000000 14726.308642
0.160081 0.252552 27.000000 14817.320513
0.180091 0.253935 27.000000 14913.192308
0.200101 0.253760 27.000000 15006.911392
0.220112 0.253391 27.000000 15116.037500
0.240122 0.257917 27.000000 15217.000000
0.260132 0.253586 27.000000 15324.924051
0.280142 0.254218 27.000000 15445.974684
0.300152 0.254929 27.000000 15558.000000
0.320162 0.253474 27.000000 15679.455696
0.340172 0.253334 27.000000 15799.166667
0.360183 0.252713 27.000000 15919.962025
0.380193 0.251585 27.000000 16053.937500
0.400203 0.256165 27.000000 16174.168831
0.420213 0.250961 27.000000 16298.850000
0.440223 0.252847 27.000000 1094.910256
0.460233 0.252597 27.000000 169.123457
0.480243 0.251367 27.000000 299.312500
0.500254 0.252703 27.000000 417.759494
0.520264 0.249160 27.000000 537.148148
0.540274 0.249927 27.000000 664.225000
0.560284 0.253810 27.000000 776.645570
0.580294 0.249981 27.000000 888.202532
0.600304 0.250729 27.000000 997.544304
0.620314 0.250109 27.000000 1103.182927
0.640325 0.249036 27.000000 1212.607595
0.660335 0.253338 27.000000 1305.506329
0.680345 0.247513 27.000000 1398.162500
0.700355 0.249944 27.000000 1493.825000
0.720365 0.250297 27.000000 1579.691358
0.740375 0.249183 27.000000 1665.737500
0.760385 0.249736 27.000000 1743.721519
0.780396 0.246925 27.000000 1820.121951
0.800406 0.248271 26.993500 1900.487500
0.820416 0.251901 26.994000 1969.900000
0.840426 0.248292 27.000000 2038.141026
0.860436 0.250081 27.000000 2105.139241
0.880446 0.248636 27.000000 2168.650602
0.900456 0.249787 27.000000 2235.063291
0.920467 0.254070 27.037500 2291.337500
0.940477 0.249461 27.000000 2347.375000
0.960487 0.251411 27.038462 2405.012821
0.980497 0.253882 27.000000 2455.576923
1.000507 0.252539 27.000000 2508.234568
1.020517 0.254490 27.000000 2558.443038
1.040528 0.250460 27.000000 2605.974684
1.060538 0.252318 27.000000 2655.775000
1.080548 0.254727 27.000000 2699.139241
1.100558 0.251154 27.000000 2744.582278
1.120568 0.251426 27.000000 2786.740741
1.140578 0.249770 27.000000 2826.291139
1.160588 0.251964 27.000000 2869.506329
1.180599 0.254357 27.000000 2904.810127
1.200609 0.250172 27.000000 2940.812500
1.220619 0.252448 27.000000 2977.769231
1.240629 0.254000 27.000000 3010.175000
1.260639 0.251924 27.000000 3043.975000
1.280649 0.252927 27.000000 3073.051948
1.300659 0.250076 27.000000 3100.578313
1.320670 0.252088 27.000000 3133.217949
1.340680 0.254400 27.000000 3157.337662
1.360690 0.250130 27.000000 3181.827160
1.380700 0.251782 27.000000 3209.987500
1.400710 0.252163 27.000000 3246.187500
1.420720 0.253360 27.000000 3283.589744
1.440730 0.254493 27.000000 3303.417722
1.460741 0.249236 27.000000 3328.950000
1.480751 0.250902 27.000000 3356.848101
1.500761 0.253951 27.000000 3385.937500
1.520771 0.252305 27.000000 3404.759494
1.540781 0.253086 27.000000 3428.038961
1.560791 0.248791 27.000000 3449.277108
1.580801 0.249730 27.000000 3483.212500
1.600812 0.251011 27.000000 3500.875000
1.620822 0.248527 27.000000 3523.468354
1.640832 0.247553 27.000000 3551.283951
1.660842 0.248494 27.000000 3581.341463
1.680852 0.248133 27.000000 3605.746835
1.700862 0.250328 27.000000 3634.600000
1.720872 0.246267 27.000000 3666.567901
1.740883 0.249121 27.000000 3693.839506
1.760893 0.250028 27.000000 3735.700000
1.780903 0.248321 27.000000 3760.587500
1.800913 0.248814 27.000000 3799.654321
1.820923 0.244901 27.000000 3824.506329
1.840933 0.247634 27.000000 3864.987805
1.860943 0.247902 27.000000 3891.012658
1.880954 0.244822 27.000000 3924.847059
1.900964 0.244937 27.000000 3949.901235
1.920974 0.245184 27.000000 3981.914634
1.940984 0.244933 27.000000 4004.000000
1.960994 0.246578 27.000000 4026.037037
1.981004 0.242583 27.000000 4055.035714
2.001014 0.245105 27.000000 4067.419753
2.021025 0.245744 27.000000 4085.475610
2.041035 0.243910 27.000000 4111.987342
2.061045 0.245379 27.000000 4126.012500
2.081055 0.243419 27.000000 4139.658824
2.101065 0.244377 27.000000 4159.341463
2.121075 0.244674 27.000000 4173.400000
2.141085 0.243068 27.000000 4193.059524
2.161096 0.244726 27.000000 4212.524390
2.181106 0.245362 27.000000 4224.787500
2.201116 0.243541 27.000000 4239.925926
2.221126 0.244469 27.000000 4266.759036
2.241136 0.241108 27.000000 4287.258824
2.261146 0.243654 27.000000 4303.864198
2.281156 0.243308 27.000000 4333.036585
2.301167 0.241949 27.000000 4359.216867
2.321177 0.242603 27.000000 4382.916667
2.341187 0.240774 27.000000 4409.975610
2.361197 0.241653 27.000000 4444.855422
2.381207 0.241795 27.000000 4465.817073
2.401217 0.240053 27.000000 4507.024390
2.421227 0.242356 27.000000 4534.369048
2.441238 0.241483 27.000000 4570.658537
2.461248 0.239577 27.000000 4609.583333
2.481258 0.239770 27.000000 4646.773810
2.501268 0.239355 27.000000 4687.240964
2.521278 0.243619 27.000000 4726.768293
2.541288 0.242362 27.000000 4769.951807
2.561298 0.240104 27.000000 4813.526316
2.581309 0.241266 27.000000 4848.930233
2.601319 0.239823 27.000000 4894.253012
2.621329 0.241109 27.000000 4944.734940
2.641339 0.240708 27.000000 4991.717647
2.661349 0.240179 27.000000 5047.256098
2.681359 0.243329 27.000000 5092.853659
2.701369 0.241481 27.000000 5142.256098
2.721380 0.241294 27.000000 5193.036145
2.741390 0.242228 27.000000 5240.000000
2.761400 0.241540 27.000000 5292.402439
2.781410 0.245294 27.000000 5337.231707
2.801420 0.243830 27.000000 5385.073171
2.821430 0.242789 27.000000 5439.268293
2.841440 0.244628 27.000000 5484.222222
2.861451 0.242499 27.000000 5535.297619
2.881461 0.243238 27.000000 5584.609756
2.901471 0.243317 27.000000 5634.197531
2.921481 0.242656 27.000000 5690.108434
2.941491 0.245898 27.000000 5735.580247
2.961501 0.243361 27.000000 5789.409639
2.981511 0.244998 27.000000 5847.734940
3.001522 0.245618 27.000000 5899.645570
3.021532 0.244889 27.000000 5957.317073
3.041542 0.247250 27.000000 6010.604938
3.061552 0.245734 27.000000 6068.234568
3.081562 0.247079 27.000000 6132.268293
3.101572 0.248983 27.000000 6186.913580
3.121583 0.247276 27.000000 6249.271605
3.141593 0.162965 27.000000 6308.596591
3.161603 0.219213 27.000000 6373.427536
3.181613 0.232121 27.000000 6444.401515
3.201623 0.242406 27.000000 6506.934426
3.221633 0.243271 27.000000 6576.000000
3.241643 0.245367 27.000000 6651.338710
3.261654 0.246907 27.000000 6722.237705
3.281664 0.247231 27.000000 6799.785124
3.301674 0.248844 27.000000 6873.161017
3.321684 0.247426 27.000000 6951.552846
3.341694 0.248619 27.000000 7037.858333
3.361704 0.251447 27.000000 7115.032787
3.381714 0.249258 27.000000 7198.466102
3.401725 0.250365 27.000000 7283.090164
3.421735 0.248356 27.000000 7365.495798
3.441745 0.249708 27.000000 7451.458333
3.461755 0.253035 27.000000 7533.025210
3.481765 0.250045 27.000000 7617.363636
3.501775 0.250135 27.000000 7708.106557
3.521785 0.251432 27.000000 7788.179487
3.541796 0.250539 27.000000 7875.033333
3.561806 0.252017 27.000000 7961.579832
3.581816 0.248858 27.000000 8045.191667
3.601826 0.251099 27.000000 8137.672269
3.621836 0.253440 27.000000 8221.850000
3.641846 0.249604 27.000000 8308.466667
3.661856 0.250525 27.000000 8402.752066
3.681867 0.249046 27.000000 8485.891667
3.701877 0.251434 27.000000 8576.042017
3.721887 0.253497 27.013333 8662.324786
3.741897 0.248969 27.003667 8744.783333
3.761907 0.249842 27.000000 8839.427350
3.781917 0.252767 27.000000 8919.689076
3.801927 0.251694 27.000000 9002.341880
3.821938 0.254139 27.000000 9089.165289
3.841948 0.250236 27.000000 9167.474576
3.861958 0.253420 27.000000 9251.175000
3.881968 0.257005 27.000000 9326.982609
3.901978 0.250727 26.995410 9400.614754
3.921988 0.253381 26.996303 9481.949580
3.941998 0.251589 27.000000 9548.681034
3.962009 0.254333 27.008403 9619.857143
3.982019 0.256176 27.000000 9692.905983
4.002029 0.251732 27.000000 9756.991597
4.022039 0.253583 27.000000 9831.134454
4.042049 0.252729 27.000000 9893.160494
4.062059 0.248713 27.000000 9958.123457
4.082069 0.251249 27.000000 10027.822785
4.102080 0.248328 27.000000 10086.207317
4.122090 0.252082 27.000000 10151.500000
4.142100 0.255374 27.000000 10210.848101
4.162110 0.251025 27.000000 10267.050000
4.182120 0.252094 27.000000 10330.545455
4.202130 0.252015 27.000000 10382.975610
4.222140 0.253685 27.000000 10441.430380
4.242151 0.256401 27.000000 10499.051948
4.262161 0.252538 27.000000 10550.900000
4.282171 0.254921 27.000000 10610.792208
4.302181 0.257211 27.000000 10661.474359
4.322191 0.254266 27.000000 10715.387500
4.342201 0.257841 27.000000 10773.740260
4.362211 0.254197 27.000000 10822.153846
4.382222 0.257751 27.000000 10876.576923
4.402232 0.257139 27.000000 10926.311688
4.422242 0.252330 27.000000 10976.200000
4.442252 0.253935 27.000000 11031.850000
4.462262 0.254383 27.000000 11079.544304
4.482272 0.254733 27.000000 11129.987013
4.502282 0.257616 27.000000 11178.569620
4.522293 0.252728 27.000000 11224.653846
4.542303 0.255922 27.000000 11274.358974
4.562313 0.257836 27.000000 11317.367089
4.582323 0.255096 27.000000 11360.628205
4.602333 0.259842 27.000000 11404.263158
4.622343 0.256182 27.000000 11442.300000
4.642353 0.259748 27.000000 11481.039474
4.662364 0.260679 27.000000 11517.394737
4.682374 0.255832 27.000000 11549.142857
4.702384 0.258129 27.000000 11586.787500
4.722394 0.258389 27.000000 11613.493333
4.742404 0.256815 27.000000 11648.625000
4.762414 0.259658 27.000000 11675.626667
4.782424 0.255096 27.000000 11707.346154
4.802435 0.258822 27.000000 11735.075949
4.822445 0.260128 27.000000 11764.623377
4.842455 0.257181 27.000000 11790.723684
4.862465 0.259538 27.000000 11820.233766
4.882475 0.256693 27.000000 11844.200000
4.902485 0.260218 27.000000 11870.894737
4.922495 0.260358 27.000000 11897.487179
4.942506 0.257816 27.000000 11922.493506
4.962516 0.260732 27.000000 11949.421053
4.982526 0.260512 27.000000 11972.705128
5.002536 0.260380 27.000000 11998.000000
5.022546 0.262290 27.000000 12023.272727
5.042556 0.259149 27.000000 12047.881579
5.062567 0.262507 27.000000 12071.407895
5.082577 0.261625 27.000000 12094.948052
5.102587 0.258514 27.000000 12121.250000
5.122597 0.261442 27.000000 12144.525641
5.142607 0.261147 26.986842 12169.736842
5.162617 0.263959 27.000000 12197.973684
5.182627 0.262740 27.000000 12219.360000
5.202638 0.258290 27.000000 12250.833333
5.222648 0.262091 27.000000 12274.545455
5.242658 0.262033 27.000000 12298.870130
5.262668 0.260744 27.000000 12331.493506
5.282678 0.263052 27.000000 12354.078947
5.302688 0.259063 27.000000 12387.935065
5.322698 0.263652 27.000000 12414.710526
5.342709 0.261176 27.000000 12444.986667
5.362719 0.257140 27.000000 12476.102564
5.382729 0.261048 27.000000 12507.474359
5.402739 0.260381 27.000000 12535.210526
5.422749 0.261651 27.000000 12567.194805
5.442759 0.261488 27.000000 12591.756757
5.462769 0.257598 27.000000 12623.012658
5.482780 0.261702 27.000000 12647.987179
5.502790 0.261966 27.000000 12674.413333
5.522800 0.260622 27.000000 12701.460526
5.542810 0.261871 27.000000 12726.263158
5.562820 0.259022 27.000000 12754.025000
5.582830 0.262016 27.000000 12780.407895
5.602840 0.259851 27.000000 12806.592105
5.622851 0.255966 27.000000 12837.480519
5.642861 0.258439 27.000000 12865.794872
5.662871 0.257060 27.000000 12893.102564
5.682881 0.258382 27.000000 12926.884615
5.702891 0.259754 27.000000 12952.779221
5.722901 0.256074 27.000000 12989.833333
5.742911 0.259391 27.000000 13017.415584
5.762922 0.257004 27.000000 13049.582278
5.782932 0.254762 27.000000 13083.753247
5.802942 0.256981 27.000000 13115.468354
5.822952 0.255140 27.000000 13149.987013
5.842962 0.256657 27.000000 13184.474359
5.862972 0.255502 27.000000 13214.113924
5.882982 0.252604 27.000000 13256.537500
5.902993 0.257345 27.000000 13285.921053
5.923003 0.254160 27.000000 13323.417722
5.943013 0.255622 27.000000 13362.456790
5.963023 0.254912 27.000000 13395.714286
5.983033 0.252595 27.000000 13439.166667
6.003043 0.255995 27.000000 13474.924051
6.023053 0.253625 27.000000 13514.303797
6.043064 0.254417 27.000000 13561.670886
6.063074 0.259051 27.000000 13599.723684
6.083084 0.257899 27.000000 13646.064103
6.103094 0.259293 27.000000 13691.363636
6.123104 0.258399 27.000000 13735.582278
6.143114 0.255647 27.000000 13790.753247
6.163124 0.260932 27.000000 13836.883117
6.183135 0.257649 27.000000 13889.666667
6.203145 0.257998 27.000000 13945.837500
6.223155 0.257858 27.000000 14000.051948
6.243165 0.255006 27.000000 14066.088608
6.263175 0.258695 27.000000 14124.818182
