serial number: RI70_21217417
torque: 8
start_temp: 24 (0)
finish_temp: 24 (10)
note: przed poprawkami bez flanszy wyjciowej
0.000000 0.287747 24.000000 8131.185714
0.020010 0.283370 24.000000 8735.196262
0.040020 0.286126 23.995728 8599.067961
0.060030 0.285897 23.999439 7934.046729
0.080041 0.285040 24.000000 8438.101449
0.100051 0.287356 24.000000 8497.409524
0.120061 0.282380 24.000000 8149.779006
0.140071 0.284897 24.000000 8209.023256
0.160081 0.284725 24.000000 8455.661017
0.180091 0.282201 24.000000 8279.601124
0.200101 0.285091 24.000000 8728.268571
0.220112 0.283067 24.000000 8952.417143
0.240122 0.283910 24.000000 8050.760000
0.260132 0.285661 24.000000 8259.926136
0.280142 0.281364 24.000000 8684.421348
0.300152 0.284018 24.000000 8461.761364
0.320162 0.283677 24.000000 8555.977273
0.340172 0.283938 24.000000 8619.460227
0.360183 0.286335 24.000000 8371.432584
0.380193 0.280505 24.000000 8012.186441
0.400203 0.283697 24.000000 7882.331429
0.420213 0.283514 24.000000 7840.331429
0.440223 0.282182 24.000000 8793.145251
0.460233 0.284389 24.000000 8083.919540
0.480243 0.282538 24.000000 8637.733333
0.500254 0.282830 24.000000 8030.892655
0.520264 0.284202 24.000000 8190.873563
0.540274 0.280988 24.000000 8220.146067
0.560284 0.284640 24.000000 7789.154286
0.580294 0.283665 23.994350 7902.344633
0.600304 0.283511 24.000000 8382.631285
0.620314 0.284693 24.000000 8400.183908
0.640325 0.280397 24.000000 7712.508475
0.660335 0.285165 24.000000 7817.125000
0.680345 0.285247 24.000000 7771.480000
0.700355 0.284087 23.994318 7901.272727
0.720365 0.285195 24.000000 7665.286517
0.740375 0.281801 24.000000 7458.801136
0.760385 0.282745 24.000000 8041.677966
0.780396 0.284086 24.000000 8446.224719
0.800406 0.280589 24.000000 8008.295455
0.820416 0.283760 24.000000 7516.342697
0.840426 0.281426 24.000000 8756.794444
0.860436 0.280058 24.000000 8115.352273
0.880446 0.282523 24.000000 8514.344828
0.900456 0.278582 24.000000 8105.384615
0.920467 0.282707 24.000000 8073.197740
0.940477 0.281809 24.000000 8037.965909
0.960487 0.280754 24.000000 7822.151685
0.980497 0.282997 24.000000 7007.286517
1.000507 0.280582 24.000000 7800.500000
1.020517 0.282292 24.000000 8442.856322
1.040528 0.282746 24.000000 8343.370787
1.060538 0.279686 24.000000 7549.196629
1.080548 0.283037 24.000000 8458.730337
1.100558 0.280480 24.000000 7358.100559
1.120568 0.281691 23.997318 9007.720670
1.140578 0.284008 23.997011 8472.885057
1.160588 0.279600 24.000000 8016.497238
1.180599 0.281944 24.000000 8329.028571
1.200609 0.279970 24.000000 8698.961111
1.220619 0.280019 24.000000 8735.480447
1.240629 0.283027 24.000000 7568.494382
1.260639 0.278901 24.000000 8882.265537
1.280649 0.280617 24.000000 8007.088889
1.300659 0.281612 24.000000 8530.152542
1.320670 0.279684 24.000000 7757.681564
1.340680 0.283778 24.000000 8734.879310
1.360690 0.281103 24.000000 8178.620112
1.380700 0.283275 24.000000 7758.564972
1.400710 0.284245 24.000000 8603.698864
1.420720 0.281094 24.000000 7440.300000
1.440730 0.284311 24.000000 7976.208092
1.460741 0.283893 24.000000 7476.005556
1.480751 0.284081 24.000000 8664.468208
1.500761 0.286420 24.000000 8037.480000
1.520771 0.282616 24.000000 7658.405556
1.540781 0.285471 24.000000 8589.603448
1.560791 0.286654 23.996158 8647.903955
1.580801 0.285627 23.998129 7458.292398
1.600812 0.288478 24.000000 8063.366279
1.620822 0.285319 24.000000 8673.590909
1.640832 0.286739 24.000000 9149.175141
1.660842 0.288658 24.000000 8212.062857
1.680852 0.286580 24.000000 8519.907514
1.700862 0.289422 24.003256 7892.174419
1.720872 0.287989 24.002529 8312.752874
1.740883 0.288034 24.000000 8647.220930
1.760893 0.290632 24.000000 7293.821839
1.780903 0.286427 24.000000 8678.768362
1.800913 0.289546 24.000000 8019.755814
1.820923 0.290054 24.000000 7817.479042
1.840933 0.289171 24.000000 7745.215909
1.860943 0.292105 24.000000 8277.364706
1.880954 0.288240 24.000000 8372.011429
1.900964 0.290862 24.000000 7801.232558
1.920974 0.293243 24.000000 8091.829412
1.940984 0.289699 24.000000 7772.109195
1.960994 0.293142 24.000000 8228.529762
1.981004 0.291133 24.000000 8741.157895
2.001014 0.292617 24.000000 7848.590643
2.021025 0.296268 23.997895 8465.011696
2.041035 0.290758 23.996279 7953.180233
2.061045 0.293630 24.000000 7568.674419
2.081055 0.293640 24.000000 7415.352941
2.101065 0.293590 24.000000 7955.291667
2.121075 0.296833 24.000000 7552.420118
2.141085 0.292345 24.000000 7656.885057
2.161096 0.296580 24.000000 7810.682635
2.181106 0.298399 24.000000 7766.006024
2.201116 0.294713 24.000000 8902.494186
2.221126 0.298410 24.000000 8264.448485
2.241136 0.296080 24.000000 8148.982456
2.261146 0.297726 24.000000 7629.711765
2.281156 0.299786 24.000000 7766.813253
2.301167 0.293389 24.000000 7981.479532
2.321177 0.296670 24.000000 8237.623457
2.341187 0.297948 24.000000 8039.456140
2.361197 0.295366 24.000000 8461.000000
2.381207 0.297985 24.000000 7889.141176
2.401217 0.292354 24.000000 7937.064327
2.421227 0.296542 24.000000 8889.662651
2.441238 0.298587 24.000000 7385.670588
2.461248 0.294282 24.000000 8587.775148
2.481258 0.296660 24.000000 8241.452381
2.501268 0.293865 24.000000 7721.302326
2.521278 0.295640 24.000000 8452.119048
2.541288 0.298809 24.000000 8309.090909
2.561298 0.292805 24.000000 7986.364706
2.581309 0.296112 24.000000 8075.988166
2.601319 0.296840 24.000000 7269.198830
2.621329 0.294437 24.000000 8376.645349
2.641339 0.297757 24.000000 9336.603659
2.661349 0.293626 24.000000 8287.852941
2.681359 0.297410 24.000000 8557.988166
2.701369 0.298100 24.000000 8708.905325
2.721380 0.294268 24.000000 8400.064706
2.741390 0.297518 24.000000 8539.196429
2.761400 0.296652 24.000000 8454.494048
2.781410 0.298096 24.000000 8149.327381
2.801420 0.300851 24.000000 7848.209581
2.821430 0.295017 24.000000 7720.341176
2.841440 0.299767 24.000000 7964.730539
2.861451 0.300084 24.000000 8433.163636
2.881461 0.298651 24.000000 8002.323353
2.901471 0.302655 24.000000 8713.639053
2.921481 0.297713 24.000000 8040.030303
2.941491 0.301628 24.000000 7749.806061
2.961501 0.302543 24.000000 8727.909639
2.981511 0.299207 24.000000 8816.753012
3.001522 0.302827 24.000000 8096.141176
3.021532 0.300691 24.000000 8428.060976
3.041542 0.302237 24.000000 8305.048780
3.061552 0.305124 24.000000 7864.236364
3.081562 0.300029 24.000000 8768.524390
3.101572 0.304513 24.000000 8239.915663
3.121583 0.305072 24.000000 7543.478528
3.141593 0.302022 24.000000 7938.301205
3.161603 0.305575 24.000000 9027.925926
3.181613 0.300484 24.000000 8215.192771
3.201623 0.305411 24.000000 8121.138554
3.221633 0.304802 24.000000 8473.303030
3.241643 0.300981 24.000000 8742.000000
3.261654 0.304078 24.000000 7736.587879
3.281664 0.302680 24.000000 8050.957317
3.301674 0.303603 24.000000 8214.319018
3.321684 0.306042 24.000000 7920.860606
3.341694 0.301555 24.000000 8485.804878
3.361704 0.306322 24.000000 8269.049080
3.381714 0.306109 24.000000 7979.084848
3.401725 0.303016 24.000000 7989.441718
3.421735 0.306809 24.000000 7981.670732
3.441745 0.303692 24.000000 7664.957576
3.461755 0.307506 24.000000 8285.524390
3.481765 0.307324 24.000000 8011.537500
3.501775 0.304641 24.000000 8651.682635
3.521785 0.308335 24.000000 7988.901235
3.541796 0.306524 24.000000 8090.681250
3.561806 0.306443 24.000000 7710.654762
3.581816 0.308596 24.000000 8207.293750
3.601826 0.304426 24.000000 8535.128049
3.621836 0.308382 24.000000 7775.820988
3.641846 0.307179 24.000000 8114.974843
3.661856 0.304768 24.000000 7587.143713
3.681867 0.308580 24.000000 7875.140244
3.701877 0.304788 24.000000 8455.355422
3.721887 0.307578 24.000000 7928.118750
3.741897 0.307095 24.000000 8642.641975
3.761907 0.304305 24.000000 7694.283133
3.781917 0.308793 23.998012 8863.291925
3.801927 0.307304 23.995802 8224.858025
3.821938 0.308073 24.000000 8469.831250
3.841948 0.310834 24.000000 7713.341317
3.861958 0.306201 24.000000 8169.223602
3.881968 0.310956 24.000000 8542.848101
3.901978 0.310457 24.000000 7976.707317
3.921988 0.308933 24.000000 7658.584906
3.941998 0.312407 24.000000 8246.061728
3.962009 0.306939 24.000000 7957.137725
3.982019 0.309882 24.000000 7442.395062
4.002029 0.309229 24.000000 8547.253165
4.022039 0.307400 24.000000 8010.608696
4.042049 0.311504 24.000000 6958.603659
4.062059 0.307585 24.000000 8539.730061
4.082069 0.306943 24.000000 8026.808642
4.102080 0.309085 24.000000 8570.530864
4.122090 0.305163 24.000000 7684.549383
4.142100 0.309681 24.000000 7919.751515
4.162110 0.307998 24.000000 8559.781818
4.182120 0.306874 24.000000 8567.875000
4.202130 0.309793 24.000000 7946.267081
4.222140 0.305018 24.000000 8061.878788
4.242151 0.306882 24.000000 7873.234568
4.262161 0.306311 24.000000 8989.881988
4.282171 0.303872 24.000000 8209.490909
4.302181 0.307630 24.000000 8039.290909
4.322191 0.304857 24.000000 8053.127273
4.342201 0.305456 24.000000 7548.795031
4.362211 0.306973 24.000000 8329.441718
4.382222 0.304463 24.000000 7908.189024
4.402232 0.307425 24.000000 8514.993976
4.422242 0.304542 24.000000 8286.889571
4.442252 0.303017 24.000000 8385.239521
4.462262 0.306161 24.000000 8418.981707
4.482272 0.243830 24.000000 8269.920188
4.502282 0.266845 24.000000 7410.621622
4.522293 0.286780 24.000000 7704.523585
4.542303 0.290644 24.000000 8093.009709
4.562313 0.297375 24.000000 8424.945274
4.582323 0.295555 24.000000 8338.634146
4.602333 0.297327 24.000000 8511.850000
4.622343 0.299062 24.000000 8326.876847
4.642353 0.296669 24.000000 7954.243781
4.662364 0.298677 24.000000 8020.648515
4.682374 0.296941 24.000000 8550.172414
4.702384 0.295579 24.000000 7180.024510
4.722394 0.299334 24.000000 8477.898477
4.742404 0.294712 24.000000 7879.789216
4.762414 0.297475 24.000000 9035.807882
4.782424 0.297205 24.000000 7512.315271
4.802435 0.296104 24.000000 7711.985366
4.822445 0.299719 24.000000 8549.338384
4.842455 0.295491 24.000000 8264.685000
4.862465 0.296984 24.000000 7936.441176
4.882475 0.298878 24.000000 8067.995098
4.902485 0.296558 24.000000 7384.760000
4.922495 0.297568 24.000000 8669.760976
4.942506 0.295898 24.000000 7860.385000
4.962516 0.296450 24.000000 7919.549505
4.982526 0.299778 24.000000 7966.346734
5.002536 0.293545 24.000000 7788.650485
5.022546 0.296702 24.000000 7914.473171
5.042556 0.296076 23.995050 7810.351485
5.062567 0.295123 24.004020 8266.648241
5.082577 0.298288 23.997241 8358.960591
5.102587 0.293063 23.993951 8318.839024
5.122597 0.294562 24.000000 8146.034653
5.142607 0.296065 24.000000 7658.945813
5.162617 0.294003 24.000000 8345.453202
5.182627 0.295653 24.000000 7921.916256
5.202638 0.293490 24.000000 7875.576190
5.222648 0.292428 24.000000 7977.502488
5.242658 0.295246 24.000000 8828.921569
5.262668 0.290460 24.000000 8145.234146
5.282678 0.294438 24.000000 7822.352941
5.302688 0.293396 24.000000 7820.231884
5.322698 0.292347 24.000000 7604.615764
5.342709 0.294382 24.000000 7937.156098
5.362719 0.291077 24.000000 8292.800971
5.382729 0.293591 23.991220 8337.121951
5.402739 0.296073 23.999010 7721.029703
5.422749 0.293242 24.000000 7449.750000
5.442759 0.293516 24.000000 8042.812500
5.462769 0.290791 24.000000 8541.900990
5.482780 0.292161 24.000000 7817.096618
5.502790 0.295153 24.000000 7832.458128
5.522800 0.289688 24.000000 8460.631068
5.542810 0.292999 24.000000 7750.512195
5.562820 0.292051 24.000000 7541.328502
5.582830 0.292513 24.000000 8107.268293
5.602840 0.294729 24.000000 8373.068966
5.622851 0.290162 24.000000 8195.579710
5.642861 0.292059 24.000000 8304.639423
5.662871 0.293610 24.000000 7609.990291
5.682881 0.290115 24.000000 8433.359606
5.702891 0.292416 24.000000 7375.019324
5.722901 0.289755 24.000000 7616.246377
5.742911 0.291296 24.000000 7637.077295
5.762922 0.292791 24.000000 7857.360976
5.782932 0.286660 24.000000 8202.729858
5.802942 0.290274 24.000000 8446.396040
5.822952 0.290012 24.000000 8159.294686
5.842962 0.289881 24.000000 8375.693780
5.862972 0.291407 24.000000 7690.182692
5.882982 0.285847 24.000000 7896.770335
5.902993 0.289033 24.000000 8644.048077
5.923003 0.290587 24.004854 8909.199029
5.943013 0.288011 24.000000 8572.437500
5.963023 0.291465 24.000000 8342.106796
5.983033 0.287490 24.000000 7916.338164
6.003043 0.288214 24.000000 8105.004739
6.023053 0.289905 24.000000 8386.594203
6.043064 0.285362 24.000000 8355.885714
6.063074 0.288841 24.000000 7618.019139
6.083084 0.288391 24.000000 8059.293269
6.103094 0.286359 24.000000 7957.894737
6.123104 0.288075 24.000000 8533.234450
6.143114 0.283629 24.000000 7549.460094
6.163124 0.287145 24.000000 7875.004785
6.183135 0.288260 24.000000 8163.411765
6.203145 0.284600 23.995305 8376.882629
6.223155 0.286143 24.000000 8089.224880
6.243165 0.284205 24.000000 7983.173709
6.263175 0.285887 24.000000 7723.864078
