serial number: RI70_21217417
torque: 8
start_temp: 25 (26)
finish_temp: 26 (26)
note: po poprawce z flansza wyjciowa
0.000000 0.309395 25.465528 7691.678392
0.020010 0.311283 25.423830 7801.367021
0.040020 0.312308 25.478769 7907.210256
0.060030 0.307812 25.473402 8014.345361
0.080041 0.311420 25.457202 8128.694301
0.100051 0.312266 25.451959 8237.128866
0.120061 0.309708 25.463542 8350.880208
0.140071 0.313402 25.540518 8461.000000
0.160081 0.308724 25.482474 8569.963918
0.180091 0.312207 25.478953 8683.958115
0.200101 0.313965 25.481667 8789.171875
0.220112 0.309550 25.480205 8896.794872
0.240122 0.313962 25.491250 9005.645833
0.260132 0.310560 25.537231 9107.046154
0.280142 0.311962 25.525263 9212.726316
0.300152 0.314166 25.482083 9308.182292
0.320162 0.309487 25.490833 9401.734375
0.340172 0.313881 25.497053 9498.500000
0.360183 0.314263 25.547937 9583.984127
0.380193 0.311223 25.551385 9671.856410
0.400203 0.314931 25.444000 9755.326316
0.420213 0.310067 25.442932 9832.073298
0.440223 0.314766 25.547692 9914.615385
0.460233 0.316493 25.498610 9987.262032
0.480243 0.312624 25.482292 10058.619792
0.500254 0.317259 25.515368 10133.036842
0.520264 0.315498 25.524398 10198.963351
0.540274 0.317108 25.520851 10269.877660
0.560284 0.319727 25.502766 10332.446809
0.580294 0.314833 25.484375 10391.479167
0.600304 0.318895 25.493545 10458.497354
0.620314 0.318834 25.460435 10511.782609
0.640325 0.315969 25.504948 10567.041237
0.660335 0.319550 25.518289 10625.026738
0.680345 0.314972 25.514074 10673.962963
0.700355 0.318577 25.524398 10734.429319
0.720365 0.319183 25.579465 10784.475936
0.740375 0.315024 25.509223 10833.492228
0.760385 0.319908 25.538085 10891.707447
0.780396 0.317622 25.500317 10939.322751
0.800406 0.317864 25.464599 10993.245989
0.820416 0.319633 25.545745 11042.973404
0.840426 0.315637 25.512804 11088.523810
0.860436 0.320154 25.467513 11143.359788
0.880446 0.320111 25.493478 11189.842391
0.900456 0.317230 25.531765 11236.588235
0.920467 0.320475 25.502408 11285.350785
0.940477 0.316151 25.489574 11331.638298
0.960487 0.319169 25.520211 11378.842105
0.980497 0.320030 25.492620 11419.486631
1.000507 0.317037 25.545474 11462.373684
1.020517 0.320895 25.449247 11503.489247
1.040528 0.318251 25.505241 11545.085561
1.060538 0.318128 25.499375 11584.171875
1.080548 0.319711 25.532979 11622.888298
1.100558 0.316008 25.583125 11656.640625
1.120568 0.319977 25.528913 11691.472826
1.140578 0.319154 25.563871 11722.521505
1.160588 0.316950 25.571134 11755.067010
1.180599 0.320167 25.570811 11787.054054
1.200609 0.315944 25.500000 11813.673684
1.220619 0.317891 25.560421 11848.521053
1.240629 0.318370 25.530794 11873.402116
1.260639 0.315354 25.501702 11904.851064
1.280649 0.319526 25.516809 11932.877660
1.300659 0.317201 25.558534 11955.743455
1.320670 0.317245 25.465376 11991.112903
1.340680 0.319249 25.493822 12009.518325
1.360690 0.314890 25.573542 12041.385417
1.380700 0.318592 25.526452 12065.741935
1.400710 0.317294 25.520423 12089.730159
1.420720 0.316431 25.552299 12123.326203
1.440730 0.320116 25.563109 12143.316062
1.460741 0.315851 25.569895 12176.357895
1.480751 0.317777 25.535784 12199.383784
1.500761 0.318004 25.526564 12228.410256
1.520771 0.314997 25.507807 12255.641711
1.540781 0.318727 25.529634 12281.329843
1.560791 0.314423 25.487914 12308.925134
1.580801 0.314963 25.504041 12342.554404
1.600812 0.317206 25.536126 12367.795812
1.620822 0.314246 25.474497 12402.994709
1.640832 0.317281 25.534105 12429.073684
1.660842 0.315390 25.589149 12461.526596
1.680852 0.313980 25.544870 12494.207254
1.700862 0.317648 25.616043 12523.481283
1.720872 0.313451 25.536495 12557.706186
1.740883 0.315295 25.530000 12593.122340
1.760893 0.315516 25.545773 12628.288660
1.780903 0.312885 25.555789 12671.352632
1.800913 0.317579 25.524043 12701.372340
1.820923 0.312337 25.590515 12740.963918
1.840933 0.313282 25.518495 12777.134409
1.860943 0.315051 25.545625 12810.828125
1.880954 0.312741 25.517755 12848.102041
1.900964 0.315103 25.547166 12878.165775
1.920974 0.312608 25.487351 12908.183784
1.940984 0.311290 25.531633 12943.918367
1.960994 0.315328 25.486875 12968.286458
1.981004 0.311109 25.566417 13001.994652
2.001014 0.312911 25.566869 13029.959596
2.021025 0.313058 25.505492 13063.735751
2.041035 0.310988 25.534468 13098.984043
2.061045 0.315427 25.529215 13128.780105
2.081055 0.309981 25.559592 13163.790816
2.101065 0.311662 25.518534 13202.120419
2.121075 0.312178 25.484082 13235.744898
2.141085 0.309918 25.628632 13275.557895
2.161096 0.311385 25.550157 13309.691099
2.181106 0.309281 25.538680 13347.421320
2.201116 0.309319 25.585907 13388.782383
2.221126 0.313269 25.526186 13424.067010
2.241136 0.307728 25.522526 13463.468421
2.261146 0.309000 25.513131 13503.085859
2.281156 0.308698 25.514947 13541.752632
2.301167 0.306296 25.478343 13584.118343
2.321177 0.310212 25.492346 13621.617284
2.341187 0.304639 25.517576 13663.715152
2.361197 0.307109 25.502545 13706.624242
2.381207 0.309008 25.521761 13746.025157
2.401217 0.306343 25.453415 13791.006098
2.421227 0.307689 25.468250 13831.681250
2.441238 0.305592 25.471566 13875.644578
2.461248 0.305932 25.480000 13923.893082
2.481258 0.309787 25.485644 13965.680982
2.501268 0.304186 25.442857 14013.625000
2.521278 0.306063 25.464540 14060.907975
2.541288 0.306356 25.471111 14109.456790
2.561298 0.307172 25.464000 14160.662500
2.581309 0.310025 25.440994 14206.981366
2.601319 0.304338 25.465783 14261.337349
2.621329 0.306812 25.517818 14316.678788
2.641339 0.308802 25.517736 14370.308176
2.661349 0.306479 25.467952 14428.813253
2.681359 0.308026 25.436709 14484.943038
2.701369 0.305717 25.455090 14547.269461
2.721380 0.306437 25.450750 14611.562500
2.741390 0.310088 25.417697 14673.084848
2.761400 0.304957 25.412515 14741.938650
2.781410 0.307891 25.467329 14808.689441
2.801420 0.307725 25.551902 14878.699387
2.821430 0.307066 25.512593 14953.080247
2.841440 0.309914 25.490488 15024.780488
2.861451 0.304744 25.406061 15105.400000
2.881461 0.307110 25.426335 15184.813665
2.901471 0.309682 25.470000 15262.681250
2.921481 0.306222 25.508049 15348.451220
2.941491 0.308387 25.516810 15432.730061
2.961501 0.305596 25.532619 15524.119048
2.981511 0.306537 25.421615 15616.068323
3.001522 0.309218 25.452671 15703.726708
3.021532 0.304181 25.455951 15799.938650
3.041542 0.306282 25.475366 15895.274390
3.061552 0.306106 25.477791 15990.907975
3.081562 0.305410 25.526228 16093.071856
3.101572 0.308389 25.546497 16188.732484
3.121583 0.302941 25.523114 16289.610778
3.141593 0.306258 25.518780 6799.670732
3.161603 0.308090 25.469756 104.207317
3.181613 0.304543 25.497914 206.226994
3.201623 0.306890 25.537212 303.739394
3.221633 0.303857 25.537750 403.393750
3.241643 0.306060 25.494545 500.624242
3.261654 0.307816 25.444025 595.566038
3.281664 0.302852 25.498909 691.139394
3.301674 0.305272 25.527381 789.172619
3.321684 0.305502 25.466182 882.951515
3.341694 0.305130 25.441529 973.484076
3.361704 0.308151 25.442892 1062.897590
3.381714 0.302411 25.510732 1150.768293
3.401725 0.306242 25.477764 1238.043478
3.421735 0.307797 25.484048 1321.428571
3.441745 0.304997 25.495062 1403.030864
3.461755 0.306805 25.524606 1485.454545
3.481765 0.303290 25.506909 1563.309091
3.501775 0.305381 25.511304 1639.664596
3.521785 0.307605 25.419500 1713.312500
3.541796 0.303466 25.425089 1785.763314
3.561806 0.304866 25.416049 1859.049383
3.581816 0.305553 25.499632 1925.496933
3.601826 0.302447 25.532941 1992.935294
3.621836 0.305747 25.503396 2059.383648
3.641846 0.300004 25.469349 2121.153846
3.661856 0.304670 25.472638 2182.619632
3.681867 0.306009 25.465767 2241.104294
3.701877 0.302629 25.512195 2298.000000
3.721887 0.304542 25.540476 2355.708333
3.741897 0.301825 25.511605 2409.641975
3.761907 0.303164 25.502275 2463.562874
3.781917 0.305222 25.541576 2516.890909
3.801927 0.301582 25.534940 2567.530120
3.821938 0.303467 25.480982 2615.527607
3.841948 0.302893 25.455904 2662.632530
3.861958 0.300542 25.509157 2708.722892
3.881968 0.303715 25.485963 2751.987578
3.901978 0.298568 25.473647 2795.464706
3.921988 0.302087 25.512727 2835.793939
3.941998 0.301069 25.520000 2876.632530
3.962009 0.298552 25.469349 2915.662722
3.982019 0.301132 25.610000 2951.951220
4.002029 0.299368 25.508743 2990.844311
4.022039 0.300591 25.497914 3022.466258
4.042049 0.301923 25.524235 3062.270588
4.062059 0.298190 25.507239 3092.128834
4.082069 0.301156 25.544852 3129.573964
4.102080 0.301172 25.560241 3156.343373
4.122090 0.299046 25.512426 3193.923077
4.142100 0.301968 25.540976 3218.091463
4.162110 0.296934 25.525680 3253.201183
4.182120 0.299449 25.519024 3275.628049
4.202130 0.298896 25.540952 3305.773810
4.222140 0.296892 25.557870 3330.313609
4.242151 0.298730 25.539524 3350.583333
4.262161 0.296637 25.465965 3374.274854
4.282171 0.296368 25.524471 3401.629412
4.302181 0.297188 25.486905 3427.869048
4.322191 0.294651 25.493728 3464.905325
4.342201 0.297648 25.510061 3492.642424
4.362211 0.297035 25.481677 3518.491018
4.382222 0.295487 25.506512 3550.470930
4.402232 0.297756 25.526154 3582.911243
4.422242 0.293888 25.505868 3611.497006
4.442252 0.297585 25.490000 3640.875000
4.462262 0.296702 25.516686 3677.733728
4.482272 0.295370 25.510409 3708.461988
4.502282 0.297775 25.564634 3740.048780
4.522293 0.295465 25.541538 3773.639053
4.542303 0.295851 25.550465 3801.232558
4.562313 0.297169 25.511529 3837.547059
4.582323 0.294718 25.536867 3863.957831
4.602333 0.298359 25.491497 3891.766467
4.622343 0.295207 25.505896 3917.924855
4.642353 0.293786 25.503721 3941.610465
4.662364 0.296445 25.527425 3962.670659
4.682374 0.293614 25.494524 3991.011905
4.702384 0.296896 25.490060 4002.544910
4.722394 0.295409 25.506047 4014.883721
4.742404 0.293956 25.531084 4044.361446
4.762414 0.297432 25.499302 4059.151163
4.782424 0.294936 25.581190 4066.208333
4.802435 0.296172 25.533254 4077.822485
4.822445 0.297109 25.497751 4096.964497
4.842455 0.295103 25.538837 4117.372093
4.862465 0.298253 25.525988 4126.874251
4.882475 0.295377 25.466667 4136.136905
4.902485 0.296433 25.542485 4156.011834
4.922495 0.299515 25.612695 4174.844311
4.942506 0.296336 25.592093 4190.482558
4.962516 0.298582 25.598323 4206.431138
4.982526 0.296881 25.554940 4226.253012
5.002536 0.297480 25.509383 4249.851852
5.022546 0.301134 25.508263 4267.748503
5.042556 0.297030 25.520723 4290.632530
5.062567 0.230411 25.382946 4320.209302
5.082577 0.279215 25.483318 4340.926267
5.102587 0.294967 25.550233 4369.470930
5.122597 0.292086 25.467299 4389.905213
5.142607 0.291576 25.453465 4418.539604
5.162617 0.295288 25.439412 4450.642157
5.182627 0.298936 25.501478 4478.995074
5.202638 0.295999 25.499400 4513.460000
5.222648 0.299063 25.419412 4544.073529
5.242658 0.297455 25.426465 4578.515152
5.262668 0.299861 25.473529 4614.406863
5.282678 0.304019 25.461949 4653.528205
5.302688 0.298097 25.471330 4684.655172
5.322698 0.300806 25.429146 4727.547739
5.342709 0.301097 25.493939 4762.494949
5.362719 0.300582 25.503116 4803.221106
5.382729 0.303404 25.484800 4839.560000
5.402739 0.299203 25.422741 4875.258883
5.422749 0.301403 25.498600 4921.740000
5.442759 0.304125 25.489899 4954.535354
5.462769 0.300339 25.443618 4994.618090
5.482780 0.303116 25.429697 5024.883838
5.502790 0.301959 25.455000 5063.240000
5.522800 0.303638 25.534400 5109.705000
5.542810 0.307026 25.440833 5151.223958
5.562820 0.300974 25.420990 5194.782178
5.582830 0.304264 25.477959 5239.091837
5.602840 0.304900 25.539184 5279.030612
5.622851 0.304142 25.510408 5322.525510
5.642861 0.307272 25.508426 5365.289340
5.662871 0.303339 25.518586 5407.651515
5.682881 0.304939 25.505102 5455.229592
5.702891 0.308299 25.525744 5501.235897
5.722901 0.303152 25.443400 5548.680000
5.742911 0.305942 25.453679 5595.471503
5.762922 0.304402 25.454472 5644.663317
5.782932 0.305806 25.481250 5698.458333
5.802942 0.309315 25.465672 5747.184080
5.822952 0.303838 25.406392 5799.530928
5.842962 0.307592 25.458462 5854.466667
5.862972 0.307402 25.514518 5910.380711
5.882982 0.306163 25.512124 5971.093264
5.902993 0.309229 25.498256 6029.251282
5.923003 0.305283 25.502222 6091.601010
5.943013 0.307913 25.510769 6161.015385
5.963023 0.310530 25.502408 6228.596859
5.983033 0.304715 25.473503 6300.482234
6.003043 0.309029 25.486804 6374.819588
6.023053 0.306926 25.425979 6451.902062
6.043064 0.308791 25.411055 6537.170854
6.063074 0.311558 25.432917 6620.036458
6.083084 0.305921 25.502474 6706.479381
6.103094 0.309141 25.514082 6798.224490
6.123104 0.309438 25.454093 6889.880829
6.143114 0.308268 25.463420 6986.082902
6.163124 0.311629 25.470154 7079.794872
6.183135 0.307021 25.462383 7176.601036
6.203145 0.309932 25.472205 7280.461538
6.223155 0.312329 25.472410 7380.374359
6.243165 0.307824 25.496166 7483.207254
6.263175 0.312377 25.461799 7586.925926
