serial number: RI80_21414857
torque: 16
start_temp: 26 (26)
finish_temp: 26 (27)
note: montaz na obrotach_bez falnszy wyj
0.000000 0.167905 25.985763 3383.000000
0.020010 0.168440 25.988249 3383.000000
0.040020 0.172692 26.000000 3383.000000
0.060030 0.167422 25.999778 3383.000000
0.080041 0.171116 25.983543 3383.000000
0.100051 0.170022 25.999545 3383.000000
0.120061 0.167853 25.989721 3383.000000
0.140071 0.172108 25.993333 3383.000000
0.160081 0.166120 25.984615 3383.000000
0.180091 0.169318 25.978757 3383.000000
0.200101 0.171195 25.991034 3383.000000
0.220112 0.167080 25.993880 3383.000000
0.240122 0.170546 25.995632 3383.000000
0.260132 0.167343 26.000000 3383.000000
0.280142 0.168599 26.000000 3383.000000
0.300152 0.172680 26.000000 3383.000000
0.320162 0.166177 25.994475 3383.000000
0.340172 0.170128 25.997978 3383.000000
0.360183 0.168662 25.973636 3383.000000
0.380193 0.167065 26.000000 3383.000000
0.400203 0.171270 26.000000 3383.000000
0.420213 0.164267 26.000000 3383.000000
0.440223 0.168502 26.000000 3383.000000
0.460233 0.170004 25.988827 3383.000000
0.480243 0.164677 26.000000 3383.000000
0.500254 0.169137 26.000000 3383.000000
0.520264 0.166251 25.988132 3383.000000
0.540274 0.166929 25.989721 3383.000000
0.560284 0.170367 25.994943 3383.000000
0.580294 0.162844 25.999362 3383.000000
0.600304 0.168730 26.000000 3383.000000
0.620314 0.166858 25.996464 3383.000000
0.640325 0.163900 26.007912 3383.000000
0.660335 0.169666 25.989153 3383.000000
0.680345 0.162047 26.000645 3383.000000
0.700355 0.167030 25.994802 3383.000000
0.720365 0.168591 25.982793 3383.000000
0.740375 0.162128 25.992941 3383.000000
0.760385 0.168189 25.977955 3383.000000
0.780396 0.163442 25.984301 3383.000000
0.800406 0.164279 25.979890 3383.000000
0.820416 0.168650 25.982570 3383.000000
0.840426 0.159728 25.993583 3383.000000
0.860436 0.168339 25.989333 3383.000000
0.880446 0.165010 25.989011 3383.000000
0.900456 0.160734 26.000000 3383.000000
0.920467 0.168139 26.000000 3383.000000
0.940477 0.159464 26.000000 3383.000000
0.960487 0.165708 26.004667 3383.000000
0.980497 0.166417 25.995359 3383.000000
1.000507 0.158784 26.000000 3383.000000
1.020517 0.166928 25.999556 3383.000000
1.040528 0.160265 25.985027 3383.000000
1.060538 0.162490 25.993946 3383.000000
1.080548 0.167111 25.996136 3383.000000
1.100558 0.157525 25.982708 3383.000000
1.120568 0.167129 26.000000 3383.000000
1.140578 0.162870 25.990054 3383.000000
1.160588 0.158697 25.991444 3383.000000
1.180599 0.167012 25.996906 3383.000000
1.200609 0.156974 26.000000 3383.000000
1.220619 0.164680 26.000000 3383.000000
1.240629 0.164485 25.983607 3383.000000
1.260639 0.156322 26.005208 3383.000000
1.280649 0.166867 25.994413 3383.000000
1.300659 0.158339 26.000000 3383.000000
1.320670 0.160004 25.989189 3383.000000
1.340680 0.163924 26.000000 3383.000000
1.360690 0.153227 25.997959 3383.000000
1.380700 0.164678 25.991304 3383.000000
1.400710 0.159169 25.985263 3383.000000
1.420720 0.155423 25.991746 3383.000000
1.440730 0.164180 25.991135 3383.000000
1.460741 0.153096 25.989645 3383.000000
1.480751 0.161823 25.989348 3383.000000
1.500761 0.160295 25.991277 3383.000000
1.520771 0.151981 25.978477 3383.000000
1.540781 0.162918 25.988541 3383.000000
1.560791 0.153394 25.974490 3383.000000
1.580801 0.156694 26.000000 3383.000000
1.600812 0.160186 26.000000 3383.000000
1.620822 0.150509 26.000000 3383.000000
1.640832 0.162775 25.991351 3383.000000
1.660842 0.156129 25.997927 3383.000000
1.680852 0.152628 25.994872 3383.000000
1.700862 0.160966 25.995027 3383.000000
1.720872 0.150451 25.990600 3383.000000
1.740883 0.159483 25.996211 3383.000000
1.760893 0.156605 25.991875 3383.000000
1.780903 0.149659 26.005400 3383.000000
1.800913 0.160970 25.983957 3383.000000
1.820923 0.151211 26.000000 3383.000000
1.840933 0.154652 25.984870 3383.000000
1.860943 0.157620 25.998333 3383.000000
1.880954 0.148699 25.988600 3383.000000
1.900964 0.160754 25.981390 3383.000000
1.920974 0.153793 26.000000 3383.000000
1.940984 0.150965 25.993131 3383.000000
1.960994 0.159240 25.996614 3383.000000
1.981004 0.149000 26.000000 3383.000000
2.001014 0.158013 25.988000 3383.000000
2.021025 0.154736 25.991224 3383.000000
2.041035 0.148866 25.995000 3383.000000
2.061045 0.160567 25.994595 3383.000000
2.081055 0.151183 26.009901 3383.000000
2.101065 0.154526 25.989637 3383.000000
2.121075 0.156939 26.000000 3383.000000
2.141085 0.147604 26.000000 3383.000000
2.161096 0.159740 26.000000 3383.000000
2.181106 0.153154 26.000000 3383.000000
2.201116 0.150149 25.995000 3383.000000
2.221126 0.158790 25.989418 3383.000000
2.241136 0.148857 25.995050 3383.000000
2.261146 0.156789 25.989583 3383.000000
2.281156 0.154368 25.986943 3383.000000
2.301167 0.148623 25.997612 3383.000000
2.321177 0.160000 26.000000 3383.000000
2.341187 0.150872 25.995025 3383.000000
2.361197 0.152975 26.000000 3383.000000
2.381207 0.156934 26.000000 3383.000000
2.401217 0.148882 26.004902 3383.000000
2.421227 0.160009 25.992432 3383.000000
2.441238 0.153430 25.986667 3383.000000
2.461248 0.150084 25.980100 3383.000000
2.481258 0.158804 25.991915 3383.000000
2.501268 0.149487 25.990693 3383.000000
2.521278 0.157209 26.001693 3383.000000
2.541288 0.154809 25.999795 3383.000000
2.561298 0.148525 25.972217 3383.000000
2.581309 0.160197 25.993369 3383.000000
2.601319 0.151254 25.994975 3383.000000
2.621329 0.153387 26.000000 3383.000000
2.641339 0.158125 26.000000 3383.000000
2.661349 0.149221 25.995098 3383.000000
2.681359 0.160052 26.000000 3383.000000
2.701369 0.152591 26.000000 3383.000000
2.721380 0.150635 26.000000 3383.000000
2.741390 0.159999 25.983915 3383.000000
2.761400 0.149351 25.990200 3383.000000
2.781410 0.157485 25.994709 3383.000000
2.801420 0.155176 26.000000 3383.000000
2.821430 0.148693 26.007761 3383.000000
2.841440 0.161345 26.002378 3383.000000
2.861451 0.150735 25.999200 3383.000000
2.881461 0.153482 25.990515 3383.000000
2.901471 0.158149 26.000000 3383.000000
2.921481 0.148363 26.000000 3383.000000
2.941491 0.159444 25.989305 3383.000000
2.961501 0.151733 26.000000 3383.000000
2.981511 0.150135 26.000000 3383.000000
3.001522 0.160012 26.000000 3383.000000
3.021532 0.148304 25.994186 3383.000000
3.041542 0.155560 26.000000 3383.000000
3.061552 0.154139 25.992308 3383.000000
3.081562 0.146588 26.000000 3383.000000
3.101572 0.159851 26.000000 3383.000000
3.121583 0.147718 26.000000 3383.000000
3.141593 0.150975 26.000000 3383.000000
3.161603 0.156996 26.000000 3383.000000
3.181613 0.147352 26.000000 3383.000000
3.201623 0.157837 25.992126 3383.000000
3.221633 0.149678 25.985075 3383.000000
3.241643 0.147835 26.000000 3383.000000
3.261654 0.159275 26.000000 3383.000000
3.281664 0.147616 25.996765 3383.000000
3.301674 0.155065 25.995625 3383.000000
3.321684 0.153959 26.000000 3383.000000
3.341694 0.146868 26.000000 3383.000000
3.361704 0.160281 26.015873 3383.000000
3.381714 0.147275 26.000000 3383.000000
3.401725 0.151742 25.992366 3383.000000
3.421735 0.157204 25.976744 3383.000000
3.441745 0.146644 25.996741 3383.000000
3.461755 0.157358 25.987813 3383.000000
3.481765 0.147351 25.996458 3383.000000
3.501775 0.147733 25.998367 3383.000000
3.521785 0.158292 26.000000 3383.000000
3.541796 0.144467 26.000000 3383.000000
3.561806 0.153795 25.994819 3383.000000
3.581816 0.153159 25.995939 3383.000000
3.601826 0.146673 25.989268 3383.000000
3.621836 0.158655 25.990105 3383.000000
3.641846 0.144779 25.986154 3383.000000
3.661856 0.150362 25.988687 3383.000000
3.681867 0.155808 25.994845 3383.000000
3.701877 0.145856 25.985366 3383.000000
3.721887 0.156028 25.994819 3383.000000
3.741897 0.148693 25.979901 3383.000000
3.761907 0.149244 25.990400 3383.000000
3.781917 0.159296 25.990638 3383.000000
3.801927 0.145682 25.984118 3383.000000
3.821938 0.154390 25.989744 3383.000000
3.841948 0.153991 26.000000 3383.000000
3.861958 0.148029 25.995050 3383.000000
3.881968 0.158251 26.000000 3383.000000
3.901978 0.147068 26.000000 3383.000000
3.921988 0.153308 25.994518 3383.000000
3.941998 0.158001 25.989841 3383.000000
3.962009 0.147851 25.993861 3383.000000
3.982019 0.156882 25.978446 3383.000000
4.002029 0.150890 25.973400 3383.000000
4.022039 0.152480 25.998564 3383.000000
4.042049 0.160438 25.994043 3383.000000
4.062059 0.147576 25.980792 3383.000000
4.082069 0.156727 25.986667 3383.000000
4.102080 0.155998 25.992539 3383.000000
4.122090 0.151294 25.994975 3383.000000
4.142100 0.160064 25.987312 3383.000000
4.162110 0.149753 25.991800 3383.000000
4.182120 0.156090 25.990417 3383.000000
4.202130 0.159752 25.988511 3383.000000
4.222140 0.149896 25.990448 3383.000000
4.242151 0.158872 25.990899 3383.000000
4.262161 0.153918 25.982769 3383.000000
4.282171 0.155568 25.984536 3383.000000
4.302181 0.162104 25.998470 3383.000000
4.322191 0.149821 25.982857 3383.000000
4.342201 0.158608 25.995080 3383.000000
4.362211 0.159026 25.998316 3383.000000
4.382222 0.153957 25.995692 3383.000000
4.402232 0.161371 25.976739 3383.000000
4.422242 0.153019 25.990553 3383.000000
4.442252 0.158602 26.000000 3383.000000
4.462262 0.162666 25.983696 3383.000000
4.482272 0.151978 25.989950 3383.000000
4.502282 0.161731 25.994536 3383.000000
4.522293 0.157350 25.991295 3383.000000
4.542303 0.158048 25.998298 3383.000000
4.562313 0.164068 25.998689 3383.000000
4.582323 0.152888 25.982132 3383.000000
4.602333 0.161888 25.991351 3383.000000
4.622343 0.161672 25.980638 3383.000000
4.642353 0.155635 26.000000 3383.000000
4.662364 0.163154 25.990164 3383.000000
4.682374 0.156026 25.973814 3383.000000
4.702384 0.162458 25.999126 3383.000000
4.722394 0.165228 25.983913 3383.000000
4.742404 0.154664 25.994737 3383.000000
4.762414 0.164202 26.000000 3383.000000
4.782424 0.160022 25.984043 3383.000000
4.802435 0.160984 25.984044 3383.000000
4.822445 0.165340 25.977333 3383.000000
4.842455 0.156644 25.995258 3383.000000
4.862465 0.164922 25.977333 3383.000000
4.882475 0.163949 26.000000 3383.000000
4.902485 0.159094 26.000000 3383.000000
4.922495 0.165961 25.997111 3383.000000
4.942506 0.159256 25.997474 3383.000000
4.962516 0.165215 25.987111 3383.000000
4.982526 0.166049 25.990615 3383.000000
5.002536 0.157158 25.987358 3383.000000
5.022546 0.167191 25.987182 3383.000000
5.042556 0.162307 25.993297 3383.000000
5.062567 0.163159 26.000000 3383.000000
5.082577 0.166068 26.000000 3383.000000
5.102587 0.159038 26.000000 3383.000000
5.122597 0.167698 25.994413 3383.000000
5.142607 0.166151 25.996044 3383.000000
5.162617 0.162029 25.996940 3383.000000
5.182627 0.168404 25.979333 3383.000000
5.202638 0.162038 25.994811 3383.000000
5.222648 0.168774 25.989379 3383.000000
5.242658 0.167996 25.987933 3383.000000
5.262668 0.161183 26.000000 3383.000000
5.282678 0.171018 26.000000 3383.000000
5.302688 0.165992 26.000000 3383.000000
5.322698 0.166683 25.972376 3383.000000
5.342709 0.168831 25.994413 3383.000000
5.362719 0.164057 25.994505 3383.000000
5.382729 0.171824 25.996364 3383.000000
5.402739 0.168020 25.997989 3383.000000
5.422749 0.165330 26.000000 3383.000000
5.442759 0.170316 25.990734 3383.000000
5.462769 0.165484 25.992486 3383.000000
5.482780 0.171751 25.994318 3383.000000
5.502790 0.168486 26.000000 3383.000000
5.522800 0.164407 25.988889 3383.000000
5.542810 0.172586 26.000000 3383.000000
5.562820 0.167078 26.000000 3383.000000
5.582830 0.168963 26.000000 3383.000000
5.602840 0.169451 26.000000 3383.000000
5.622851 0.166221 25.994413 3383.000000
5.642861 0.172968 25.994220 3383.000000
5.662871 0.168159 25.995778 3383.000000
5.682881 0.168037 25.978391 3383.000000
5.702891 0.171897 25.991732 3383.000000
5.722901 0.167253 26.000000 3383.000000
5.742911 0.172651 26.000000 3383.000000
5.762922 0.168039 25.988827 3383.000000
5.782932 0.167334 25.994382 3383.000000
5.802942 0.174041 26.004114 3383.000000
5.822952 0.167780 25.990391 3383.000000
5.842962 0.171512 26.000000 3383.000000
5.862972 0.170137 25.977371 3383.000000
5.882982 0.168236 25.994190 3383.000000
5.902993 0.173592 25.994682 3383.000000
5.923003 0.168146 25.992955 3383.000000
5.943013 0.169570 25.995307 3383.000000
5.963023 0.171865 25.996836 3383.000000
5.983033 0.167738 25.997528 3383.000000
6.003043 0.172790 26.000000 3383.000000
6.023053 0.168135 25.988764 3383.000000
6.043064 0.168937 25.994382 3383.000000
6.063074 0.173831 26.000000 3383.000000
6.083084 0.167780 25.997765 3383.000000
6.103094 0.171193 25.996571 3383.000000
6.123104 0.169978 26.000000 3383.000000
6.143114 0.168794 25.994382 3383.000000
6.163124 0.173552 26.000000 3383.000000
6.183135 0.167378 26.000000 3383.000000
6.203145 0.169944 26.000000 3383.000000
6.223155 0.172000 25.994220 3383.000000
6.243165 0.167711 26.000000 3383.000000
6.263175 0.172278 25.986364 3383.000000
