serial number: JANUSZ_3_RI80_21414841
torque: 16
start_temp: 30 (33)
finish_temp: 30 (33)
note: zdjęty z robota, ponowny montaż TK, joint 0, agresywne PIDy
0.000000 0.317205 30.000000 0.000000
0.020010 0.326501 30.000000 0.000000
0.040020 0.328244 30.000000 0.000000
0.060030 0.324574 30.000000 0.000000
0.080041 0.331936 30.000000 0.000000
0.100051 0.324430 30.000000 0.000000
0.120061 0.331396 30.000000 0.000000
0.140071 0.333415 30.000000 0.000000
0.160081 0.323899 30.000000 0.000000
0.180091 0.333146 30.000000 0.000000
0.200101 0.327200 30.000000 0.000000
0.220112 0.329430 30.000000 0.000000
0.240122 0.332856 30.000000 0.000000
0.260132 0.323178 30.000000 0.000000
0.280142 0.332922 30.000000 0.000000
0.300152 0.329328 30.000000 0.000000
0.320162 0.324655 30.000000 0.000000
0.340172 0.332137 30.000000 0.000000
0.360183 0.322836 30.000000 0.000000
0.380193 0.330400 30.000000 0.000000
0.400203 0.330571 30.000000 0.000000
0.420213 0.324169 30.000000 0.000000
0.440223 0.334225 30.000000 0.000000
0.460233 0.324359 30.000000 0.000000
0.480243 0.329622 30.000000 0.000000
0.500254 0.332863 30.000000 0.000000
0.520264 0.323718 30.000000 0.000000
0.540274 0.334843 30.000000 0.000000
0.560284 0.329304 30.000000 0.000000
0.580294 0.330241 30.000000 0.000000
0.600304 0.336227 30.000000 0.000000
0.620314 0.326356 30.000000 0.000000
0.640325 0.334587 30.000000 0.000000
0.660335 0.332149 30.000000 0.000000
0.680345 0.326780 30.000000 0.000000
0.700355 0.334915 30.000000 0.000000
0.720365 0.325750 30.000000 0.000000
0.740375 0.331340 30.000000 0.000000
0.760385 0.334632 30.000000 0.000000
0.780396 0.328058 30.000000 0.000000
0.800406 0.338281 30.000000 0.000000
0.820416 0.332031 30.000000 0.000000
0.840426 0.333389 30.000000 0.000000
0.860436 0.338365 30.000000 0.000000
0.880446 0.332117 30.000000 0.000000
0.900456 0.340182 30.000000 0.000000
0.920467 0.336896 30.000000 0.000000
0.940477 0.334264 30.000000 0.000000
0.960487 0.339869 30.000000 0.000000
0.980497 0.333875 30.000000 0.000000
1.000507 0.339534 30.000000 0.000000
1.020517 0.336752 30.000000 0.000000
1.040528 0.330613 30.000000 0.000000
1.060538 0.339772 30.000000 0.000000
1.080548 0.333677 30.000000 0.000000
1.100558 0.336962 30.000000 0.000000
1.120568 0.339283 30.000000 0.000000
1.140578 0.332744 30.000000 0.000000
1.160588 0.341260 30.000000 0.000000
1.180599 0.334578 30.000000 0.000000
1.200609 0.335128 30.000000 0.000000
1.220619 0.339731 30.000000 0.000000
1.240629 0.332063 30.000000 0.000000
1.260639 0.340157 30.000000 0.000000
1.280649 0.336720 30.000000 0.000000
1.300659 0.335471 30.000000 0.000000
1.320670 0.342295 30.000000 0.000000
1.340680 0.333937 30.000000 0.000000
1.360690 0.338489 30.000000 0.000000
1.380700 0.340276 30.000000 0.000000
1.400710 0.335413 30.000000 0.000000
1.420720 0.342691 30.000000 0.000000
1.440730 0.335310 30.000000 0.000000
1.460741 0.336483 30.000000 0.000000
1.480751 0.340106 30.000000 0.000000
1.500761 0.331873 30.000000 0.000000
1.520771 0.338709 30.000000 0.000000
1.540781 0.334558 30.000000 0.000000
1.560791 0.333487 30.000000 0.000000
1.580801 0.340476 30.000000 0.000000
1.600812 0.332833 30.000000 0.000000
1.620822 0.336999 30.000000 0.000000
1.640832 0.338635 30.000000 0.000000
1.660842 0.335554 30.000000 0.000000
1.680852 0.342549 30.000000 0.000000
1.700862 0.335856 30.000000 0.000000
1.720872 0.338535 30.000000 0.000000
1.740883 0.341637 30.000000 0.000000
1.760893 0.336457 30.000000 0.000000
1.780903 0.341932 30.000000 0.000000
1.800913 0.336231 30.000000 0.000000
1.820923 0.335186 30.000000 0.000000
1.840933 0.341421 30.000000 0.000000
1.860943 0.330441 30.000000 0.000000
1.880954 0.335296 30.000000 0.000000
1.900964 0.334779 30.000000 0.000000
1.920974 0.331203 30.000000 0.000000
1.940984 0.339046 30.000000 0.000000
1.960994 0.331226 30.000000 0.000000
1.981004 0.336152 30.000000 0.000000
2.001014 0.338139 30.000000 0.000000
2.021025 0.330317 30.000000 0.000000
2.041035 0.337584 30.000000 0.000000
2.061045 0.332642 30.000000 0.000000
2.081055 0.335254 30.000000 0.000000
2.101065 0.340564 30.000000 0.000000
2.121075 0.331213 30.000000 0.000000
2.141085 0.336886 30.000000 0.000000
2.161096 0.336306 30.000000 0.000000
2.181106 0.335046 30.000000 0.000000
2.201116 0.341312 30.000000 0.000000
2.221126 0.333685 30.000000 0.000000
2.241136 0.336682 30.000000 0.000000
2.261146 0.340850 30.000000 0.000000
2.281156 0.333359 30.000000 0.000000
2.301167 0.338688 30.000000 0.000000
2.321177 0.336250 30.000000 0.000000
2.341187 0.336970 30.000000 0.000000
2.361197 0.342106 30.000000 0.000000
2.381207 0.333795 30.000000 0.000000
2.401217 0.337923 30.000000 0.000000
2.421227 0.340633 30.000000 0.000000
2.441238 0.339262 30.000000 0.000000
2.461248 0.342767 30.000000 0.000000
2.481258 0.339057 30.000000 0.000000
2.501268 0.341107 30.000000 0.000000
2.521278 0.344355 30.000000 0.000000
2.541288 0.339350 30.000000 0.000000
2.561298 0.343820 30.000000 0.000000
2.581309 0.341375 30.000000 0.000000
2.601319 0.342227 30.000000 0.000000
2.621329 0.344895 30.000000 0.000000
2.641339 0.336926 30.000000 0.000000
2.661349 0.341201 30.000000 0.000000
2.681359 0.342736 30.000000 0.000000
2.701369 0.340428 30.000000 0.000000
2.721380 0.344190 30.000000 0.000000
2.741390 0.339152 30.000000 0.000000
2.761400 0.342809 30.000000 0.000000
2.781410 0.344145 30.000000 0.000000
2.801420 0.336923 30.000000 0.000000
2.821430 0.342380 30.000000 0.000000
2.841440 0.339332 30.000000 0.000000
2.861451 0.341639 30.000000 0.000000
2.881461 0.343988 30.000000 0.000000
2.901471 0.337803 30.000000 0.000000
2.921481 0.342489 30.000000 0.000000
2.941491 0.344449 30.000000 0.000000
2.961501 0.343107 30.000000 0.000000
2.981511 0.346509 30.000000 0.000000
3.001522 0.342784 30.000000 0.000000
3.021532 0.345279 30.000000 0.000000
3.041542 0.347356 30.000000 0.000000
3.061552 0.341379 30.000000 0.000000
3.081562 0.344581 30.000000 0.000000
3.101572 0.343339 30.000000 0.000000
3.121583 0.342521 30.000000 0.000000
3.141593 0.344376 30.000000 0.000000
3.161603 0.341617 30.000000 0.000000
3.181613 0.344551 30.000000 0.000000
3.201623 0.346974 30.000000 0.000000
3.221633 0.344502 30.000000 0.000000
3.241643 0.346610 30.000000 0.000000
3.261654 0.344351 30.000000 0.000000
3.281664 0.346478 30.000000 0.000000
3.301674 0.346439 30.000000 0.000000
3.321684 0.343039 30.000000 0.000000
3.341694 0.346667 30.000000 0.000000
3.361704 0.345385 30.000000 0.000000
3.381714 0.344625 30.000000 0.000000
3.401725 0.346370 30.000000 0.000000
3.421735 0.343197 30.000000 0.000000
3.441745 0.346895 30.000000 0.000000
3.461755 0.346418 30.000000 0.000000
3.481765 0.342220 30.000000 0.000000
3.501775 0.346165 30.000000 0.000000
3.521785 0.339318 30.000000 0.000000
3.541796 0.342250 30.000000 0.000000
3.561806 0.341954 30.000000 0.000000
3.581816 0.337870 30.000000 0.000000
3.601826 0.343476 30.000000 0.000000
3.621836 0.339066 30.000000 0.000000
3.641846 0.339099 30.000000 0.000000
3.661856 0.342420 30.000000 0.000000
3.681867 0.335181 30.000000 0.000000
3.701877 0.342637 30.000000 0.000000
3.721887 0.340858 30.000000 0.000000
3.741897 0.338123 30.000000 0.000000
3.761907 0.342998 30.000000 0.000000
3.781917 0.339108 30.000000 0.000000
3.801927 0.341069 30.000000 0.000000
3.821938 0.341380 30.000000 0.000000
3.841948 0.335134 30.000000 0.000000
3.861958 0.341511 30.000000 0.000000
3.881968 0.338261 30.000000 0.000000
3.901978 0.335344 30.000000 0.000000
3.921988 0.340822 30.000000 0.000000
3.941998 0.335738 30.000000 0.000000
3.962009 0.340394 30.000000 0.000000
3.982019 0.340202 30.000000 0.000000
4.002029 0.336709 30.000000 0.000000
4.022039 0.343144 30.000000 0.000000
4.042049 0.340129 30.000000 0.000000
4.062059 0.341365 30.000000 0.000000
4.082069 0.343104 30.000000 0.000000
4.102080 0.338212 30.000000 0.000000
4.122090 0.342840 30.000000 0.000000
4.142100 0.339216 30.000000 0.000000
4.162110 0.337144 30.000000 0.000000
4.182120 0.341940 30.000000 0.000000
4.202130 0.335919 30.000000 0.000000
4.222140 0.339512 30.000000 0.000000
4.242151 0.339834 30.000000 0.000000
4.262161 0.335351 30.000000 0.000000
4.282171 0.341691 30.000000 0.000000
4.302181 0.334409 30.000000 0.000000
4.322191 0.334768 30.000000 0.000000
4.342201 0.338740 30.000000 0.000000
4.362211 0.333012 30.000000 0.000000
4.382222 0.339317 30.000000 0.000000
4.402232 0.335316 30.000000 0.000000
4.422242 0.333503 30.000000 0.000000
4.442252 0.340796 30.000000 0.000000
4.462262 0.330031 30.000000 0.000000
4.482272 0.335726 30.000000 0.000000
4.502282 0.337897 30.000000 0.000000
4.522293 0.333418 30.000000 0.000000
4.542303 0.342139 30.000000 0.000000
4.562313 0.336473 30.000000 0.000000
4.582323 0.337932 30.000000 0.000000
4.602333 0.341956 30.000000 0.000000
4.622343 0.333588 30.000000 0.000000
4.642353 0.338278 30.000000 0.000000
4.662364 0.335882 30.000000 0.000000
4.682374 0.332542 30.000000 0.000000
4.702384 0.339921 30.000000 0.000000
4.722394 0.332664 30.000000 0.000000
4.742404 0.336728 30.000000 0.000000
4.762414 0.339699 30.000000 0.000000
4.782424 0.334377 30.000000 0.000000
4.802435 0.341010 30.000000 0.000000
4.822445 0.337723 30.000000 0.000000
4.842455 0.339345 30.000000 0.000000
4.862465 0.344244 30.000000 0.000000
4.882475 0.338375 30.000000 0.000000
4.902485 0.342397 30.000000 0.000000
4.922495 0.342488 30.000000 0.000000
4.942506 0.339646 30.000000 0.000000
4.962516 0.346238 30.000000 0.000000
4.982526 0.337601 30.000000 0.000000
5.002536 0.341078 30.000000 0.000000
5.022546 0.343041 30.000000 0.000000
5.042556 0.338201 30.000000 0.000000
5.062567 0.344072 30.000000 0.000000
5.082577 0.338035 30.000000 0.000000
5.102587 0.338350 30.000000 0.000000
5.122597 0.343500 30.000000 0.000000
5.142607 0.335789 30.000000 0.000000
5.162617 0.341477 30.000000 0.000000
5.182627 0.338825 30.000000 0.000000
5.202638 0.337286 30.000000 0.000000
5.222648 0.343931 30.000000 0.000000
5.242658 0.333508 30.000000 0.000000
5.262668 0.339741 30.000000 0.000000
5.282678 0.341580 30.000000 0.000000
5.302688 0.337298 30.000000 0.000000
5.322698 0.343413 30.000000 0.000000
5.342709 0.337187 30.000000 0.000000
5.362719 0.339440 30.000000 0.000000
5.382729 0.344304 30.000000 0.000000
5.402739 0.334814 30.000000 0.000000
5.422749 0.339815 30.000000 0.000000
5.442759 0.338718 30.000000 0.000000
5.462769 0.336012 30.000000 0.000000
5.482780 0.341651 30.000000 0.000000
5.502790 0.331504 30.000000 0.000000
5.522800 0.337166 30.000000 0.000000
5.542810 0.340767 30.000000 0.000000
5.562820 0.334270 30.000000 0.000000
5.582830 0.339315 30.000000 0.000000
5.602840 0.334202 30.000000 0.000000
5.622851 0.336835 30.000000 0.000000
5.642861 0.341016 30.000000 0.000000
5.662871 0.332216 30.000000 0.000000
5.682881 0.338566 30.000000 0.000000
5.702891 0.336557 30.000000 0.000000
5.722901 0.334602 30.000000 0.000000
5.742911 0.338859 30.000000 0.000000
5.762922 0.330244 30.000000 0.000000
5.782932 0.336575 30.000000 0.000000
5.802942 0.336020 30.000000 0.000000
5.822952 0.327485 30.000000 0.000000
5.842962 0.333469 30.000000 0.000000
5.862972 0.327387 30.000000 0.000000
5.882982 0.330327 30.000000 0.000000
5.902993 0.334338 30.000000 0.000000
5.923003 0.324909 30.000000 0.000000
5.943013 0.332664 30.000000 0.000000
5.963023 0.328239 30.000000 0.000000
5.983033 0.327867 30.000000 0.000000
6.003043 0.334106 30.000000 0.000000
6.023053 0.324056 30.000000 0.000000
6.043064 0.331255 30.000000 0.000000
6.063074 0.330257 30.000000 0.000000
6.083084 0.324876 30.000000 0.000000
6.103094 0.332388 30.000000 0.000000
6.123104 0.322155 30.000000 0.000000
6.143114 0.328405 30.000000 0.000000
6.163124 0.331226 30.000000 0.000000
6.183135 0.320331 30.000000 0.000000
6.203145 0.329396 30.000000 0.000000
6.223155 0.323527 30.000000 0.000000
6.243165 0.323953 30.000000 0.000000
6.263175 0.330694 30.000000 0.000000
