serial number: JANUSZ_3_RI80_21414841
torque: 16
start_temp: 25 (25)
finish_temp: 25 (26)
note: asdf
0.000000 0.070507 25.000000 0.000000
0.020010 0.068964 25.000000 0.000000
0.040020 0.064013 25.000000 0.000000
0.060030 0.074329 25.000000 0.000000
0.080041 0.067407 25.000000 0.000000
0.100051 0.074001 25.000000 0.000000
0.120061 0.076451 25.000000 0.000000
0.140071 0.062404 25.000000 0.000000
0.160081 0.076122 25.000000 0.000000
0.180091 0.067158 25.000000 0.000000
0.200101 0.075627 25.000000 0.000000
0.220112 0.079963 25.000000 0.000000
0.240122 0.066572 25.000000 0.000000
0.260132 0.074834 25.000000 0.000000
0.280142 0.072468 25.000000 0.000000
0.300152 0.073773 25.000000 0.000000
0.320162 0.076674 25.000000 0.000000
0.340172 0.062705 25.000000 0.000000
0.360183 0.071863 25.000000 0.000000
0.380193 0.072392 25.000000 0.000000
0.400203 0.062719 25.000000 0.000000
0.420213 0.072735 25.000000 0.000000
0.440223 0.071655 25.000000 0.000000
0.460233 0.073296 25.000000 0.000000
0.480243 0.076116 25.000000 0.000000
0.500254 0.065182 25.000000 0.000000
0.520264 0.071780 25.000000 0.000000
0.540274 0.074557 25.000000 0.000000
0.560284 0.071881 25.000000 0.000000
0.580294 0.078667 25.000000 0.000000
0.600304 0.074784 25.000000 0.000000
0.620314 0.077932 25.000000 0.000000
0.640325 0.080938 25.000000 0.000000
0.660335 0.070074 25.000000 0.000000
0.680345 0.078538 25.000000 0.000000
0.700355 0.070322 25.000000 0.000000
0.720365 0.072457 25.000000 0.000000
0.740375 0.078506 25.000000 0.000000
0.760385 0.068619 25.000000 0.000000
0.780396 0.071843 25.000000 0.000000
0.800406 0.068310 25.000000 0.000000
0.820416 0.065201 25.000000 0.000000
0.840426 0.075509 25.000000 0.000000
0.860436 0.065741 25.000000 0.000000
0.880446 0.079309 25.000000 0.000000
0.900456 0.080855 25.000000 0.000000
0.920467 0.066396 25.000000 0.000000
0.940477 0.073213 25.000000 0.000000
0.960487 0.071498 25.000000 0.000000
0.980497 0.073902 25.000000 0.000000
1.000507 0.084026 25.000000 0.000000
1.020517 0.069649 25.000000 0.000000
1.040528 0.080316 25.000000 0.000000
1.060538 0.077836 25.000000 0.000000
1.080548 0.074666 25.000000 0.000000
1.100558 0.082820 25.000000 0.000000
1.120568 0.070181 25.000000 0.000000
1.140578 0.072362 25.000000 0.000000
1.160588 0.077707 25.000000 0.000000
1.180599 0.069090 25.000000 0.000000
1.200609 0.078702 25.000000 0.000000
1.220619 0.067664 25.000000 0.000000
1.240629 0.072602 25.000000 0.000000
1.260639 0.077608 25.000000 0.000000
1.280649 0.067657 25.000000 0.000000
1.300659 0.073943 25.000000 0.000000
1.320670 0.071723 25.000000 0.000000
1.340680 0.073995 25.000000 0.000000
1.360690 0.077803 25.000000 0.000000
1.380700 0.071247 25.000000 0.000000
1.400710 0.077090 25.000000 0.000000
1.420720 0.079596 25.000000 0.000000
1.440730 0.072991 25.000000 0.000000
1.460741 0.083416 25.000000 0.000000
1.480751 0.071213 25.000000 0.000000
1.500761 0.073507 25.000000 0.000000
1.520771 0.078643 25.000000 0.000000
1.540781 0.072187 25.000000 0.000000
1.560791 0.076079 25.000000 0.000000
1.580801 0.073123 25.000000 0.000000
1.600812 0.069222 25.000000 0.000000
1.620822 0.079470 25.000000 0.000000
1.640832 0.071797 25.000000 0.000000
1.660842 0.077349 25.000000 0.000000
1.680852 0.079794 25.000000 0.000000
1.700862 0.064467 25.000000 0.000000
1.720872 0.075240 25.000000 0.000000
1.740883 0.065992 25.000000 0.000000
1.760893 0.073492 25.000000 0.000000
1.780903 0.081046 25.000000 0.000000
1.800913 0.072823 25.000000 0.000000
1.820923 0.079561 25.000000 0.000000
1.840933 0.075755 25.000000 0.000000
1.860943 0.076857 25.000000 0.000000
1.880954 0.081338 25.000000 0.000000
1.900964 0.070650 25.000000 0.000000
1.920974 0.076290 25.000000 0.000000
1.940984 0.080677 25.000000 0.000000
1.960994 0.073644 25.000000 0.000000
1.981004 0.080458 25.000000 0.000000
2.001014 0.067218 25.000000 0.000000
2.021025 0.071951 25.000000 0.000000
2.041035 0.079068 25.000000 0.000000
2.061045 0.068645 25.000000 0.000000
2.081055 0.075178 25.000000 0.000000
2.101065 0.073505 25.000000 0.000000
2.121075 0.074569 25.000000 0.000000
2.141085 0.081346 25.000000 0.000000
2.161096 0.072137 25.000000 0.000000
2.181106 0.077925 25.000000 0.000000
2.201116 0.079770 25.000000 0.000000
2.221126 0.076646 25.000000 0.000000
2.241136 0.083838 25.000000 0.000000
2.261146 0.074511 25.000000 0.000000
2.281156 0.081389 25.000000 0.000000
2.301167 0.081228 25.000000 0.000000
2.321177 0.073884 25.000000 0.000000
2.341187 0.080805 25.000000 0.000000
2.361197 0.073062 25.000000 0.000000
2.381207 0.076211 25.000000 0.000000
2.401217 0.081845 25.000000 0.000000
2.421227 0.073270 25.000000 0.000000
2.441238 0.074585 25.000000 0.000000
2.461248 0.071636 25.000000 0.000000
2.481258 0.070215 25.000000 0.000000
2.501268 0.082113 25.000000 0.000000
2.521278 0.071334 25.000000 0.000000
2.541288 0.083267 25.000000 0.000000
2.561298 0.082734 25.000000 0.000000
2.581309 0.071326 25.000000 0.000000
2.601319 0.080017 25.000000 0.000000
2.621329 0.072802 25.000000 0.000000
2.641339 0.077677 25.000000 0.000000
2.661349 0.088705 25.000000 0.000000
2.681359 0.073928 25.000000 0.000000
2.701369 0.088027 25.000000 0.000000
2.721380 0.080152 25.000000 0.000000
2.741390 0.081986 25.000000 0.000000
2.761400 0.083275 25.000000 0.000000
2.781410 0.068704 25.000000 0.000000
2.801420 0.081961 25.000000 0.000000
2.821430 0.073391 25.000000 0.000000
2.841440 0.073377 25.000000 0.000000
2.861451 0.078347 25.000000 0.000000
2.881461 0.075368 25.000000 0.000000
2.901471 0.079924 25.000000 0.000000
2.921481 0.082001 25.000000 0.000000
2.941491 0.069441 25.000000 0.000000
2.961501 0.077435 25.000000 0.000000
2.981511 0.077615 25.000000 0.000000
3.001522 0.080778 25.000000 0.000000
3.021532 0.085421 25.000000 0.000000
3.041542 0.077234 25.000000 0.000000
3.061552 0.083856 25.000000 0.000000
3.081562 0.080128 25.000000 0.000000
3.101572 0.080282 25.000000 0.000000
3.121583 0.079697 25.000000 0.000000
3.141593 0.075084 25.000000 0.000000
3.161603 0.077219 25.000000 0.000000
3.181613 0.081655 25.000000 0.000000
3.201623 0.072646 25.000000 0.000000
3.221633 0.071096 25.000000 0.000000
3.241643 0.075238 25.000000 0.000000
3.261654 0.075818 25.000000 0.000000
3.281664 0.082009 25.000000 0.000000
3.301674 0.070907 25.000000 0.000000
3.321684 0.080919 25.000000 0.000000
3.341694 0.075294 25.000000 0.000000
3.361704 0.072099 25.000000 0.000000
3.381714 0.078153 25.000000 0.000000
3.401725 0.071658 25.000000 0.000000
3.421735 0.075286 25.000000 0.000000
3.441745 0.079479 25.000000 0.000000
3.461755 0.073331 25.000000 0.000000
3.481765 0.078886 25.000000 0.000000
3.501775 0.077749 25.000000 0.000000
3.521785 0.079070 25.000000 0.000000
3.541796 0.083506 25.000000 0.000000
3.561806 0.074168 25.000000 0.000000
3.581816 0.080323 25.000000 0.000000
3.601826 0.076889 25.000000 0.000000
3.621836 0.077963 25.000000 0.000000
3.641846 0.079869 25.000000 0.000000
3.661856 0.072384 25.000000 0.000000
3.681867 0.073961 25.000000 0.000000
3.701877 0.074216 25.000000 0.000000
3.721887 0.068838 25.000000 0.000000
3.741897 0.076191 25.000000 0.000000
3.761907 0.072631 25.000000 0.000000
3.781917 0.075432 25.000000 0.000000
3.801927 0.080790 25.000000 0.000000
3.821938 0.070641 25.000000 0.000000
3.841948 0.077673 25.000000 0.000000
3.861958 0.074081 25.000000 0.000000
3.881968 0.072741 25.000000 0.000000
3.901978 0.078715 25.000000 0.000000
3.921988 0.071476 25.000000 0.000000
3.941998 0.074070 25.000000 0.000000
3.962009 0.075508 25.000000 0.000000
3.982019 0.072121 25.000000 0.000000
4.002029 0.080764 25.000000 0.000000
4.022039 0.072880 25.000000 0.000000
4.042049 0.074408 25.000000 0.000000
4.062059 0.077919 25.000000 0.000000
4.082069 0.070426 25.000000 0.000000
4.102080 0.073540 25.000000 0.000000
4.122090 0.070591 25.000000 0.000000
4.142100 0.071994 25.000000 0.000000
4.162110 0.076889 25.000000 0.000000
4.182120 0.068290 25.000000 0.000000
4.202130 0.072295 25.000000 0.000000
4.222140 0.072818 25.000000 0.000000
4.242151 0.068455 25.000000 0.000000
4.262161 0.077001 25.000000 0.000000
4.282171 0.070757 25.000000 0.000000
4.302181 0.076685 25.000000 0.000000
4.322191 0.076593 25.000000 0.000000
4.342201 0.070155 25.000000 0.000000
4.362211 0.073973 25.000000 0.000000
4.382222 0.073796 25.000000 0.000000
4.402232 0.077988 25.000000 0.000000
4.422242 0.077979 25.000000 0.000000
4.442252 0.067897 25.000000 0.000000
4.462262 0.071576 25.000000 0.000000
4.482272 0.070064 25.000000 0.000000
4.502282 0.070508 25.000000 0.000000
4.522293 0.075099 25.000000 0.000000
4.542303 0.070549 25.000000 0.000000
4.562313 0.074148 25.000000 0.000000
4.582323 0.073716 25.000000 0.000000
4.602333 0.068411 25.000000 0.000000
4.622343 0.068157 25.000000 0.000000
4.642353 0.068603 25.000000 0.000000
4.662364 0.070947 25.000000 0.000000
4.682374 0.080176 25.000000 0.000000
4.702384 0.068185 25.000000 0.000000
4.722394 0.076470 25.000000 0.000000
4.742404 0.074375 25.000000 0.000000
4.762414 0.070216 25.000000 0.000000
4.782424 0.075725 25.000000 0.000000
4.802435 0.068969 25.000000 0.000000
4.822445 0.075223 25.000000 0.000000
4.842455 0.075128 25.000000 0.000000
4.862465 0.068390 25.000000 0.000000
4.882475 0.070744 25.000000 0.000000
4.902485 0.067675 25.000000 0.000000
4.922495 0.073389 25.000000 0.000000
4.942506 0.075611 25.000000 0.000000
4.962516 0.063595 25.000000 0.000000
4.982526 0.074793 25.000000 0.000000
5.002536 0.069206 25.000000 0.000000
5.022546 0.067250 25.000000 0.000000
5.042556 0.073333 25.000000 0.000000
5.062567 0.070965 25.000000 0.000000
5.082577 0.076088 25.000000 0.000000
5.102587 0.076318 25.000000 0.000000
5.122597 0.067025 25.000000 0.000000
5.142607 0.074469 25.000000 0.000000
5.162617 0.072753 25.000000 0.000000
5.182627 0.075543 25.000000 0.000000
5.202638 0.080277 25.000000 0.000000
5.222648 0.068516 25.000000 0.000000
5.242658 0.076910 25.000000 0.000000
5.262668 0.074096 25.000000 0.000000
5.282678 0.073242 25.000000 0.000000
5.302688 0.076777 25.000000 0.000000
5.322698 0.071513 25.000000 0.000000
5.342709 0.073950 25.000000 0.000000
5.362719 0.077100 25.000000 0.000000
5.382729 0.068051 25.000000 0.000000
5.402739 0.069526 25.000000 0.000000
5.422749 0.064617 25.000000 0.000000
5.442759 0.066396 25.000000 0.000000
5.462769 0.074897 25.000000 0.000000
5.482780 0.062555 25.000000 0.000000
5.502790 0.076353 25.000000 0.000000
5.522800 0.070260 25.000000 0.000000
5.542810 0.063624 25.000000 0.000000
5.562820 0.074478 25.000000 0.000000
5.582830 0.070157 25.000000 0.000000
5.602840 0.078877 25.000000 0.000000
5.622851 0.075663 25.000000 0.000000
5.642861 0.067273 25.000000 0.000000
5.662871 0.078874 25.000000 0.000000
5.682881 0.071742 25.000000 0.000000
5.702891 0.070831 25.000000 0.000000
5.722901 0.076693 25.000000 0.000000
5.742911 0.064798 25.000000 0.000000
5.762922 0.069733 25.000000 0.000000
5.782932 0.071207 25.000000 0.000000
5.802942 0.069505 25.000000 0.000000
5.822952 0.077164 25.000000 0.000000
5.842962 0.061833 25.000000 0.000000
5.862972 0.063625 25.000000 0.000000
5.882982 0.069215 25.000000 0.000000
5.902993 0.062049 25.000000 0.000000
5.923003 0.068848 25.000000 0.000000
5.943013 0.066571 25.000000 0.000000
5.963023 0.067551 25.000000 0.000000
5.983033 0.074859 25.000000 0.000000
6.003043 0.065291 25.000000 0.000000
6.023053 0.073046 25.000000 0.000000
6.043064 0.073361 25.000000 0.000000
6.063074 0.071261 25.000000 0.000000
6.083084 0.077840 25.000000 0.000000
6.103094 0.070591 25.000000 0.000000
6.123104 0.070900 25.000000 0.000000
6.143114 0.074802 25.000000 0.000000
6.163124 0.068602 25.000000 0.000000
6.183135 0.072340 25.000000 0.000000
6.203145 0.067960 25.000000 0.000000
6.223155 0.066395 25.000000 0.000000
6.243165 0.077387 25.000000 0.000000
6.263175 0.066886 25.000000 0.000000
