serial number: JANUSZ_3_RI80_21414841
torque: 16
start_temp: 30 (32)
finish_temp: 30 (32)
note: zdjęty z robota, ponowny montaż TK, joint 0
0.000000 0.308065 30.000000 0.000000
0.020010 0.311094 30.000000 0.000000
0.040020 0.311855 30.000000 0.000000
0.060030 0.309785 30.000000 0.000000
0.080041 0.313270 30.000000 0.000000
0.100051 0.308145 30.000000 0.000000
0.120061 0.310326 30.000000 0.000000
0.140071 0.312800 30.000000 0.000000
0.160081 0.308052 30.000000 0.000000
0.180091 0.312532 29.994949 0.000000
0.200101 0.310420 30.000000 0.000000
0.220112 0.311695 30.000000 0.000000
0.240122 0.313510 30.000000 0.000000
0.260132 0.307270 30.000000 0.000000
0.280142 0.311803 30.000000 0.000000
0.300152 0.310837 30.000000 0.000000
0.320162 0.310482 29.999574 0.000000
0.340172 0.314124 29.995377 0.000000
0.360183 0.309434 30.000000 0.000000
0.380193 0.313184 30.000000 0.000000
0.400203 0.313855 30.000000 0.000000
0.420213 0.309415 29.998217 0.000000
0.440223 0.313880 29.989448 0.000000
0.460233 0.309934 30.000000 0.000000
0.480243 0.311711 30.000000 0.000000
0.500254 0.314338 30.000000 0.000000
0.520264 0.309315 30.000000 0.000000
0.540274 0.313620 30.000000 0.000000
0.560284 0.312180 30.000000 0.000000
0.580294 0.311321 30.000000 0.000000
0.600304 0.314939 30.000000 0.000000
0.620314 0.310408 30.000000 0.000000
0.640325 0.314257 30.000000 0.000000
0.660335 0.315782 30.000000 0.000000
0.680345 0.313128 30.000000 0.000000
0.700355 0.317932 30.000000 0.000000
0.720365 0.315699 30.000000 0.000000
0.740375 0.317527 30.000000 0.000000
0.760385 0.319068 29.993533 0.000000
0.780396 0.315609 29.993741 0.000000
0.800406 0.320335 30.000000 0.000000
0.820416 0.318414 30.000000 0.000000
0.840426 0.317252 30.000000 0.000000
0.860436 0.319602 30.000000 0.000000
0.880446 0.315989 30.000000 0.000000
0.900456 0.319784 30.000000 0.000000
0.920467 0.318374 30.000000 0.000000
0.940477 0.316676 30.000000 0.000000
0.960487 0.320371 30.000000 0.000000
0.980497 0.315977 30.000000 0.000000
1.000507 0.319196 30.000000 0.000000
1.020517 0.318975 30.000000 0.000000
1.040528 0.317141 30.000000 0.000000
1.060538 0.321053 30.000000 0.000000
1.080548 0.317231 30.000000 0.000000
1.100558 0.318876 30.000000 0.000000
1.120568 0.320444 30.000000 0.000000
1.140578 0.317216 30.000000 0.000000
1.160588 0.321604 30.000000 0.000000
1.180599 0.319734 30.000000 0.000000
1.200609 0.320323 30.000000 0.000000
1.220619 0.323450 30.000000 0.000000
1.240629 0.319117 30.000000 0.000000
1.260639 0.321121 30.000000 0.000000
1.280649 0.320760 30.000000 0.000000
1.300659 0.318435 30.000000 0.000000
1.320670 0.321974 30.000000 0.000000
1.340680 0.318488 30.000000 0.000000
1.360690 0.318894 30.000000 0.000000
1.380700 0.321038 30.000000 0.000000
1.400710 0.318801 30.000000 0.000000
1.420720 0.323017 30.000000 0.000000
1.440730 0.321265 30.000000 0.000000
1.460741 0.321390 30.000000 0.000000
1.480751 0.323709 30.000000 0.000000
1.500761 0.320836 30.000000 0.000000
1.520771 0.322761 30.000000 0.000000
1.540781 0.321789 30.000000 0.000000
1.560791 0.321460 30.000000 0.000000
1.580801 0.324546 30.000000 0.000000
1.600812 0.321270 30.000000 0.000000
1.620822 0.321686 30.000000 0.000000
1.640832 0.322654 29.998537 0.000000
1.660842 0.321195 29.994865 0.000000
1.680852 0.324936 30.000000 0.000000
1.700862 0.320518 30.000000 0.000000
1.720872 0.320874 30.000000 0.000000
1.740883 0.323319 30.000000 0.000000
1.760893 0.319136 30.000000 0.000000
1.780903 0.321657 30.000000 0.000000
1.800913 0.320040 30.000000 0.000000
1.820923 0.320095 30.000000 0.000000
1.840933 0.323370 30.000000 0.000000
1.860943 0.318731 30.000000 0.000000
1.880954 0.320830 29.994177 0.000000
1.900964 0.320941 29.993292 0.000000
1.920974 0.319069 30.000000 0.000000
1.940984 0.322406 30.000000 0.000000
1.960994 0.317021 30.000000 0.000000
1.981004 0.318679 30.000000 0.000000
2.001014 0.320603 30.000000 0.000000
2.021025 0.316923 30.000000 0.000000
2.041035 0.319256 30.000000 0.000000
2.061045 0.317949 30.000000 0.000000
2.081055 0.317582 30.000000 0.000000
2.101065 0.321610 30.000000 0.000000
2.121075 0.317224 30.000000 0.000000
2.141085 0.318931 30.000000 0.000000
2.161096 0.321085 30.000000 0.000000
2.181106 0.320767 30.000000 0.000000
2.201116 0.323536 30.000000 0.000000
2.221126 0.321840 30.000000 0.000000
2.241136 0.322413 30.000000 0.000000
2.261146 0.325241 30.000000 0.000000
2.281156 0.321749 30.000000 0.000000
2.301167 0.323305 30.000000 0.000000
2.321177 0.323563 30.000000 0.000000
2.341187 0.323383 30.000000 0.000000
2.361197 0.326133 30.000000 0.000000
2.381207 0.323876 30.000000 0.000000
2.401217 0.324722 30.000000 0.000000
2.421227 0.324898 30.000000 0.000000
2.441238 0.322192 30.000000 0.000000
2.461248 0.324224 30.000000 0.000000
2.481258 0.322113 30.000000 0.000000
2.501268 0.322323 30.000000 0.000000
2.521278 0.323110 30.000000 0.000000
2.541288 0.318678 30.000000 0.000000
2.561298 0.320015 30.000000 0.000000
2.581309 0.319764 30.000000 0.000000
2.601319 0.320968 30.000000 0.000000
2.621329 0.323000 30.000000 0.000000
2.641339 0.320389 30.000000 0.000000
2.661349 0.322354 30.000000 0.000000
2.681359 0.323600 30.000000 0.000000
2.701369 0.323457 30.000000 0.000000
2.721380 0.324560 30.000000 0.000000
2.741390 0.323217 30.000000 0.000000
2.761400 0.324767 30.000000 0.000000
2.781410 0.327761 30.000000 0.000000
2.801420 0.324639 30.000000 0.000000
2.821430 0.325400 30.000000 0.000000
2.841440 0.326127 30.000000 0.000000
2.861451 0.325495 30.000000 0.000000
2.881461 0.324632 30.000000 0.000000
2.901471 0.322607 30.000000 0.000000
2.921481 0.322632 30.000000 0.000000
2.941491 0.324510 30.000000 0.000000
2.961501 0.323668 30.000000 0.000000
2.981511 0.324082 29.996383 0.000000
3.001522 0.324188 29.998307 0.000000
3.021532 0.324646 30.000000 0.000000
3.041542 0.326501 30.000000 0.000000
3.061552 0.325134 30.000000 0.000000
3.081562 0.326221 30.000000 0.000000
3.101572 0.327298 30.000000 0.000000
3.121583 0.326859 30.000000 0.000000
3.141593 0.326642 30.000000 0.000000
3.161603 0.325621 30.000000 0.000000
3.181613 0.326083 30.000000 0.000000
3.201623 0.327256 30.000000 0.000000
3.221633 0.326432 30.000000 0.000000
3.241643 0.327230 30.000000 0.000000
3.261654 0.325557 30.000000 0.000000
3.281664 0.326489 29.997765 0.000000
3.301674 0.326532 29.996859 0.000000
3.321684 0.324658 30.000000 0.000000
3.341694 0.325920 30.000000 0.000000
3.361704 0.324910 30.000000 0.000000
3.381714 0.325079 30.000000 0.000000
3.401725 0.325605 30.000000 0.000000
3.421735 0.323865 29.999777 0.000000
3.441745 0.325447 29.994839 0.000000
3.461755 0.325640 30.000000 0.000000
3.481765 0.324528 30.000000 0.000000
3.501775 0.325941 30.000000 0.000000
3.521785 0.324556 30.000000 0.000000
3.541796 0.325111 30.000000 0.000000
3.561806 0.325380 30.000000 0.000000
3.581816 0.322906 30.000000 0.000000
3.601826 0.323983 30.000000 0.000000
3.621836 0.324486 30.000000 0.000000
3.641846 0.323650 30.000000 0.000000
3.661856 0.324874 30.000000 0.000000
3.681867 0.322936 30.000000 0.000000
3.701877 0.324008 30.000000 0.000000
3.721887 0.324604 30.000000 0.000000
3.741897 0.323436 30.000000 0.000000
3.761907 0.324654 30.000000 0.000000
3.781917 0.323577 30.000000 0.000000
3.801927 0.323214 30.000000 0.000000
3.821938 0.323760 30.000000 0.000000
3.841948 0.321510 29.998462 0.000000
3.861958 0.323887 29.996044 0.000000
3.881968 0.323582 30.000000 0.000000
3.901978 0.322640 30.000000 0.000000
3.921988 0.324281 30.000000 0.000000
3.941998 0.322423 30.000000 0.000000
3.962009 0.323647 30.000000 0.000000
3.982019 0.323619 30.000000 0.000000
4.002029 0.321913 30.000000 0.000000
4.022039 0.323907 30.000000 0.000000
4.042049 0.320485 29.992169 0.000000
4.062059 0.319429 29.997062 0.000000
4.082069 0.321140 30.000000 0.000000
4.102080 0.318434 30.000000 0.000000
4.122090 0.320875 30.000000 0.000000
4.142100 0.319572 30.000000 0.000000
4.162110 0.318995 30.000000 0.000000
4.182120 0.321256 30.000000 0.000000
4.202130 0.317702 30.000000 0.000000
4.222140 0.319197 30.000000 0.000000
4.242151 0.319733 29.996907 0.000000
4.262161 0.317730 29.992391 0.000000
4.282171 0.321434 30.000000 0.000000
4.302181 0.318269 30.000000 0.000000
4.322191 0.318650 30.000000 0.000000
4.342201 0.320607 30.000000 0.000000
4.362211 0.316855 30.000000 0.000000
4.382222 0.319796 30.000000 0.000000
4.402232 0.319315 30.000000 0.000000
4.422242 0.318712 30.000000 0.000000
4.442252 0.321792 30.000000 0.000000
4.462262 0.318821 30.000000 0.000000
4.482272 0.318860 30.000000 0.000000
4.502282 0.320256 30.000000 0.000000
4.522293 0.316987 30.000000 0.000000
4.542303 0.320766 30.000000 0.000000
4.562313 0.318586 30.000000 0.000000
4.582323 0.317773 30.000000 0.000000
4.602333 0.320579 30.000000 0.000000
4.622343 0.318868 30.000000 0.000000
4.642353 0.321143 30.000000 0.000000
4.662364 0.320889 30.000000 0.000000
4.682374 0.319872 30.000000 0.000000
4.702384 0.323169 30.000000 0.000000
4.722394 0.321478 30.000000 0.000000
4.742404 0.322709 30.000000 0.000000
4.762414 0.323885 30.000000 0.000000
4.782424 0.321438 29.991285 0.000000
4.802435 0.324569 29.997582 0.000000
4.822445 0.321546 30.000000 0.000000
4.842455 0.321131 29.997753 0.000000
4.862465 0.324082 29.996970 0.000000
4.882475 0.321634 30.000000 0.000000
4.902485 0.322846 30.000000 0.000000
4.922495 0.322034 30.000000 0.000000
4.942506 0.320799 30.000000 0.000000
4.962516 0.324491 30.000000 0.000000
4.982526 0.320205 30.000000 0.000000
5.002536 0.321867 30.000000 0.000000
5.022546 0.323489 30.000000 0.000000
5.042556 0.321764 29.991285 0.000000
5.062567 0.324576 29.997582 0.000000
5.082577 0.322081 30.000000 0.000000
5.102587 0.322562 30.000000 0.000000
5.122597 0.325412 30.000000 0.000000
5.142607 0.321563 29.998409 0.000000
5.162617 0.322569 29.990947 0.000000
5.182627 0.323054 30.000000 0.000000
5.202638 0.322263 30.000000 0.000000
5.222648 0.324763 30.000000 0.000000
5.242658 0.320548 30.000000 0.000000
5.262668 0.321771 30.000000 0.000000
5.282678 0.323771 30.000000 0.000000
5.302688 0.321376 30.000000 0.000000
5.322698 0.323220 30.000000 0.000000
5.342709 0.321454 30.000000 0.000000
5.362719 0.321471 30.000000 0.000000
5.382729 0.324271 30.000000 0.000000
5.402739 0.319972 30.000000 0.000000
5.422749 0.321690 30.000000 0.000000
5.442759 0.322734 30.000000 0.000000
5.462769 0.322318 30.000000 0.000000
5.482780 0.324453 30.000000 0.000000
5.502790 0.320402 30.000000 0.000000
5.522800 0.321180 30.000000 0.000000
5.542810 0.322549 30.000000 0.000000
5.562820 0.320534 30.000000 0.000000
5.582830 0.322190 30.000000 0.000000
5.602840 0.319148 30.000000 0.000000
5.622851 0.318661 30.000000 0.000000
5.642861 0.321691 30.000000 0.000000
5.662871 0.317426 30.000000 0.000000
5.682881 0.319362 30.000000 0.000000
5.702891 0.317257 30.000000 0.000000
5.722901 0.316132 30.000000 0.000000
5.742911 0.318443 30.000000 0.000000
5.762922 0.312994 30.000000 0.000000
5.782932 0.314377 29.989474 0.000000
5.802942 0.315745 30.000000 0.000000
5.822952 0.313338 30.000000 0.000000
5.842962 0.316008 29.995533 0.000000
5.862972 0.311928 29.999372 0.000000
5.882982 0.313164 30.000000 0.000000
5.902993 0.315974 30.000000 0.000000
5.923003 0.311384 30.000000 0.000000
5.943013 0.314457 30.000000 0.000000
5.963023 0.312467 30.000000 0.000000
5.983033 0.311384 30.000000 0.000000
6.003043 0.314546 30.000000 0.000000
6.023053 0.308578 30.000000 0.000000
6.043064 0.311016 30.000000 0.000000
6.063074 0.312161 30.000000 0.000000
6.083084 0.309146 30.000000 0.000000
6.103094 0.312240 30.000000 0.000000
6.123104 0.309377 30.000000 0.000000
6.143114 0.311346 30.000000 0.000000
6.163124 0.314027 30.000000 0.000000
6.183135 0.308769 30.000000 0.000000
6.203145 0.312014 30.000000 0.000000
6.223155 0.310676 30.000000 0.000000
6.243165 0.311322 30.000000 0.000000
6.263175 0.313782 30.000000 0.000000
