serial number: JANUSZ_3_RI80_21414841
torque: 16
start_temp: 22 (22)
finish_temp: 22 (23)
note: asdf
0.000000 0.065034 22.000000 0.000000
0.020010 0.063740 22.000000 0.000000
0.040020 0.062972 22.000000 0.000000
0.060030 0.065298 22.000000 0.000000
0.080041 0.059228 22.000000 0.000000
0.100051 0.062151 22.000000 0.000000
0.120061 0.069206 22.000000 0.000000
0.140071 0.059037 22.000000 0.000000
0.160081 0.063298 22.000000 0.000000
0.180091 0.055865 22.000000 0.000000
0.200101 0.055937 22.000000 0.000000
0.220112 0.067675 22.000000 0.000000
0.240122 0.061210 22.000000 0.000000
0.260132 0.068504 22.000000 0.000000
0.280142 0.065226 22.000000 0.000000
0.300152 0.061417 22.000000 0.000000
0.320162 0.064415 22.000000 0.000000
0.340172 0.060864 22.000000 0.000000
0.360183 0.065139 22.000000 0.000000
0.380193 0.068646 22.000000 0.000000
0.400203 0.057863 22.000000 0.000000
0.420213 0.068138 22.000000 0.000000
0.440223 0.065661 22.000000 0.000000
0.460233 0.066263 22.000000 0.000000
0.480243 0.070049 22.000000 0.000000
0.500254 0.055362 22.000000 0.000000
0.520264 0.063137 22.000000 0.000000
0.540274 0.064751 22.000000 0.000000
0.560284 0.062663 22.000000 0.000000
0.580294 0.066756 22.000000 0.000000
0.600304 0.062198 22.000000 0.000000
0.620314 0.065052 22.000000 0.000000
0.640325 0.067617 22.000000 0.000000
0.660335 0.057495 22.000000 0.000000
0.680345 0.065779 22.000000 0.000000
0.700355 0.062942 22.000000 0.000000
0.720365 0.065750 22.000000 0.000000
0.740375 0.071773 22.000000 0.000000
0.760385 0.065580 22.000000 0.000000
0.780396 0.071214 22.000000 0.000000
0.800406 0.069552 22.000000 0.000000
0.820416 0.066435 22.000000 0.000000
0.840426 0.068902 22.000000 0.000000
0.860436 0.065870 22.000000 0.000000
0.880446 0.068578 22.000000 0.000000
0.900456 0.070419 22.000000 0.000000
0.920467 0.065614 22.000000 0.000000
0.940477 0.067581 22.000000 0.000000
0.960487 0.063329 22.000000 0.000000
0.980497 0.059086 22.000000 0.000000
1.000507 0.071580 22.000000 0.000000
1.020517 0.061052 22.000000 0.000000
1.040528 0.072416 22.000000 0.000000
1.060538 0.068981 22.000000 0.000000
1.080548 0.059879 22.000000 0.000000
1.100558 0.068177 22.000000 0.000000
1.120568 0.063969 22.000000 0.000000
1.140578 0.071859 22.000000 0.000000
1.160588 0.072843 22.000000 0.000000
1.180599 0.065231 22.000000 0.000000
1.200609 0.074373 22.000000 0.000000
1.220619 0.067322 22.000000 0.000000
1.240629 0.067301 22.000000 0.000000
1.260639 0.071108 22.000000 0.000000
1.280649 0.062007 22.000000 0.000000
1.300659 0.067496 22.000000 0.000000
1.320670 0.067526 22.000000 0.000000
1.340680 0.066951 22.000000 0.000000
1.360690 0.071535 22.000000 0.000000
1.380700 0.061584 22.000000 0.000000
1.400710 0.059527 22.000000 0.000000
1.420720 0.070667 22.000000 0.000000
1.440730 0.057841 22.000000 0.000000
1.460741 0.066520 22.000000 0.000000
1.480751 0.064407 22.000000 0.000000
1.500761 0.062373 22.000000 0.000000
1.520771 0.070644 22.000000 0.000000
1.540781 0.064146 22.000000 0.000000
1.560791 0.065459 22.000000 0.000000
1.580801 0.069228 22.000000 0.000000
1.600812 0.069753 22.000000 0.000000
1.620822 0.073493 22.000000 0.000000
1.640832 0.067430 22.000000 0.000000
1.660842 0.068445 22.000000 0.000000
1.680852 0.068811 22.000000 0.000000
1.700862 0.063670 22.000000 0.000000
1.720872 0.072829 22.000000 0.000000
1.740883 0.066279 22.000000 0.000000
1.760893 0.067566 22.000000 0.000000
1.780903 0.074422 22.000000 0.000000
1.800913 0.064790 22.000000 0.000000
1.820923 0.070363 22.000000 0.000000
1.840933 0.067792 22.000000 0.000000
1.860943 0.062595 22.000000 0.000000
1.880954 0.069233 22.000000 0.000000
1.900964 0.064850 22.000000 0.000000
1.920974 0.069063 22.000000 0.000000
1.940984 0.071321 22.000000 0.000000
1.960994 0.063577 22.000000 0.000000
1.981004 0.072923 22.000000 0.000000
2.001014 0.068923 22.000000 0.000000
2.021025 0.071691 22.000000 0.000000
2.041035 0.076257 22.000000 0.000000
2.061045 0.066393 22.000000 0.000000
2.081055 0.072395 22.000000 0.000000
2.101065 0.070567 22.000000 0.000000
2.121075 0.071686 22.000000 0.000000
2.141085 0.073764 22.000000 0.000000
2.161096 0.060932 22.000000 0.000000
2.181106 0.068385 22.000000 0.000000
2.201116 0.066079 22.000000 0.000000
2.221126 0.066437 22.000000 0.000000
2.241136 0.073162 22.000000 0.000000
2.261146 0.067571 22.000000 0.000000
2.281156 0.075651 22.000000 0.000000
2.301167 0.074783 22.000000 0.000000
2.321177 0.066165 22.000000 0.000000
2.341187 0.070151 22.000000 0.000000
2.361197 0.069142 22.000000 0.000000
2.381207 0.071496 22.000000 0.000000
2.401217 0.076946 22.000000 0.000000
2.421227 0.070514 22.000000 0.000000
2.441238 0.073290 22.000000 0.000000
2.461248 0.073652 22.000000 0.000000
2.481258 0.072783 22.000000 0.000000
2.501268 0.073017 22.000000 0.000000
2.521278 0.067542 22.000000 0.000000
2.541288 0.071518 22.000000 0.000000
2.561298 0.073573 22.000000 0.000000
2.581309 0.068958 22.000000 0.000000
2.601319 0.068981 22.000000 0.000000
2.621329 0.064987 22.000000 0.000000
2.641339 0.065863 22.000000 0.000000
2.661349 0.074595 22.000000 0.000000
2.681359 0.064904 22.000000 0.000000
2.701369 0.074696 22.000000 0.000000
2.721380 0.066205 22.000000 0.000000
2.741390 0.063865 22.000000 0.000000
2.761400 0.073014 22.000000 0.000000
2.781410 0.067245 22.000000 0.000000
2.801420 0.077353 22.000000 0.000000
2.821430 0.075434 22.000000 0.000000
2.841440 0.070784 22.000000 0.000000
2.861451 0.078333 22.000000 0.000000
2.881461 0.071550 22.000000 0.000000
2.901471 0.076842 22.000000 0.000000
2.921481 0.073498 22.000000 0.000000
2.941491 0.064479 22.000000 0.000000
2.961501 0.071496 22.000000 0.000000
2.981511 0.071469 22.000000 0.000000
3.001522 0.070696 22.000000 0.000000
3.021532 0.073613 22.000000 0.000000
3.041542 0.062594 22.000000 0.000000
3.061552 0.068717 22.000000 0.000000
3.081562 0.070674 22.000000 0.000000
3.101572 0.066402 22.000000 0.000000
3.121583 0.069827 22.000000 0.000000
3.141593 0.067576 22.000000 0.000000
3.161603 0.060181 22.000000 0.000000
3.181613 0.070399 22.000000 0.000000
3.201623 0.065702 22.000000 0.000000
3.221633 0.071801 22.000000 0.000000
3.241643 0.071047 22.000000 0.000000
3.261654 0.070536 22.000000 0.000000
3.281664 0.072410 22.000000 0.000000
3.301674 0.066123 22.000000 0.000000
3.321684 0.071288 22.000000 0.000000
3.341694 0.071265 22.000000 0.000000
3.361704 0.070752 22.000000 0.000000
3.381714 0.072797 22.000000 0.000000
3.401725 0.069463 22.000000 0.000000
3.421735 0.070127 22.000000 0.000000
3.441745 0.072246 22.000000 0.000000
3.461755 0.068136 22.000000 0.000000
3.481765 0.070828 22.000000 0.000000
3.501775 0.068268 22.000000 0.000000
3.521785 0.068242 22.000000 0.000000
3.541796 0.070873 22.000000 0.000000
3.561806 0.061613 22.000000 0.000000
3.581816 0.067054 22.000000 0.000000
3.601826 0.070084 22.000000 0.000000
3.621836 0.067648 22.000000 0.000000
3.641846 0.071978 22.000000 0.000000
3.661856 0.067958 22.000000 0.000000
3.681867 0.068788 22.000000 0.000000
3.701877 0.071741 22.000000 0.000000
3.721887 0.066282 22.000000 0.000000
3.741897 0.070555 22.000000 0.000000
3.761907 0.068288 22.000000 0.000000
3.781917 0.072770 22.000000 0.000000
3.801927 0.070341 22.000000 0.000000
3.821938 0.062909 22.000000 0.000000
3.841948 0.065106 22.000000 0.000000
3.861958 0.065706 22.000000 0.000000
3.881968 0.067160 22.000000 0.000000
3.901978 0.070408 22.000000 0.000000
3.921988 0.065863 22.000000 0.000000
3.941998 0.066981 22.000000 0.000000
3.962009 0.069302 22.000000 0.000000
3.982019 0.064001 22.000000 0.000000
4.002029 0.068525 22.000000 0.000000
4.022039 0.066529 22.000000 0.000000
4.042049 0.067461 22.000000 0.000000
4.062059 0.070780 22.000000 0.000000
4.082069 0.065734 22.000000 0.000000
4.102080 0.067209 22.000000 0.000000
4.122090 0.067097 22.000000 0.000000
4.142100 0.067000 22.000000 0.000000
4.162110 0.072027 22.000000 0.000000
4.182120 0.064993 22.000000 0.000000
4.202130 0.065448 22.000000 0.000000
4.222140 0.066326 22.000000 0.000000
4.242151 0.061246 22.000000 0.000000
4.262161 0.066941 22.000000 0.000000
4.282171 0.062641 22.000000 0.000000
4.302181 0.068550 22.000000 0.000000
4.322191 0.066504 22.000000 0.000000
4.342201 0.063131 22.000000 0.000000
4.362211 0.064336 22.000000 0.000000
4.382222 0.064087 22.000000 0.000000
4.402232 0.063773 22.000000 0.000000
4.422242 0.066289 22.000000 0.000000
4.442252 0.062499 22.000000 0.000000
4.462262 0.065273 22.000000 0.000000
4.482272 0.065500 22.000000 0.000000
4.502282 0.061091 22.000000 0.000000
4.522293 0.064975 22.000000 0.000000
4.542303 0.066176 22.000000 0.000000
4.562313 0.067017 22.000000 0.000000
4.582323 0.069257 22.000000 0.000000
4.602333 0.067923 22.000000 0.000000
4.622343 0.067281 22.000000 0.000000
4.642353 0.066478 22.000000 0.000000
4.662364 0.068046 22.000000 0.000000
4.682374 0.068755 22.000000 0.000000
4.702384 0.062083 22.000000 0.000000
4.722394 0.065388 22.000000 0.000000
4.742404 0.066593 22.000000 0.000000
4.762414 0.060813 22.000000 0.000000
4.782424 0.063675 22.000000 0.000000
4.802435 0.057320 22.000000 0.000000
4.822445 0.066620 22.000000 0.000000
4.842455 0.064556 22.000000 0.000000
4.862465 0.061317 22.000000 0.000000
4.882475 0.065758 22.000000 0.000000
4.902485 0.062944 22.000000 0.000000
4.922495 0.061895 22.000000 0.000000
4.942506 0.065020 22.000000 0.000000
4.962516 0.061392 22.000000 0.000000
4.982526 0.069397 22.000000 0.000000
5.002536 0.064829 22.000000 0.000000
5.022546 0.066747 22.000000 0.000000
5.042556 0.071330 22.000000 0.000000
5.062567 0.064943 22.000000 0.000000
5.082577 0.070908 22.000000 0.000000
5.102587 0.068012 22.000000 0.000000
5.122597 0.059771 22.000000 0.000000
5.142607 0.062268 22.000000 0.000000
5.162617 0.063366 22.000000 0.000000
5.182627 0.062748 22.000000 0.000000
5.202638 0.063062 22.000000 0.000000
5.222648 0.051140 22.000000 0.000000
5.242658 0.060150 22.000000 0.000000
5.262668 0.064569 22.000000 0.000000
5.282678 0.059669 22.000000 0.000000
5.302688 0.064440 22.000000 0.000000
5.322698 0.064051 22.000000 0.000000
5.342709 0.069153 22.000000 0.000000
5.362719 0.069612 22.000000 0.000000
5.382729 0.059068 22.000000 0.000000
5.402739 0.066489 22.000000 0.000000
5.422749 0.063027 22.000000 0.000000
5.442759 0.066996 22.000000 0.000000
5.462769 0.067429 22.000000 0.000000
5.482780 0.059478 22.000000 0.000000
5.502790 0.061344 22.000000 0.000000
5.522800 0.064805 22.000000 0.000000
5.542810 0.062962 22.000000 0.000000
5.562820 0.065571 22.000000 0.000000
5.582830 0.059906 22.000000 0.000000
5.602840 0.061269 22.000000 0.000000
5.622851 0.066346 22.000000 0.000000
5.642861 0.060407 22.000000 0.000000
5.662871 0.068562 22.000000 0.000000
5.682881 0.061450 22.000000 0.000000
5.702891 0.055618 22.000000 0.000000
5.722901 0.063347 22.000000 0.000000
5.742911 0.059313 22.000000 0.000000
5.762922 0.067462 22.000000 0.000000
5.782932 0.065996 22.000000 0.000000
5.802942 0.059104 22.000000 0.000000
5.822952 0.068981 22.000000 0.000000
5.842962 0.061836 22.000000 0.000000
5.862972 0.065773 22.000000 0.000000
5.882982 0.063647 22.000000 0.000000
5.902993 0.056302 22.000000 0.000000
5.923003 0.062799 22.000000 0.000000
5.943013 0.061250 22.000000 0.000000
5.963023 0.064832 22.000000 0.000000
5.983033 0.066227 22.000000 0.000000
6.003043 0.056635 22.000000 0.000000
6.023053 0.062195 22.000000 0.000000
6.043064 0.057792 22.000000 0.000000
6.063074 0.060870 22.000000 0.000000
6.083084 0.059858 22.000000 0.000000
6.103094 0.058155 22.000000 0.000000
6.123104 0.058781 22.000000 0.000000
6.143114 0.063962 22.000000 0.000000
6.163124 0.055094 22.000000 0.000000
6.183135 0.061212 22.000000 0.000000
6.203145 0.062109 22.000000 0.000000
6.223155 0.060161 22.000000 0.000000
6.243165 0.069728 22.000000 0.000000
6.263175 0.064168 22.000000 0.000000
