serial number: JANUSZ_3_RI70_21414841
torque: 16
start_temp: 30 (33)
finish_temp: 31 (33)
note: zdjęty z robota, przed demontażem, joint 0, montaż Dodo
0.000000 0.227454 30.875122 0.000000
0.020010 0.226720 30.864651 0.000000
0.040020 0.227455 30.896667 0.000000
0.060030 0.229297 30.852603 0.000000
0.080041 0.230252 30.869767 0.000000
0.100051 0.228420 30.856842 0.000000
0.120061 0.229657 30.842745 0.000000
0.140071 0.237648 30.835699 0.000000
0.160081 0.238711 30.839540 0.000000
0.180091 0.237879 30.830805 0.000000
0.200101 0.236028 30.848571 0.000000
0.220112 0.231993 30.882410 0.000000
0.240122 0.226842 30.859574 0.000000
0.260132 0.228823 30.868182 0.000000
0.280142 0.234959 30.878481 0.000000
0.300152 0.240217 30.851795 0.000000
0.320162 0.240397 30.870000 0.000000
0.340172 0.238283 30.841882 0.000000
0.360183 0.232244 30.869873 0.000000
0.380193 0.225874 30.850337 0.000000
0.400203 0.227945 30.818298 0.000000
0.420213 0.233738 30.879529 0.000000
0.440223 0.238297 30.868947 0.000000
0.460233 0.240653 30.834667 0.000000
0.480243 0.233187 30.834286 0.000000
0.500254 0.226074 30.824471 0.000000
0.520264 0.225466 30.848205 0.000000
0.540274 0.230977 30.870732 0.000000
0.560284 0.234281 30.860759 0.000000
0.580294 0.238258 30.884337 0.000000
0.600304 0.236359 30.857143 0.000000
0.620314 0.231458 30.863404 0.000000
0.640325 0.223970 30.866947 0.000000
0.660335 0.222576 30.855769 0.000000
0.680345 0.231367 30.840000 0.000000
0.700355 0.238125 30.878919 0.000000
0.720365 0.241491 30.861579 0.000000
0.740375 0.239979 30.834634 0.000000
0.760385 0.236765 30.840476 0.000000
0.780396 0.224815 30.874286 0.000000
0.800406 0.220499 30.839184 0.000000
0.820416 0.221228 30.861099 0.000000
0.840426 0.229507 30.808889 0.000000
0.860436 0.235707 30.807671 0.000000
0.880446 0.234340 30.973093 0.000000
0.900456 0.233873 30.955237 0.000000
0.920467 0.233325 30.937513 0.000000
0.940477 0.234699 30.947390 0.000000
0.960487 0.232797 30.943796 0.000000
0.980497 0.230109 30.958832 0.000000
1.000507 0.236321 30.941111 0.000000
1.020517 0.230820 30.942145 0.000000
1.040528 0.232945 30.944220 0.000000
1.060538 0.233072 30.959105 0.000000
1.080548 0.235505 30.936000 0.000000
1.100558 0.233848 30.925115 0.000000
1.120568 0.235199 30.924056 0.000000
1.140578 0.227559 30.938917 0.000000
1.160588 0.236345 30.935735 0.000000
1.180599 0.224242 30.931470 0.000000
1.200609 0.233870 30.950977 0.000000
1.220619 0.233304 30.943520 0.000000
1.240629 0.226215 30.935522 0.000000
1.260639 0.237795 30.930700 0.000000
1.280649 0.229627 30.937143 0.000000
1.300659 0.229008 30.930383 0.000000
1.320670 0.236838 30.912683 0.000000
1.340680 0.229841 30.906942 0.000000
1.360690 0.230260 30.917031 0.000000
1.380700 0.238383 30.902222 0.000000
1.400710 0.230561 30.901579 0.000000
1.420720 0.227315 30.909587 0.000000
1.440730 0.232745 30.908519 0.000000
1.460741 0.234471 30.916332 0.000000
1.480751 0.228091 30.931775 0.000000
1.500761 0.234019 30.917559 0.000000
1.520771 0.233237 30.916715 0.000000
1.540781 0.223762 30.898667 0.000000
1.560791 0.222478 30.906346 0.000000
1.580801 0.227662 30.929340 0.000000
1.600812 0.233686 30.917703 0.000000
1.620822 0.230388 30.916937 0.000000
1.640832 0.232804 30.881810 0.000000
1.660842 0.233027 30.877443 0.000000
1.680852 0.226012 30.898678 0.000000
1.700862 0.227735 30.881132 0.000000
1.720872 0.230932 30.913846 0.000000
1.740883 0.233051 30.904490 0.000000
1.760893 0.234291 30.913529 0.000000
1.780903 0.229803 30.923721 0.000000
1.800913 0.231103 30.902056 0.000000
1.820923 0.229909 30.890155 0.000000
1.840933 0.227303 30.904086 0.000000
1.860943 0.228948 30.895914 0.000000
1.880954 0.234106 30.894694 0.000000
1.900964 0.233088 30.882273 0.000000
1.920974 0.228823 30.906359 0.000000
1.940984 0.226445 30.894249 0.000000
1.960994 0.228707 30.879652 0.000000
1.981004 0.234083 30.882316 0.000000
2.001014 0.232042 30.888254 0.000000
2.021025 0.227800 30.869274 0.000000
2.041035 0.230146 30.861443 0.000000
2.061045 0.233185 30.869890 0.000000
2.081055 0.232650 30.882723 0.000000
2.101065 0.228232 30.885268 0.000000
2.121075 0.226238 30.888037 0.000000
2.141085 0.228190 30.878772 0.000000
2.161096 0.237459 30.873488 0.000000
2.181106 0.237261 30.861373 0.000000
2.201116 0.229522 30.849950 0.000000
2.221126 0.226326 30.838280 0.000000
2.241136 0.228044 30.861006 0.000000
2.261146 0.230729 30.859070 0.000000
2.281156 0.230216 30.851522 0.000000
2.301167 0.227154 30.872880 0.000000
2.321177 0.222236 30.882056 0.000000
2.341187 0.224974 30.883163 0.000000
2.361197 0.230560 30.874206 0.000000
2.381207 0.232470 30.859077 0.000000
2.401217 0.230746 30.860000 0.000000
2.421227 0.230320 30.869897 0.000000
2.441238 0.226483 30.838571 0.000000
2.461248 0.228290 30.869130 0.000000
2.481258 0.227941 30.837249 0.000000
2.501268 0.228432 30.867345 0.000000
2.521278 0.226725 30.854255 0.000000
2.541288 0.226441 30.880000 0.000000
2.561298 0.231306 30.890476 0.000000
2.581309 0.230093 30.863434 0.000000
2.601319 0.231717 30.876596 0.000000
2.621329 0.229374 30.864751 0.000000
2.641339 0.228426 30.853763 0.000000
2.661349 0.226939 30.829053 0.000000
2.681359 0.224360 30.851050 0.000000
2.701369 0.226462 30.854144 0.000000
2.721380 0.228422 30.872857 0.000000
2.741390 0.229371 30.856683 0.000000
2.761400 0.229681 30.841592 0.000000
2.781410 0.229786 30.846377 0.000000
2.801420 0.231327 30.850558 0.000000
2.821430 0.234544 30.829430 0.000000
2.841440 0.233367 30.837684 0.000000
2.861451 0.227965 30.844638 0.000000
2.881461 0.222076 30.853005 0.000000
2.901471 0.222877 30.843243 0.000000
2.921481 0.230393 30.864859 0.000000
2.941491 0.235106 30.864091 0.000000
2.961501 0.229443 30.860400 0.000000
2.981511 0.226305 30.846355 0.000000
3.001522 0.230268 30.842388 0.000000
3.021532 0.232794 30.861390 0.000000
3.041542 0.232006 30.852421 0.000000
3.061552 0.226581 30.833122 0.000000
3.081562 0.219569 30.841773 0.000000
3.101572 0.222402 30.850928 0.000000
3.121583 0.229990 30.857081 0.000000
3.141593 0.230400 30.862798 0.000000
3.161603 0.226806 30.846535 0.000000
3.181613 0.226099 30.862917 0.000000
3.201623 0.226043 30.868932 0.000000
3.221633 0.229776 30.841143 0.000000
3.241643 0.231272 30.857696 0.000000
3.261654 0.226528 30.861296 0.000000
3.281664 0.226893 30.862584 0.000000
3.301674 0.227031 30.863256 0.000000
3.321684 0.226991 30.858333 0.000000
3.341694 0.228912 30.861600 0.000000
3.361704 0.230844 30.840208 0.000000
3.381714 0.231567 30.843351 0.000000
3.401725 0.228082 30.849770 0.000000
3.421735 0.221399 30.849391 0.000000
3.441745 0.219317 30.852926 0.000000
3.461755 0.222049 30.849339 0.000000
3.481765 0.230257 30.837087 0.000000
3.501775 0.232273 30.834455 0.000000
3.521785 0.230460 30.827810 0.000000
3.541796 0.227635 30.831884 0.000000
3.561806 0.225831 30.826032 0.000000
3.581816 0.222637 30.825041 0.000000
3.601826 0.225747 30.825613 0.000000
3.621836 0.229134 30.818716 0.000000
3.641846 0.230812 30.828036 0.000000
3.661856 0.226816 30.820628 0.000000
3.681867 0.224388 30.824937 0.000000
3.701877 0.225477 30.831191 0.000000
3.721887 0.224792 30.830931 0.000000
3.741897 0.225930 30.830328 0.000000
3.761907 0.229692 30.814561 0.000000
3.781917 0.222825 30.823502 0.000000
3.801927 0.221716 30.824921 0.000000
3.821938 0.223781 30.798169 0.000000
3.841948 0.220122 30.810647 0.000000
3.861958 0.226257 30.808485 0.000000
3.881968 0.226196 30.828315 0.000000
3.901978 0.224605 30.820939 0.000000
3.921988 0.228841 30.809359 0.000000
3.941998 0.221767 30.817000 0.000000
3.962009 0.226718 30.807013 0.000000
3.982019 0.220079 30.808876 0.000000
4.002029 0.228438 30.803270 0.000000
4.022039 0.219601 30.804585 0.000000
4.042049 0.224363 30.799535 0.000000
4.062059 0.222256 30.788229 0.000000
4.082069 0.222644 30.778310 0.000000
4.102080 0.226980 30.774233 0.000000
4.122090 0.224204 30.791213 0.000000
4.142100 0.221955 30.774545 0.000000
4.162110 0.221048 30.788463 0.000000
4.182120 0.222923 30.785545 0.000000
4.202130 0.220406 30.891923 0.000000
4.222140 0.222940 30.874286 0.000000
4.242151 0.234731 30.877021 0.000000
4.262161 0.239233 30.870649 0.000000
4.282171 0.237852 30.916842 0.000000
4.302181 0.229571 30.887640 0.000000
4.322191 0.226122 30.882553 0.000000
4.342201 0.218476 30.888333 0.000000
4.362211 0.221726 30.844848 0.000000
4.382222 0.229767 30.903158 0.000000
4.402232 0.236799 30.872099 0.000000
4.422242 0.238426 30.870685 0.000000
4.442252 0.234261 30.880000 0.000000
4.462262 0.225087 30.876800 0.000000
4.482272 0.222132 30.905000 0.000000
4.502282 0.226905 30.893196 0.000000
4.522293 0.233317 30.886087 0.000000
4.542303 0.234939 30.845500 0.000000
4.562313 0.230872 30.901000 0.000000
4.582323 0.226295 30.870805 0.000000
4.602333 0.218804 30.889383 0.000000
4.622343 0.219582 30.919048 0.000000
4.642353 0.228699 30.911707 0.000000
4.662364 0.234777 30.886667 0.000000
4.682374 0.238763 30.919000 0.000000
4.702384 0.235064 30.858667 0.000000
4.722394 0.227608 30.870112 0.000000
4.742404 0.223374 30.867451 0.000000
4.762414 0.226211 30.870769 0.000000
4.782424 0.233085 30.901176 0.000000
4.802435 0.234169 30.907727 0.000000
4.822445 0.236816 30.911264 0.000000
4.842455 0.235627 30.923038 0.000000
4.862465 0.229620 30.906667 0.000000
4.882475 0.226620 30.866813 0.000000
4.902485 0.224737 30.897931 0.000000
4.922495 0.227197 30.862564 0.000000
4.942506 0.228058 30.889231 0.000000
4.962516 0.229196 30.907027 0.000000
4.982526 0.232097 30.891084 0.000000
5.002536 0.226268 30.910617 0.000000
5.022546 0.228079 30.869130 0.000000
5.042556 0.233274 30.897551 0.000000
5.062567 0.238055 30.868511 0.000000
5.082577 0.234672 30.886667 0.000000
5.102587 0.231056 30.904198 0.000000
5.122597 0.226490 30.870612 0.000000
5.142607 0.222812 30.905333 0.000000
5.162617 0.223859 30.886914 0.000000
5.182627 0.231812 30.916962 0.000000
5.202638 0.239237 30.901395 0.000000
5.222648 0.238981 30.897313 0.000000
5.242658 0.234053 30.880000 0.000000
5.262668 0.227233 30.873488 0.000000
5.282678 0.219879 30.869213 0.000000
5.302688 0.217726 30.903158 0.000000
5.322698 0.230441 30.859565 0.000000
5.342709 0.238381 30.873623 0.000000
5.362719 0.242200 30.824615 0.000000
5.382729 0.242390 30.873333 0.000000
5.402739 0.236263 30.861333 0.000000
5.422749 0.225595 30.840455 0.000000
5.442759 0.220010 30.869126 0.000000
5.462769 0.221952 30.872083 0.000000
5.482780 0.227134 30.899111 0.000000
5.502790 0.233291 30.860000 0.000000
5.522800 0.239521 30.868493 0.000000
5.542810 0.234807 30.899770 0.000000
5.562820 0.228547 30.899277 0.000000
5.582830 0.223677 30.880000 0.000000
5.602840 0.227950 30.871667 0.000000
5.622851 0.227192 30.866329 0.000000
5.642861 0.227474 30.894762 0.000000
5.662871 0.227583 30.876842 0.000000
5.682881 0.227473 30.857895 0.000000
5.702891 0.228608 30.818630 0.000000
5.722901 0.231967 30.860976 0.000000
5.742911 0.237712 30.862857 0.000000
5.762922 0.236401 30.835111 0.000000
5.782932 0.229367 30.851818 0.000000
5.802942 0.227591 30.867917 0.000000
5.822952 0.223323 30.902800 0.000000
5.842962 0.220130 30.871919 0.000000
5.862972 0.227149 30.866517 0.000000
5.882982 0.240021 30.832093 0.000000
5.902993 0.242613 30.855696 0.000000
5.923003 0.238866 30.838889 0.000000
5.943013 0.230535 30.855342 0.000000
5.963023 0.220859 30.842667 0.000000
5.983033 0.217090 30.848372 0.000000
6.003043 0.219714 30.870805 0.000000
6.023053 0.229880 30.838378 0.000000
6.043064 0.238054 30.851282 0.000000
6.063074 0.244462 30.804865 0.000000
6.083084 0.244319 30.858000 0.000000
6.103094 0.234395 30.817826 0.000000
6.123104 0.224665 30.849009 0.000000
6.143114 0.226419 30.875600 0.000000
6.163124 0.230343 30.890337 0.000000
6.183135 0.232670 30.894091 0.000000
6.203145 0.236166 30.876456 0.000000
6.223155 0.237594 30.847595 0.000000
6.243165 0.234297 30.858049 0.000000
6.263175 0.226762 30.855500 0.000000
