serial number: RI70_21209061
torque: 8
start_temp: 22 (22)
finish_temp: 22 (23)
note: montaz przymiar
0.000000 0.662822 22.000000 12864.373626
0.020010 0.659935 22.000000 12888.809783
0.040020 0.661748 22.000000 12918.157303
0.060030 0.660845 22.000000 12946.636364
0.080041 0.659431 22.000000 12974.010989
0.100051 0.664053 22.000000 13007.708791
0.120061 0.660494 22.000000 13041.536723
0.140071 0.661736 21.984309 13070.149171
0.160081 0.663506 21.988261 13105.956522
0.180091 0.660613 22.000000 13135.859459
0.200101 0.663276 22.000000 13172.567416
0.220112 0.660225 22.000000 13204.536723
0.240122 0.661668 22.000000 13240.481081
0.260132 0.664143 22.000000 13277.494382
0.280142 0.660133 22.000000 13312.872928
0.300152 0.663322 22.000000 13353.967742
0.320162 0.661749 22.000000 13391.017045
0.340172 0.662334 22.000000 13430.896739
0.360183 0.666150 22.000000 13473.016393
0.380193 0.662291 22.000000 13513.151685
0.400203 0.664826 22.000000 13556.114754
0.420213 0.664898 22.000000 13600.338889
0.440223 0.663676 22.000000 13644.920904
0.460233 0.668874 22.000000 13691.406593
0.480243 0.664105 22.000000 13738.620879
0.500254 0.663292 22.000000 13788.261111
0.520264 0.667972 22.000000 13838.855556
0.540274 0.664355 22.000000 13890.160221
0.560284 0.667937 22.000000 13941.743017
0.580294 0.664974 22.000000 13995.434066
0.600304 0.665544 22.000000 14051.201117
0.620314 0.669753 22.000000 14108.198895
0.640325 0.664241 22.000000 14166.066667
0.660335 0.669050 22.000000 14225.824176
0.680345 0.666648 22.000000 14286.693182
0.700355 0.666154 21.998400 14348.120000
0.720365 0.671357 21.996522 14412.353261
0.740375 0.666914 21.999556 14478.650000
0.760385 0.668595 22.000000 14545.331429
0.780396 0.673027 22.000000 14614.864865
0.800406 0.668844 22.000000 14686.107345
0.820416 0.672208 22.000000 14757.430168
0.840426 0.671748 22.000000 14832.032787
0.860436 0.669291 21.999080 14908.706897
0.880446 0.675200 21.993812 14987.569061
0.900456 0.670153 21.995955 15068.831461
0.920467 0.674506 22.000000 15151.758427
0.940477 0.674058 22.000000 15235.205714
0.960487 0.671201 22.000000 15320.272727
0.980497 0.676172 22.000000 15407.635359
1.000507 0.673459 22.000000 15496.206704
1.020517 0.674741 22.000000 15584.340909
1.040528 0.676698 22.000000 15673.159091
1.060538 0.677402 22.000000 15763.022346
1.080548 0.678704 22.000000 15852.710227
1.100558 0.677962 22.000000 15944.783333
1.120568 0.677596 22.000000 16039.306818
1.140578 0.682695 22.000000 16132.620112
1.160588 0.676766 22.000000 16226.773256
1.180599 0.681981 22.000000 16319.581921
1.200609 0.680060 22.000000 3008.903409
1.220619 0.679892 22.000000 123.308989
1.240629 0.682651 22.000000 217.346591
1.260639 0.679541 22.000000 310.130682
1.280649 0.680796 21.996610 400.887006
1.300659 0.681713 21.989029 492.817143
1.320670 0.681776 21.993898 582.440678
1.340680 0.680312 21.992135 671.106742
1.360690 0.682909 22.000000 758.224138
1.380700 0.678457 22.000000 843.200000
1.400710 0.685190 22.000000 928.634831
1.420720 0.679407 22.000000 1012.573034
1.440730 0.682531 22.000000 1094.392045
1.460741 0.682472 22.000000 1175.941520
1.480751 0.680436 22.000000 1255.318681
1.500761 0.684690 22.000000 1335.941860
1.520771 0.680408 22.000000 1412.847458
1.540781 0.683067 22.000000 1489.062500
1.560791 0.684930 22.000000 1565.329609
1.580801 0.681762 22.000000 1637.630058
1.600812 0.683936 22.000000 1707.737143
1.620822 0.681940 22.000000 1775.738636
1.640832 0.680618 22.000000 1841.692737
1.660842 0.683972 22.000000 1904.723529
1.680852 0.681223 22.000000 1965.551724
1.700862 0.683432 22.000000 2025.480447
1.720872 0.681817 22.000000 2083.754286
1.740883 0.680442 22.000000 2139.919540
1.760893 0.685411 22.000000 2196.111111
1.780903 0.679946 22.000000 2252.569832
1.800913 0.681439 22.000000 2306.637427
1.820923 0.683107 22.000000 2359.011561
1.840933 0.678238 22.000000 2411.333333
1.860943 0.683627 22.000000 2463.122807
1.880954 0.680287 22.000000 2514.272222
1.900964 0.677223 22.000000 2565.011299
1.920974 0.682537 21.996800 2614.600000
1.940984 0.677020 21.993778 2662.594444
1.960994 0.680645 21.998171 2710.142857
1.981004 0.678672 22.000000 2756.346369
2.001014 0.677086 22.000000 2802.320225
2.021025 0.681980 22.000000 2847.250000
2.041035 0.676361 22.000000 2891.392045
2.061045 0.677848 22.000000 2936.310734
2.081055 0.678328 22.000000 2980.831522
2.101065 0.674796 22.000000 3025.839080
2.121075 0.679488 21.998636 3071.659091
2.141085 0.677002 21.996744 3116.837209
2.161096 0.674836 21.998907 3161.983607
2.181106 0.679747 22.000000 3209.851429
2.201116 0.673314 22.000000 3256.837989
2.221126 0.677477 22.000000 3302.327684
2.241136 0.675680 22.002198 3348.461538
2.261146 0.672755 22.003164 3392.666667
2.281156 0.678440 22.000227 3433.335227
2.301167 0.671633 22.000000 3476.923497
2.321177 0.674054 22.000000 3515.787356
2.341187 0.675199 22.000000 3559.217877
2.361197 0.671372 22.000000 3596.222222
2.381207 0.675977 22.000000 3636.747253
2.401217 0.671525 22.000000 3669.233696
2.421227 0.670894 22.000000 3704.441989
2.441238 0.674347 22.000000 3736.473684
2.461248 0.668864 22.000000 3761.800000
2.481258 0.672101 21.993370 3797.546961
2.501268 0.671545 21.989888 3820.067416
2.521278 0.669992 22.000000 3850.361582
2.541288 0.673697 22.000000 3877.116022
2.561298 0.667884 22.000000 3900.382022
2.581309 0.669464 22.000000 3923.276836
2.601319 0.671442 22.000000 3948.533333
2.621329 0.667897 22.000000 3971.011111
2.641339 0.671439 22.000000 3985.601124
2.661349 0.667932 22.000000 4015.185393
2.681359 0.667260 22.000000 4034.644444
2.701369 0.669717 22.000000 4045.027624
2.721380 0.664755 22.000000 4068.807692
2.741390 0.668604 22.000000 4088.748634
2.761400 0.665641 22.000000 4100.267045
2.781410 0.663059 22.000000 4115.005525
2.801420 0.666986 22.000000 4130.983696
2.821430 0.664154 22.000000 4143.211111
2.841440 0.664257 22.000000 4164.281768
2.861451 0.665568 22.004667 4188.744444
2.881461 0.659369 22.002892 4199.295181
2.901471 0.663314 22.000000 4224.212644
2.921481 0.658700 21.998780 4256.298780
2.941491 0.659341 21.996074 4277.312883
2.961501 0.661757 21.999075 4313.531792
2.981511 0.658105 22.000000 4340.754386
3.001522 0.660508 22.000000 4377.213836
3.021532 0.659176 22.000000 4405.825301
3.041542 0.656829 22.000000 4444.011628
3.061552 0.661406 22.000000 4472.512346
3.081562 0.657354 22.000000 4511.532934
3.101572 0.658469 22.000000 4538.616279
3.121583 0.659453 22.000000 4576.828221
3.141593 0.503050 22.000000 4601.106557
3.161603 0.598750 22.000000 4634.908629
3.181613 0.612738 22.000000 4666.283505
3.201623 0.622877 22.000000 4686.321244
3.221633 0.630718 22.000000 4720.789474
3.241643 0.630509 22.000000 4745.989529
3.261654 0.634156 22.000000 4771.086486
3.281664 0.635790 22.000000 4798.830769
3.301674 0.638293 22.000000 4831.627027
3.321684 0.640962 22.000000 4851.843243
3.341694 0.639710 22.000000 4883.753927
3.361704 0.640407 22.000000 4917.341969
3.381714 0.642211 22.000000 4941.657459
3.401725 0.641329 22.000000 4971.510870
3.421735 0.644120 22.000000 5005.331551
3.441745 0.642532 22.000000 5038.361702
3.461755 0.643848 21.996264 5069.560440
3.481765 0.646848 21.998333 5112.072917
3.501775 0.642573 21.992747 5143.780220
3.521785 0.647242 21.996421 5182.221053
3.541796 0.644164 22.000000 5215.317204
3.561806 0.643165 22.000000 5251.637363
3.581816 0.648293 21.999149 5284.606383
3.601826 0.645455 21.996667 5320.427778
3.621836 0.645823 21.998763 5356.938144
3.641846 0.647814 22.000000 5391.978142
3.661856 0.645719 22.000000 5431.679144
3.681867 0.648831 21.999570 5466.575269
3.701877 0.648611 21.996906 5507.292818
3.721887 0.646052 21.998000 5546.344444
3.741897 0.648276 22.000000 5588.542105
3.761907 0.647238 22.000000 5634.851064
3.781917 0.649299 22.000000 5681.864130
3.801927 0.648978 22.000000 5730.425532
3.821938 0.647878 22.000000 5779.756906
3.841948 0.649690 22.000000 5831.340426
3.861958 0.647030 22.000000 5885.114130
3.881968 0.647268 22.000000 5941.151832
3.901978 0.647393 22.000000 5997.928177
3.921988 0.644624 22.000000 6056.027027
3.941998 0.648420 21.996324 6117.383784
3.962009 0.646592 21.994043 6182.388298
3.982019 0.645498 21.998930 6251.502674
4.002029 0.645945 22.000000 6322.360656
4.022039 0.645406 21.996421 6397.221053
4.042049 0.647042 21.998212 6474.726257
4.062059 0.646282 22.000000 6554.755208
4.082069 0.645033 22.000000 6640.737705
4.102080 0.649123 22.000000 6727.185792
4.122090 0.645937 22.000000 6818.322581
4.142100 0.648193 22.000000 6911.957219
4.162110 0.648904 22.000000 7010.000000
4.182120 0.645780 22.000000 7110.202186
4.202130 0.651147 22.000000 7212.882353
4.222140 0.647497 22.000000 7319.331492
4.242151 0.646943 22.000000 7426.712766
4.262161 0.651214 22.000000 7538.835979
4.282171 0.648113 22.000000 7652.158192
4.302181 0.649712 22.000000 7768.084656
4.322191 0.650072 22.000000 7889.589189
4.342201 0.648950 22.000000 8008.305556
4.362211 0.652643 22.000000 8129.734043
4.382222 0.649841 22.000000 8255.578378
4.402232 0.653217 22.000000 8379.755435
4.422242 0.650741 22.000000 8504.569892
4.442252 0.650679 22.000000 8627.696133
4.462262 0.654369 22.000000 8749.176471
4.482272 0.650844 22.000000 8869.026882
4.502282 0.653118 22.000000 8988.870968
4.522293 0.652923 22.000000 9101.125714
4.542303 0.649747 22.000000 9211.444444
4.562313 0.654531 22.000000 9320.751351
4.582323 0.652256 22.000000 9424.480447
4.602333 0.651887 22.000000 9525.340541
4.622343 0.656460 22.000000 9623.712707
4.642353 0.652303 22.000000 9718.550000
4.662364 0.653845 22.000000 9810.091398
4.682374 0.654563 22.000000 9899.282609
4.702384 0.652107 22.000000 9984.940217
4.722394 0.655152 22.000000 10065.817680
4.742404 0.653603 22.000000 10144.551351
4.762414 0.653962 22.000000 10221.333333
4.782424 0.654290 22.000000 10292.762431
4.802435 0.653767 22.000000 10364.251309
4.822445 0.657336 22.000000 10431.955556
4.842455 0.655406 22.000000 10495.852459
4.862465 0.653240 22.000000 10558.065934
4.882475 0.657339 22.000000 10618.366120
4.902485 0.654664 22.000000 10675.000000
4.922495 0.656586 22.000000 10731.070270
4.942506 0.656375 21.996957 10784.445652
4.962516 0.654372 21.997569 10835.408840
4.982526 0.658237 22.000000 10885.236264
5.002536 0.656000 22.000000 10932.983607
5.022546 0.656176 22.000000 10978.176796
5.042556 0.658047 22.000000 11023.043011
5.062567 0.655895 22.000000 11067.666667
5.082577 0.658681 22.000000 11108.489011
5.102587 0.657709 22.000000 11149.016216
5.122597 0.657634 22.000000 11188.901639
5.142607 0.659112 22.000000 11226.206897
5.162617 0.657656 22.000000 11262.527174
5.182627 0.660298 22.000000 11300.472826
5.202638 0.659808 22.000000 11335.541899
5.222648 0.657051 22.000000 11371.586022
5.242658 0.662045 21.997596 11405.743169
5.262668 0.658819 21.996854 11439.376404
5.282678 0.659838 22.000000 11471.675676
5.302688 0.660288 22.000000 11502.932961
5.322698 0.658732 22.001749 11530.480874
5.342709 0.662363 22.003279 11559.475410
5.362719 0.659457 22.000440 11582.565934
5.382729 0.658216 21.996940 11607.415301
5.402739 0.661776 21.996000 11634.177778
5.422749 0.659156 21.992967 11660.648352
5.442759 0.658884 21.992967 11690.631868
5.462769 0.659432 21.991784 11718.967568
5.482780 0.658417 21.993296 11744.139665
5.502790 0.661011 21.997596 11765.229508
5.522800 0.658639 22.000000 11791.706215
5.542810 0.658600 22.000000 11814.454054
5.562820 0.659105 22.000000 11838.475676
5.582830 0.658070 22.000000 11860.348066
5.602840 0.660700 22.000000 11887.933333
5.622851 0.657853 22.000000 11912.010695
5.642861 0.658299 22.000000 11938.845304
5.662871 0.659730 22.000000 11965.541899
5.682881 0.658546 22.000000 11996.010870
5.702891 0.660073 22.000000 12023.262032
5.722901 0.658192 22.000000 12057.407821
5.742911 0.656602 22.000000 12085.160221
5.762922 0.660592 22.000000 12120.668449
5.782932 0.657276 22.000000 12151.073446
5.802942 0.658567 22.000000 12184.653846
5.822952 0.657753 22.000000 12216.145251
5.842962 0.658864 22.000000 12249.732620
5.862972 0.661174 22.000000 12281.576271
5.882982 0.656994 22.000000 12313.763736
5.902993 0.658275 22.000000 12344.153005
5.923003 0.659807 22.000000 12376.582888
5.943013 0.657700 21.994222 12404.233333
5.963023 0.659717 21.989945 12437.043716
5.983033 0.657613 21.999337 12461.845304
6.003043 0.657123 22.000000 12494.715847
6.023053 0.658113 22.000000 12522.232044
6.043064 0.657588 22.000000 12550.049451
6.063074 0.658041 22.000000 12582.054348
6.083084 0.657879 22.000000 12607.519553
6.103094 0.656392 22.000000 12635.863388
6.123104 0.661344 22.000000 12667.154255
6.143114 0.657090 22.000000 12689.134078
6.163124 0.658682 22.000000 12716.920904
6.183135 0.661149 22.000000 12744.286486
6.203145 0.658533 22.000000 12766.946237
6.223155 0.660491 22.000000 12789.278409
6.243165 0.659606 22.000000 12818.820652
6.263175 0.658542 22.000000 12843.233333
