serial number: JANUSZ_2_RI80_21414857
torque: 16
start_temp: 33 (35)
finish_temp: 33 (35)
note: montaz na obrotach_PCB d23
0.000000 0.264609 33.000000 11237.807487
0.020010 0.262511 33.000000 11281.182292
0.040020 0.265319 33.000000 11316.489362
0.060030 0.264925 33.000000 11356.845745
0.080041 0.266606 33.000000 11392.415789
0.100051 0.264754 33.001895 11427.900000
0.120061 0.264152 33.003404 11463.888298
0.140071 0.266370 33.000000 11496.053476
0.160081 0.265291 33.000000 11526.424731
0.180091 0.265140 33.000000 11560.319372
0.200101 0.265085 33.000000 11601.803191
0.220112 0.264507 33.000000 11632.262032
0.240122 0.266551 33.000000 11667.010582
0.260132 0.265980 33.000000 11702.797872
0.280142 0.264007 33.010582 11723.904762
0.300152 0.267213 33.005291 11760.978836
0.320162 0.266427 33.000000 11787.048128
0.340172 0.267359 33.000000 11810.190476
0.360183 0.266506 33.000000 11834.681081
0.380193 0.266342 33.000000 11866.663212
0.400203 0.268783 33.008352 11883.340659
0.420213 0.267763 33.007957 11907.005376
0.440223 0.267432 33.000000 11927.978610
0.460233 0.269548 33.000000 11961.851064
0.480243 0.268809 33.000000 11978.216216
0.500254 0.269414 33.000000 12007.340659
0.520264 0.269752 33.000000 12038.572193
0.540274 0.267854 33.000000 12066.582011
0.560284 0.270908 33.002995 12100.684492
0.580294 0.270039 33.007213 12132.683060
0.600304 0.271013 33.000659 12166.593407
0.620314 0.271282 33.000000 12202.114754
0.640325 0.271124 33.000000 12236.951613
0.660335 0.272974 33.000000 12275.603261
0.680345 0.271852 33.000000 12308.227027
0.700355 0.270527 33.000000 12348.491979
0.720365 0.273531 33.007151 12380.335196
0.740375 0.272259 33.003892 12417.135135
0.760385 0.272007 33.000000 12446.939560
0.780396 0.273022 33.000000 12482.081522
0.800406 0.271031 33.004301 12510.500000
0.820416 0.273661 33.017778 12539.666667
0.840426 0.272195 33.000000 12570.401070
0.860436 0.272502 33.010562 12584.696629
0.880446 0.273359 33.004681 12616.664894
0.900456 0.271993 33.001304 12637.798913
0.920467 0.274494 33.000000 12651.857143
0.940477 0.273107 33.000000 12672.071038
0.960487 0.272887 33.000000 12686.516304
0.980497 0.276007 33.000000 12712.240223
1.000507 0.274497 33.009247 12732.387097
1.020517 0.274090 33.007111 12742.105556
1.040528 0.274881 33.000000 12765.516484
1.060538 0.273664 33.000000 12786.699454
1.080548 0.276609 33.000000 12812.883978
1.100558 0.274220 33.000000 12833.349727
1.120568 0.275789 33.002682 12854.893855
1.140578 0.276264 33.013923 12889.795580
1.160588 0.275269 33.000000 12912.000000
1.180599 0.277464 33.000000 12940.241573
1.200609 0.275665 33.000000 12977.307692
1.220619 0.275942 33.000000 13000.814208
1.240629 0.278851 33.000000 13038.286517
1.260639 0.277376 33.000000 13072.181319
1.280649 0.277583 33.005618 13098.657303
1.300659 0.278460 33.000000 13137.907104
1.320670 0.277982 33.000000 13177.189944
1.340680 0.280197 33.000000 13210.750000
1.360690 0.277509 33.000000 13257.571429
1.380700 0.279438 33.000000 13294.508475
1.400710 0.280832 33.000000 13341.272727
1.420720 0.278840 33.000000 13382.167598
1.440730 0.281607 33.000000 13425.156425
1.460741 0.279504 33.002458 13473.452514
1.480751 0.280647 33.006927 13518.474860
1.500761 0.282821 33.006667 13566.594444
1.520771 0.280542 33.004138 13614.666667
1.540781 0.280487 33.007778 13665.138889
1.560791 0.281252 33.005618 13718.039326
1.580801 0.282005 33.006818 13769.193182
1.600812 0.283497 33.004494 13824.421348
1.620822 0.280185 33.000000 13880.083799
1.640832 0.282993 33.000000 13934.670455
1.660842 0.283404 33.000000 13993.486034
1.680852 0.281792 33.000000 14050.785311
1.700862 0.283919 33.000000 14111.203390
1.720872 0.281495 33.000000 14173.017143
1.740883 0.284023 33.000000 14232.914773
1.760893 0.284764 33.000000 14299.573034
1.780903 0.282766 33.000000 14365.511494
1.800913 0.283968 33.000000 14433.084270
1.820923 0.284125 33.000000 14505.556818
1.840933 0.284986 33.000000 14576.551724
1.860943 0.286388 33.000000 14653.606936
1.880954 0.283535 33.000884 14732.662983
1.900964 0.287093 33.004884 14813.226744
1.920974 0.287337 33.000000 14899.716763
1.940984 0.285461 33.000000 14985.189655
1.960994 0.287777 33.000000 15076.727273
1.981004 0.285769 33.000000 15171.657143
2.001014 0.288547 33.016235 15263.800000
2.021025 0.288952 33.001364 15362.744318
2.041035 0.287188 33.000000 15461.383721
2.061045 0.289141 33.000000 15560.977273
2.081055 0.288758 33.000000 15665.035088
2.101065 0.289321 33.000000 15765.252874
2.121075 0.289713 33.000000 15872.656977
2.141085 0.286607 33.004114 15977.417143
2.161096 0.290373 33.001628 16082.081395
2.181106 0.289839 33.000000 16192.254335
2.201116 0.287978 33.000000 16297.377907
2.221126 0.289909 33.000000 4955.806818
2.241136 0.288070 33.000000 130.763006
2.261146 0.290571 33.000000 232.959302
2.281156 0.289586 33.000000 338.443787
2.301167 0.286454 33.000000 437.253333
2.321177 0.287386 33.000000 537.057554
2.341187 0.285904 33.000000 636.280576
2.361197 0.286400 33.000000 728.307143
2.381207 0.286679 33.000000 824.592857
2.401217 0.283920 33.000000 913.414286
2.421227 0.286179 33.000000 999.276596
2.441238 0.285903 33.000000 1087.773050
2.461248 0.284240 33.006377 1167.304348
2.481258 0.285729 33.000833 1248.298611
2.501268 0.283903 33.000000 1326.693431
2.521278 0.286458 33.000000 1398.361702
2.541288 0.284910 33.000000 1474.471831
2.561298 0.283181 33.000000 1544.617021
2.581309 0.285511 33.000000 1613.352518
2.601319 0.283392 33.000000 1682.943262
2.621329 0.284212 33.000000 1746.212766
2.641339 0.283361 33.000000 1813.382979
2.661349 0.280939 33.000000 1875.250000
2.681359 0.283767 33.000000 1935.382979
2.701369 0.282702 33.000000 1998.400000
2.721380 0.281379 33.000000 2056.489362
2.741390 0.282749 33.000000 2114.278571
2.761400 0.281094 33.000000 2172.124138
2.781410 0.283780 33.000000 2226.539568
2.801420 0.282094 33.000000 2283.014184
2.821430 0.280587 33.000000 2335.220690
2.841440 0.283185 33.000000 2387.845070
2.861451 0.281269 33.000000 2439.598592
2.881461 0.281401 33.000000 2486.765957
2.901471 0.281304 33.000000 2535.857143
2.921481 0.279670 33.000000 2581.952055
2.941491 0.281000 33.000000 2626.832168
2.961501 0.280587 33.000000 2673.513889
2.981511 0.278840 33.000000 2714.489209
3.001522 0.280431 33.000000 2754.908451
3.021532 0.278345 33.000000 2797.398649
3.041542 0.280879 33.000000 2836.478873
3.061552 0.279289 33.000000 2874.846154
3.081562 0.277193 33.000000 2912.078014
3.101572 0.280450 33.000000 2948.006993
3.121583 0.277954 33.000000 2985.912162
3.141593 0.208708 33.000000 3021.978448
3.161603 0.254298 33.000000 3056.441026
3.181613 0.261694 33.000000 3094.401042
3.201623 0.268469 33.000000 3126.372340
3.221633 0.269662 33.000000 3163.983607
3.241643 0.269984 33.000000 3192.581522
3.261654 0.272657 33.000000 3228.211957
3.281664 0.270892 33.000000 3257.112299
3.301674 0.273164 33.000000 3290.792350
3.321684 0.271579 33.000000 3318.735135
3.341694 0.270168 33.000000 3350.525140
3.361704 0.272602 33.000000 3375.777174
3.381714 0.270131 33.000000 3408.342246
3.401725 0.270781 33.000000 3431.956989
3.421735 0.270879 33.000000 3461.395604
3.441745 0.270108 33.000000 3486.505376
3.461755 0.271060 33.000000 3511.413043
3.481765 0.269718 33.000000 3538.494624
3.501775 0.269733 33.000000 3561.021739
3.521785 0.271400 33.000000 3587.167568
3.541796 0.269054 33.000000 3611.711230
3.561806 0.271799 33.000000 3637.032787
3.581816 0.269390 33.000000 3662.648649
3.601826 0.269288 33.000000 3689.032258
3.621836 0.271302 33.000000 3717.208556
3.641846 0.267869 33.000000 3746.636364
3.661856 0.269437 33.000000 3775.918478
3.681867 0.268997 33.000000 3807.320652
3.701877 0.268725 33.000000 3839.026738
3.721887 0.269212 33.000000 3871.741935
3.741897 0.267203 33.000000 3905.186170
3.761907 0.269199 33.000000 3936.727273
3.781917 0.269320 33.000000 3970.567568
3.801927 0.266887 33.000000 4001.376344
3.821938 0.269061 33.000000 4033.417112
3.841948 0.265282 33.000000 4065.494737
3.861958 0.266156 33.000000 4096.113514
3.881968 0.267294 33.000000 4127.351064
3.901978 0.263662 33.000000 4159.562500
3.921988 0.266383 33.006667 4189.537634
3.941998 0.264923 33.004043 4224.574468
3.962009 0.264989 33.000000 4254.106952
3.982019 0.265327 33.000000 4290.120419
4.002029 0.262554 33.000000 4324.685864
4.022039 0.264879 33.000000 4359.245989
4.042049 0.264042 33.000000 4397.563158
4.062059 0.261900 33.010471 4430.109948
4.082069 0.263853 33.000000 4468.473958
4.102080 0.260571 33.000000 4502.750000
4.122090 0.262173 33.000000 4536.866310
4.142100 0.263002 33.000000 4569.125654
4.162110 0.259431 33.000000 4602.283505
4.182120 0.262659 33.000000 4630.911458
4.202130 0.260176 33.000000 4663.593750
4.222140 0.260997 33.000000 4688.963158
4.242151 0.260788 33.000000 4718.571429
4.262161 0.257711 33.000000 4747.848958
4.282171 0.261125 33.000000 4773.638743
4.302181 0.259855 33.000000 4805.341969
4.322191 0.258509 33.000000 4831.958115
4.342201 0.260216 33.000000 4864.854922
4.362211 0.257502 33.000000 4896.845361
4.382222 0.259681 33.000000 4927.735751
4.402232 0.258936 33.000000 4962.098446
4.422242 0.256750 33.000000 4995.353846
4.442252 0.259735 33.000000 5027.633508
4.462262 0.257255 33.000000 5064.387755
4.482272 0.258057 33.000000 5093.989637
4.502282 0.257208 33.000000 5132.143590
4.522293 0.255133 33.000000 5163.846939
4.542303 0.258315 33.000000 5202.459184
4.562313 0.256307 33.000000 5236.156250
4.582323 0.256066 33.000000 5272.817259
4.602333 0.256119 33.000000 5307.708333
4.622343 0.254836 33.000000 5346.809045
4.642353 0.256530 33.000000 5383.045918
4.662364 0.255740 33.000000 5422.806122
4.682374 0.253996 33.000000 5462.854922
4.702384 0.257441 33.000000 5502.575758
4.722394 0.255266 33.000000 5544.901554
4.742404 0.256221 33.000000 5584.535000
4.762414 0.255489 33.000000 5630.533679
4.782424 0.253996 33.007143 5674.846939
4.802435 0.257242 33.011192 5719.481865
4.822445 0.255891 33.002234 5768.558376
4.842455 0.255298 33.000000 5813.904040
4.862465 0.254388 33.000000 5865.572165
4.882475 0.254929 33.000000 5917.613065
4.902485 0.255968 33.000000 5965.937173
4.922495 0.254833 33.000000 6021.269036
4.942506 0.253531 33.000000 6076.209184
4.962516 0.256787 33.000000 6134.964286
4.982526 0.255174 33.000000 6195.190722
5.002536 0.255666 33.000000 6252.582090
5.022546 0.255410 33.000000 6319.252632
5.042556 0.255059 33.000000 6386.139303
5.062567 0.257353 33.000000 6453.350785
5.082577 0.256588 33.000000 6522.546392
5.102587 0.255503 33.000000 6593.752525
5.122597 0.254928 33.000000 6673.892857
5.142607 0.256297 33.006359 6754.051282
5.162617 0.256355 33.003918 6833.943299
5.182627 0.255703 33.000000 6920.984694
5.202638 0.254760 33.000000 7008.537688
5.222648 0.258129 33.000000 7101.057292
5.242658 0.257150 33.000000 7191.661458
5.262668 0.256759 33.000000 7283.914141
5.282678 0.257402 33.002304 7383.141361
5.302688 0.256674 33.007879 7481.191919
5.322698 0.259329 33.000000 7582.626943
5.342709 0.258225 33.000000 7686.333333
5.362719 0.257582 33.000000 7789.497436
5.382729 0.257510 33.000000 7899.725389
5.402739 0.258667 33.000000 8006.208122
5.422749 0.258891 33.001458 8113.744792
5.442759 0.257970 33.008776 8225.647959
5.462769 0.256574 33.006359 8337.169231
5.482780 0.260214 33.004021 8445.412698
5.502790 0.259049 33.000000 8549.937173
5.522800 0.257800 33.000000 8656.031088
5.542810 0.258940 33.000000 8763.758974
5.562820 0.258183 33.002256 8870.482051
5.582830 0.260516 33.008211 8973.042105
5.602840 0.259758 33.000000 9074.170103
5.622851 0.258231 33.000000 9173.857895
5.642861 0.259785 33.000000 9270.635897
5.662871 0.260482 33.000000 9365.046875
5.682881 0.260717 33.010152 9457.436548
5.702891 0.259776 33.000000 9546.566845
5.722901 0.258367 33.000000 9633.164948
5.742911 0.262311 33.000000 9716.715026
5.762922 0.260381 33.000000 9796.884211
5.782932 0.259064 33.000000 9875.250000
5.802942 0.260262 33.016875 9951.546875
5.822952 0.259717 33.003979 10025.335079
5.842962 0.262046 33.000000 10093.931937
5.862972 0.260410 33.000000 10162.005208
5.882982 0.259417 33.000000 10230.104167
5.902993 0.261776 33.000000 10294.231579
5.923003 0.261627 33.000000 10356.673684
5.943013 0.262017 33.000000 10417.229167
5.963023 0.261435 33.000000 10477.169312
5.983033 0.261280 33.000000 10538.020408
6.003043 0.264689 33.000000 10594.015957
6.023053 0.263249 33.000000 10648.594737
6.043064 0.261955 33.010582 10701.746032
6.063074 0.264121 33.000000 10752.684211
6.083084 0.263540 33.000000 10804.174603
6.103094 0.265988 33.000000 10852.281250
6.123104 0.263944 33.000000 10897.074468
6.143114 0.262986 33.000000 10943.471204
6.163124 0.264695 33.000000 10988.915344
6.183135 0.263706 33.000000 11032.878947
6.203145 0.263647 33.000000 11073.989305
6.223155 0.263875 33.005208 11115.666667
6.243165 0.262924 33.005376 11159.989247
6.263175 0.265847 33.000000 11197.832461
