serial number: JANUSZ_2_RI80_21414857
torque: 16
start_temp: 24 (24)
finish_temp: 24 (25)
note: montaz na obrotach_PCB d23
0.000000 0.145919 24.000000 15611.946341
0.020010 0.141153 24.000000 15704.462617
0.040020 0.142761 24.000000 15793.516908
0.060030 0.145641 24.000000 15886.270531
0.080041 0.139321 24.000000 15981.237209
0.100051 0.145065 24.000000 16076.521531
0.120061 0.143344 24.000000 16171.564593
0.140071 0.141112 24.000000 16269.683962
0.160081 0.145387 24.000000 11090.882927
0.180091 0.139609 24.000000 79.207373
0.200101 0.144356 24.000000 174.371981
0.220112 0.144064 24.000000 269.795238
0.240122 0.140236 24.000000 365.422535
0.260132 0.146789 24.000000 457.539216
0.280142 0.142185 24.000000 549.439252
0.300152 0.143116 24.000000 637.492754
0.320162 0.144831 24.000000 725.427885
0.340172 0.139594 24.000000 813.944444
0.360183 0.145555 24.000000 895.724638
0.380193 0.143313 24.000000 979.307692
0.400203 0.141009 24.000000 1058.905213
0.420213 0.146085 24.000000 1136.252427
0.440223 0.139736 24.000000 1214.990741
0.460233 0.145134 24.000000 1286.155340
0.480243 0.144473 24.000000 1359.721154
0.500254 0.140088 24.000000 1432.688372
0.520264 0.145697 24.000000 1501.165854
0.540274 0.141239 24.000000 1571.671362
0.560284 0.142653 24.000000 1636.625000
0.580294 0.144443 24.000000 1703.165877
0.600304 0.139638 24.000000 1770.479070
0.620314 0.145586 24.000000 1830.946341
0.640325 0.143618 24.000000 1894.325243
0.660335 0.140695 24.000000 1955.580645
0.680345 0.145798 24.000000 2016.816425
0.700355 0.139715 24.000000 2078.301887
0.720365 0.144794 24.000000 2133.724638
0.740375 0.142812 24.000000 2193.198113
0.760385 0.139815 24.000000 2250.108491
0.780396 0.145697 24.000000 2303.419512
0.800406 0.141472 24.000000 2358.861111
0.820416 0.142741 24.000000 2409.543269
0.840426 0.143404 24.000000 2462.316038
0.860436 0.140265 24.000000 2513.330189
0.880446 0.146320 24.000000 2558.278049
0.900456 0.142880 24.000000 2607.889952
0.920467 0.140225 24.000000 2654.175926
0.940477 0.145245 24.000000 2697.570048
0.960487 0.140481 24.000000 2742.112676
0.980497 0.144659 24.000000 2781.733010
1.000507 0.141838 24.000000 2824.712264
1.020517 0.140016 24.000000 2864.478873
1.040528 0.145381 24.000000 2904.187500
1.060538 0.141525 24.000000 2944.915493
1.080548 0.142194 24.000000 2979.864734
1.100558 0.142698 24.000000 3021.861905
1.120568 0.140583 24.000000 3058.291667
1.140578 0.145668 24.000000 3094.219512
1.160588 0.142081 24.000000 3131.854460
1.180599 0.139917 24.000000 3165.948598
1.200609 0.143983 24.000000 3201.593301
1.220619 0.141091 24.000000 3234.841346
1.240629 0.144167 24.000000 3265.806604
1.260639 0.141540 24.000000 3299.819905
1.280649 0.141142 24.000000 3332.257009
1.300659 0.145850 24.000000 3361.077670
1.320670 0.142152 24.000000 3393.417062
1.340680 0.142150 24.000000 3419.483254
1.360690 0.142773 24.000000 3451.113744
1.380700 0.142143 24.000000 3477.441315
1.400710 0.146335 24.000000 3504.891089
1.420720 0.142584 24.000000 3529.723005
1.440730 0.141381 24.000000 3557.341935
1.460741 0.144242 24.000000 3583.223022
1.480751 0.141503 24.000000 3607.638298
1.500761 0.143216 24.000000 3636.200000
1.520771 0.141578 24.000000 3658.550000
1.540781 0.141515 24.000000 3691.471831
1.560791 0.146435 24.000000 3714.630435
1.580801 0.143046 24.000000 3747.956835
1.600812 0.142474 24.000000 3776.042857
1.620822 0.142820 24.000000 3810.899281
1.640832 0.142159 24.000000 3841.942446
1.660842 0.145824 24.000000 3874.128571
1.680852 0.141346 24.000000 3909.050360
1.700862 0.141203 24.000000 3946.152778
1.720872 0.145386 24.000000 3975.500000
1.740883 0.143227 24.000000 4013.704225
1.760893 0.143510 24.000000 4039.021739
1.780903 0.142831 24.000000 4080.464789
1.800913 0.142745 24.000000 4105.788321
1.820923 0.148005 24.000000 4141.532847
1.840933 0.144246 24.000000 4170.474820
1.860943 0.143804 24.000000 4206.769784
1.880954 0.145117 24.000000 4237.057971
1.900964 0.144947 24.000000 4274.833333
1.920974 0.147041 24.000000 4302.201493
1.940984 0.143802 24.000000 4345.985915
1.960994 0.142765 24.000000 4377.449275
1.981004 0.147640 24.000000 4416.882353
2.001014 0.144418 24.000000 4455.942857
2.021025 0.143562 24.000000 4487.737226
2.041035 0.144501 24.000000 4533.049645
2.061045 0.143709 24.000000 4562.101449
2.081055 0.149694 24.000000 4601.455224
2.101065 0.144059 24.000000 4632.330882
2.121075 0.144105 24.000000 4667.171429
2.141085 0.146602 24.000000 4697.350365
2.161096 0.145159 24.000000 4729.934307
2.181106 0.148109 24.000000 4753.462687
2.201116 0.145575 24.000000 4790.964286
2.221126 0.145174 24.000000 4814.000000
2.241136 0.150747 24.000000 4848.852941
2.261146 0.145573 24.000000 4876.301471
2.281156 0.145472 24.000000 4908.832117
2.301167 0.147969 24.000000 4941.651852
2.321177 0.146825 24.000000 4972.832117
2.341187 0.152651 24.000000 5005.000000
2.361197 0.147082 24.000000 5040.411765
2.381207 0.146360 24.000000 5072.220588
2.401217 0.151058 24.000000 5108.151515
2.421227 0.147848 24.000000 5141.610294
2.441238 0.149648 24.000000 5174.931818
2.461248 0.148293 24.000000 5213.303704
2.481258 0.147035 24.000000 5245.284672
2.501268 0.153127 24.000000 5282.757576
2.521278 0.147179 24.000000 5319.865672
2.541288 0.147776 24.000000 5353.194030
2.561298 0.152008 24.000000 5396.156716
2.581309 0.149255 24.000000 5429.348148
2.601319 0.154463 24.000000 5471.216000
2.621329 0.148800 24.000000 5513.095588
2.641339 0.150326 24.000000 5550.559701
2.661349 0.155623 24.000000 5597.015385
2.681359 0.151022 24.000000 5638.961832
2.701369 0.152632 24.000000 5683.123077
2.721380 0.152666 24.000000 5731.931818
2.741390 0.152364 24.000000 5776.037313
2.761400 0.158101 24.000000 5825.829268
2.781410 0.151510 24.000000 5875.067164
2.801420 0.151993 24.000000 5925.606061
2.821430 0.155525 24.000000 5980.166667
2.841440 0.153571 24.000000 6030.128788
2.861451 0.158043 24.000000 6086.547619
2.881461 0.154601 24.000000 6145.738462
2.901471 0.153746 24.000000 6201.825758
2.921481 0.158043 24.000000 6264.330645
2.941491 0.153152 24.000000 6322.307692
2.961501 0.154488 24.000000 6386.384615
2.981511 0.156384 24.000000 6455.953125
3.001522 0.154154 24.000000 6518.914729
3.021532 0.158683 24.000000 6591.309524
3.041542 0.152417 24.000000 6664.240602
3.061552 0.154578 24.000000 6738.296875
3.081562 0.158580 24.000000 6819.289062
3.101572 0.154934 24.000000 6894.210938
3.121583 0.157666 24.000000 6978.565891
3.141593 0.120632 24.000000 7056.945148
3.161603 0.150614 24.000000 7143.272727
3.181613 0.158638 24.000000 7236.873684
3.201623 0.154046 24.000000 7323.755102
3.221633 0.156463 24.000000 7416.264249
3.241643 0.158879 24.000000 7514.908108
3.261654 0.157494 24.000000 7604.093264
3.281664 0.159955 24.000000 7704.627660
3.301674 0.155626 24.000000 7803.188482
3.321684 0.158173 24.000000 7901.943005
3.341694 0.161562 24.000000 8006.278075
3.361704 0.157073 24.000000 8103.031746
3.381714 0.159515 24.000000 8202.845745
3.401725 0.158116 24.000000 8307.842105
3.421735 0.158946 24.000000 8404.768421
3.441745 0.162898 24.000000 8505.349462
3.461755 0.156677 24.000000 8604.200000
3.481765 0.159511 24.000000 8697.893048
3.501775 0.161787 24.000000 8800.432432
3.521785 0.159895 24.000000 8892.259259
3.541796 0.162118 24.000000 8984.808743
3.561806 0.158338 24.000000 9081.062500
3.581816 0.160821 24.000000 9168.631016
3.601826 0.163317 24.000000 9259.005464
3.621836 0.158913 24.000000 9344.492063
3.641846 0.162670 24.000000 9426.345745
3.661856 0.161946 24.000000 9512.939891
3.681867 0.161431 24.000000 9588.787234
3.701877 0.164012 24.000000 9663.949721
3.721887 0.158111 24.000000 9742.797927
3.741897 0.162133 24.000000 9812.572973
3.761907 0.163820 24.000000 9885.704918
3.781917 0.161008 24.000000 9952.797872
3.801927 0.162795 24.000000 10017.351648
3.821938 0.159428 24.000000 10087.319149
3.841948 0.162116 24.000000 10148.393617
3.861958 0.164590 24.000000 10212.303867
3.881968 0.158136 24.000000 10274.505263
3.901978 0.162635 24.000000 10332.816216
3.921988 0.162881 24.000000 10395.189189
3.941998 0.162198 24.000000 10451.124324
3.962009 0.165676 24.000000 10507.088889
3.982019 0.158247 24.000000 10563.598958
4.002029 0.163686 24.000000 10614.272222
4.022039 0.164726 24.000000 10666.655738
4.042049 0.161374 24.000000 10716.817204
4.062059 0.164905 24.000000 10763.868132
4.082069 0.160964 24.000000 10813.813830
4.102080 0.163748 24.000000 10859.696133
4.122090 0.165358 24.000000 10905.500000
4.142100 0.159570 24.000000 10950.005208
4.162110 0.166047 24.000000 10993.386364
4.182120 0.164181 24.000000 11041.795699
4.202130 0.162577 24.000000 11081.252688
4.222140 0.166087 24.000000 11124.747253
4.242151 0.158516 24.000000 11169.887701
4.262161 0.165596 24.000000 11208.372222
4.282171 0.163986 24.000000 11251.675824
4.302181 0.160572 24.000000 11292.723404
4.322191 0.164976 24.000000 11332.077348
4.342201 0.159952 24.000000 11373.433862
4.362211 0.164280 24.000000 11414.010989
4.382222 0.164467 24.000000 11452.190217
4.402232 0.157917 24.000000 11490.931579
4.422242 0.165700 24.000000 11529.572222
4.442252 0.161754 24.000000 11564.688172
4.462262 0.161447 24.000000 11603.010811
4.482272 0.164277 24.000000 11633.606557
4.502282 0.156684 24.000000 11672.437500
4.522293 0.164168 24.000000 11699.775956
4.542303 0.161116 24.000000 11736.342391
4.562313 0.158621 24.000000 11761.158730
4.582323 0.164131 24.000000 11794.415301
4.602333 0.158471 24.000000 11818.465969
4.622343 0.163519 24.002391 11850.396739
4.642353 0.162257 24.008478 11873.929348
4.662364 0.156774 24.000000 11901.473958
4.682374 0.164360 24.000000 11931.195652
4.702384 0.159352 24.000000 11956.718085
4.722394 0.159754 24.000000 11990.367568
4.742404 0.162002 24.000000 12016.984043
4.762414 0.155834 24.000000 12053.751295
4.782424 0.164010 24.000000 12086.125683
4.802435 0.158695 24.000000 12124.195767
4.822445 0.157687 24.000000 12160.742105
4.842455 0.162521 24.000000 12201.929730
4.862465 0.156294 24.000000 12238.221053
4.882475 0.161261 24.000000 12283.358289
4.902485 0.158905 24.000000 12323.909574
4.922495 0.155079 24.000000 12362.252577
4.942506 0.161506 24.000000 12407.393617
4.962516 0.156491 24.000000 12446.281915
4.982526 0.156882 24.000000 12484.520833
5.002536 0.158106 24.000000 12525.941489
5.022546 0.153817 24.000000 12558.653266
5.042556 0.160844 24.000000 12597.766304
5.062567 0.155227 24.000000 12628.500000
5.082577 0.154982 24.000000 12658.948718
5.102587 0.158680 24.000000 12691.931217
5.122597 0.153923 24.000000 12711.758974
5.142607 0.158878 24.000000 12742.962567
5.162617 0.155731 24.000000 12765.541237
5.182627 0.154395 24.000000 12781.595855
5.202638 0.159062 24.000000 12809.321244
5.222648 0.154479 24.000000 12830.963542
5.242658 0.155491 24.000000 12848.010363
5.262668 0.154754 24.000000 12876.923469
5.282678 0.151756 24.000000 12897.046154
5.302688 0.156734 24.000000 12918.774359
5.322698 0.151341 24.000000 12952.137755
5.342709 0.153076 24.000000 12972.365482
5.362719 0.154610 24.000000 13006.658163
5.382729 0.151412 24.000000 13031.265306
5.402739 0.154495 24.000000 13069.402062
5.422749 0.150298 24.000000 13097.000000
5.442759 0.151570 24.000000 13134.688442
5.462769 0.152767 24.000000 13164.716495
5.482780 0.149318 24.000000 13206.490099
5.502790 0.151987 24.000000 13240.454082
5.522800 0.150019 24.000000 13279.653266
5.542810 0.150004 24.000000 13318.218905
5.562820 0.153725 24.000000 13357.484848
5.582830 0.148043 24.000000 13401.844221
5.602840 0.151705 24.000000 13443.690000
5.622851 0.151285 24.000000 13486.842640
5.642861 0.149049 24.000000 13531.000000
5.662871 0.152426 24.000000 13580.621212
5.682881 0.147202 24.000000 13627.049751
5.702891 0.150029 24.000000 13672.950249
5.722901 0.150261 24.000000 13721.733668
5.742911 0.146838 24.000000 13773.286408
5.762922 0.150132 24.000000 13825.899497
5.782932 0.146536 24.000000 13877.839024
5.802942 0.147465 24.000000 13928.487685
5.822952 0.150313 24.000000 13984.135000
5.842962 0.144798 24.000000 14039.927536
5.862972 0.148524 24.000000 14095.638191
5.882982 0.147039 24.000000 14153.102439
5.902993 0.145436 24.000000 14209.043269
5.923003 0.148927 24.000000 14269.195000
5.943013 0.144050 24.000000 14327.961538
5.963023 0.148459 24.000000 14388.385366
5.983033 0.148034 24.005025 14450.939698
6.003043 0.144029 24.000000 14514.838095
6.023053 0.148144 24.000000 14580.098522
6.043064 0.144167 24.000000 14647.461538
6.063074 0.145626 24.000000 14713.897561
6.083084 0.148695 24.000000 14786.009852
6.103094 0.142399 24.000000 14859.220096
6.123104 0.146913 24.000000 14934.170732
6.143114 0.145756 24.000000 15013.777778
6.163124 0.143887 24.000000 15093.076923
6.183135 0.147636 24.000000 15176.524272
6.203145 0.141354 24.000000 15260.799043
6.223155 0.146089 24.000000 15345.092233
6.243165 0.145377 24.000000 15433.500000
6.263175 0.140998 24.000000 15522.495327
