serial number: JANUSZ_2_RI80_21414857
torque: 16
start_temp: 22 (22)
finish_temp: 22 (23)
note: z janusza 2, os 0
0.000000 0.214624 21.953155 4938.005348
0.020010 0.208583 21.974180 4967.825397
0.040020 0.211927 21.945745 5000.702128
0.060030 0.214591 21.966383 5025.872340
0.080041 0.206861 21.962280 5064.839378
0.100051 0.213604 21.950374 5090.224599
0.120061 0.210897 21.966073 5128.591623
0.140071 0.210663 21.961693 5160.719577
0.160081 0.214548 21.956364 5195.379679
0.180091 0.207665 21.940105 5233.062827
0.200101 0.214180 21.964920 5268.026738
0.220112 0.213566 21.969947 5307.201058
0.240122 0.207910 21.966632 5349.196891
0.260132 0.213456 21.954652 5388.641711
0.280142 0.208682 21.984375 5434.390625
0.300152 0.211949 21.977968 5479.112299
0.320162 0.214255 21.975401 5523.283422
0.340172 0.207437 21.955464 5576.819588
0.360183 0.214465 21.956957 5625.005435
0.380193 0.210755 21.971875 5680.244792
0.400203 0.210084 21.961474 5737.778947
0.420213 0.213892 21.953797 5792.983957
0.440223 0.207991 21.957143 5859.418367
0.460233 0.213905 21.969836 5922.174863
0.480243 0.212678 21.970105 5989.863158
0.500254 0.207311 21.967749 6062.036649
0.520264 0.213570 21.964233 6135.793651
0.540274 0.209582 21.964656 6218.000000
0.560284 0.211534 21.967619 6297.973545
0.580294 0.213488 21.976383 6385.047872
0.600304 0.208249 21.970777 6477.704663
0.620314 0.214935 21.967957 6570.510753
0.640325 0.210820 21.950476 6671.455026
0.660335 0.210447 21.959577 6772.111111
0.680345 0.214192 21.969895 6880.663158
0.700355 0.209960 21.960833 6997.635417
0.720365 0.214840 21.953443 7111.890710
0.740375 0.213741 21.952688 7234.182796
0.760385 0.208773 21.964352 7362.621762
0.780396 0.214426 21.963636 7494.385027
0.800406 0.212084 21.949841 7634.285714
0.820416 0.212888 21.969247 7770.865591
0.840426 0.214132 21.958316 7916.463158
0.860436 0.209742 21.969843 8066.246073
0.880446 0.216390 21.977609 8212.054348
0.900456 0.212863 21.970000 8362.718085
0.920467 0.212473 21.954921 8512.058201
0.940477 0.215560 21.952865 8659.508108
0.960487 0.212395 21.957249 8805.761905
0.980497 0.215503 21.974270 8947.486486
1.000507 0.215079 21.972340 9087.462766
1.020517 0.210463 21.943191 9223.627660
1.040528 0.215822 21.977081 9355.270270
1.060538 0.213571 21.960421 9483.278947
1.080548 0.213543 21.940870 9604.201087
1.100558 0.215629 21.972128 9722.095745
1.120568 0.212042 21.975401 9834.363636
1.140578 0.218587 21.994317 9939.961749
1.160588 0.214637 21.970481 10041.085561
1.180599 0.213515 21.977326 10136.524064
1.200609 0.217062 21.970162 10229.410811
1.220619 0.214186 21.961489 10315.797872
1.240629 0.216477 21.950110 10398.604396
1.260639 0.216419 21.972609 10477.603261
1.280649 0.212432 21.971064 10553.148936
1.300659 0.218421 21.926919 10627.086486
1.320670 0.215961 21.974054 10696.621622
1.340680 0.214970 21.993369 10763.716578
1.360690 0.217495 21.997596 10829.316940
1.380700 0.214076 21.980963 10891.342246
1.400710 0.219226 21.964153 10950.540984
1.420720 0.215956 21.970435 11006.048913
1.440730 0.213752 21.989305 11062.192513
1.460741 0.218897 21.968696 11114.347826
1.480751 0.216488 21.963892 11165.378378
1.500761 0.218392 21.968177 11214.176796
1.520771 0.218365 21.966054 11257.443243
1.540781 0.214746 21.958085 11303.691489
1.560791 0.220176 21.939887 11344.983051
1.580801 0.217732 21.966022 11384.209677
1.600812 0.216599 21.964946 11424.252688
1.620822 0.219652 21.969556 11460.694444
1.640832 0.216990 21.959785 11498.612903
1.660842 0.220928 21.953073 11531.754190
1.680852 0.218196 21.969783 11566.869565
1.700862 0.216578 21.956522 11598.967391
1.720872 0.222304 21.932967 11634.192308
1.740883 0.219577 21.971585 11662.792350
1.760893 0.220828 21.982889 11698.488889
1.780903 0.220355 21.972747 11723.818681
1.800913 0.218273 21.951160 11758.585635
1.820923 0.222378 21.949290 11783.584699
1.840933 0.219224 21.963978 11812.408840
1.860943 0.218604 21.973407 11840.362637
1.880954 0.221080 21.960879 11863.692308
1.900964 0.218753 21.964372 11891.601093
1.920974 0.221657 21.943240 11914.279330
1.940984 0.218982 21.985514 11937.200000
1.960994 0.218111 21.988197 11963.934426
1.981004 0.222388 21.998202 11984.247191
2.001014 0.219054 21.978925 12007.758065
2.021025 0.220950 21.968492 12031.508380
2.041035 0.220950 21.956044 12050.230769
2.061045 0.220119 21.962637 12072.835165
2.081055 0.223578 21.966102 12093.706215
2.101065 0.219644 21.973043 12111.945652
2.121075 0.218892 21.957790 12131.939227
2.141085 0.221622 21.981657 12152.486188
2.161096 0.219899 21.967253 12172.736264
2.181106 0.222942 21.992849 12189.631285
2.201116 0.219840 21.952787 12210.251366
2.221126 0.220599 21.957333 12233.094444
2.241136 0.224899 21.986889 12249.272222
2.261146 0.222230 21.968045 12271.486034
2.281156 0.223084 21.972584 12293.494382
2.301167 0.221517 21.971803 12310.224044
2.321177 0.222858 21.952179 12332.553073
2.341187 0.225117 21.961573 12352.477528
2.361197 0.220855 21.983736 12369.489011
2.381207 0.222319 21.989888 12388.073034
2.401217 0.224204 21.974365 12408.149171
2.421227 0.222313 21.975912 12427.215470
2.441238 0.224616 21.991364 12441.113636
2.461248 0.220416 21.941099 12460.527473
2.481258 0.222254 21.980225 12483.786517
2.501268 0.224318 21.965027 12498.098361
2.521278 0.221232 21.955506 12517.337079
2.541288 0.222491 21.959101 12540.533708
2.561298 0.220802 21.962198 12557.862637
2.581309 0.222282 21.974302 12575.251397
2.601319 0.223116 21.964444 12596.327778
2.621329 0.219446 21.964130 12617.456522
2.641339 0.221218 21.956685 12632.408840
2.661349 0.222599 21.979441 12652.396648
2.681359 0.221070 21.968791 12676.494505
2.701369 0.221877 21.973923 12689.966851
2.721380 0.219114 21.971111 12707.327778
2.741390 0.222151 21.974725 12734.065934
2.761400 0.222788 21.981333 12749.572222
2.781410 0.219925 21.952928 12766.237569
2.801420 0.221986 21.982444 12790.566667
2.821430 0.219949 21.952928 12810.546961
2.841440 0.222732 21.976089 12826.709497
2.861451 0.221936 21.978901 12847.978022
2.881461 0.218896 21.991694 12871.726776
2.901471 0.221837 21.984972 12888.110497
2.921481 0.222855 21.959106 12910.256983
2.941491 0.220949 21.969061 12934.950276
2.961501 0.221539 21.977680 12951.906077
2.981511 0.219455 21.971050 12976.972376
3.001522 0.221896 21.972903 13001.618280
3.021532 0.222635 21.975771 13022.834286
3.041542 0.220673 21.976044 13048.972527
3.061552 0.222607 21.967821 13072.379888
3.081562 0.220264 21.978122 13098.585635
3.101572 0.222506 21.977877 13123.497207
3.121583 0.221840 21.983388 13150.251366
3.141593 0.219554 21.976831 13175.765027
3.161603 0.222808 21.965778 13207.122222
3.181613 0.223192 21.971910 13233.016854
3.201623 0.221653 21.957778 13263.561111
3.221633 0.221679 21.975419 13292.977654
3.241643 0.220749 21.981538 13322.263736
3.261654 0.223216 21.984309 13357.430939
3.281664 0.222899 21.988827 13385.955307
3.301674 0.219488 21.966374 13423.225275
3.321684 0.221694 21.981215 13457.044199
3.341694 0.219957 21.989451 13494.318681
3.361704 0.221310 21.971333 13533.700000
3.381714 0.221204 21.928177 13570.950276
3.401725 0.218302 21.977901 13614.121547
3.421735 0.222042 21.943297 13657.543956
3.441745 0.222141 21.960884 13701.723757
3.461755 0.219918 21.973039 13750.944751
3.481765 0.219912 21.969231 13797.164835
3.501775 0.218752 21.945297 13849.637838
3.521785 0.220800 21.989497 13904.307263
3.541796 0.220062 21.944565 13956.489130
3.561806 0.216558 21.967253 14017.208791
3.581816 0.220004 21.953224 14077.584699
3.601826 0.218021 21.976575 14139.950276
3.621836 0.218585 21.966452 14209.553763
3.641846 0.218622 21.962235 14275.620112
3.661856 0.216544 21.957849 14351.645161
3.681867 0.220421 21.987473 14430.835165
3.701877 0.219147 21.995824 14508.582418
3.721887 0.216363 21.958710 14597.510753
3.741897 0.217972 21.969670 14684.027473
3.761907 0.216754 21.965989 14778.598930
3.781917 0.219449 21.963716 14880.147541
3.801927 0.218798 21.970330 14978.296703
3.821938 0.215281 21.989091 15091.219251
3.841948 0.219822 21.989050 15204.703911
3.861958 0.217493 21.982553 15321.760638
3.881968 0.217430 21.967735 15450.685083
3.901978 0.217653 21.982391 15573.641304
3.921988 0.215026 21.970267 15713.101604
3.941998 0.220212 21.964246 15851.312849
3.962009 0.218132 21.974270 15987.518919
3.982019 0.216255 21.972324 16138.513514
4.002029 0.218204 21.973923 16281.314917
4.022039 0.215798 21.972555 3515.700730
4.042049 0.217965 21.983768 197.550725
4.062059 0.217200 21.980144 339.258993
4.082069 0.214409 21.966331 491.697842
4.102080 0.220338 21.967647 632.470588
4.122090 0.216470 21.976978 770.784173
4.142100 0.216216 21.976691 913.035971
4.162110 0.217520 21.954493 1039.275362
4.182120 0.215220 21.967770 1173.741007
4.202130 0.219817 21.980146 1298.094891
4.222140 0.216350 21.991655 1413.949640
4.242151 0.215416 21.981739 1534.760870
4.262161 0.218549 21.937681 1642.181159
4.282171 0.215402 21.959433 1750.687943
4.302181 0.217790 21.970803 1854.671533
4.322191 0.215681 21.963453 1946.316547
4.342201 0.213340 21.964539 2044.035461
4.362211 0.218563 21.968345 2130.820144
4.382222 0.213673 21.949928 2213.107914
4.402232 0.213987 21.968406 2294.260870
4.422242 0.214885 21.966809 2364.907801
4.442252 0.213137 21.975385 2439.867133
4.462262 0.217911 21.987059 2507.779412
4.482272 0.213099 21.956000 2569.442857
4.502282 0.213529 21.954043 2635.226950
4.522293 0.216870 21.973237 2691.805755
4.542303 0.213288 21.966906 2749.122302
4.562313 0.215952 21.973525 2804.762590
4.582323 0.173211 21.968077 2879.802885
4.602333 0.199594 21.922073 2924.937824
4.622343 0.218525 21.957681 2955.884058
4.642353 0.207445 21.955955 3003.719101
4.662364 0.210404 21.957906 3049.439791
4.682374 0.213042 21.939140 3089.134409
4.702384 0.211876 21.954921 3132.857143
4.722394 0.217776 21.965189 3172.140541
4.742404 0.212320 21.970213 3207.021277
4.762414 0.213968 21.959153 3247.047619
4.782424 0.216276 21.936703 3278.010989
4.802435 0.211554 21.953053 3313.484211
4.822445 0.215362 21.972834 3346.604278
4.842455 0.213155 21.968172 3376.370968
4.862465 0.212922 21.974105 3408.831579
4.882475 0.217562 21.981202 3437.748634
4.902485 0.212698 21.968085 3465.319149
4.922495 0.214730 21.961070 3496.048128
4.942506 0.215046 21.950217 3519.103261
4.962516 0.213507 21.946596 3547.345745
4.982526 0.218025 21.976432 3572.729730
5.002536 0.211380 21.979158 3595.352632
5.022546 0.214411 21.963617 3622.664894
5.042556 0.216642 21.958470 3643.934426
5.062567 0.212512 21.980952 3665.878307
5.082577 0.215603 21.968216 3691.643243
5.102587 0.212222 21.967487 3711.085561
5.122597 0.212307 21.961885 3732.973822
5.142607 0.216017 21.954130 3757.402174
5.162617 0.210768 21.939471 3777.333333
5.182627 0.213441 21.954043 3798.265957
5.202638 0.213900 21.954162 3821.378378
5.222648 0.211554 21.978316 3841.126316
5.242658 0.216445 21.952688 3859.763441
5.262668 0.209770 21.973542 3884.177083
5.282678 0.212695 21.962796 3902.849462
5.302688 0.216035 21.961277 3918.058511
5.322698 0.210485 21.965532 3943.090426
5.342709 0.214464 21.971613 3961.967742
5.362719 0.212393 21.987368 3975.052632
5.382729 0.211781 21.970159 3997.497354
5.402739 0.216525 21.972108 4018.481081
5.422749 0.210242 21.960213 4033.265957
5.442759 0.213134 21.982553 4050.287234
5.462769 0.214429 21.975269 4070.962366
5.482780 0.210405 21.967958 4090.178010
5.502790 0.216259 21.959351 4102.664865
5.522800 0.210382 21.970737 4121.663158
5.542810 0.213287 21.952766 4144.223404
5.562820 0.215702 21.931398 4158.134409
5.582830 0.208856 21.945000 4173.177083
5.602840 0.213225 21.945397 4194.444444
5.622851 0.211783 21.949091 4213.951872
5.642861 0.210841 21.944550 4228.846561
5.662871 0.215180 21.939355 4244.989247
5.682881 0.208719 21.966042 4268.791667
5.702891 0.212859 21.972340 4285.462766
5.722901 0.214412 21.962553 4298.202128
5.742911 0.209535 21.955957 4318.515957
5.762922 0.215061 21.942032 4337.561497
5.782932 0.208279 21.964188 4352.078534
5.802942 0.211869 21.954286 4366.751323
5.822952 0.215614 21.962947 4386.326316
5.842962 0.207742 21.905550 4407.460733
5.862972 0.213207 21.941739 4421.483696
5.882982 0.211285 21.958750 4442.968750
5.902993 0.209232 21.960417 4468.770833
5.923003 0.214069 21.959144 4485.262032
5.943013 0.206496 21.989637 4512.834197
5.963023 0.211124 21.963560 4537.041885
5.983033 0.212882 21.955699 4556.672043
6.003043 0.207098 21.968454 4586.783505
6.023053 0.213052 21.978610 4606.657754
6.043064 0.206973 21.970256 4632.153846
6.063074 0.210728 21.961070 4658.898396
6.083084 0.214054 21.954105 4677.836842
6.103094 0.206361 21.965596 4706.455959
6.123104 0.212505 21.954839 4728.666667
6.143114 0.210604 21.964124 4750.855670
6.163124 0.209594 21.997906 4779.528796
6.183135 0.214433 21.946378 4800.854054
6.203145 0.207018 21.928497 4828.523316
6.223155 0.212911 21.964233 4855.507937
6.243165 0.213470 21.960426 4880.515957
6.263175 0.207763 21.955026 4911.119171
