serial number: JANUSZ_2_RI80_21414857
torque: 16
start_temp: 23 (23)
finish_temp: 23 (23)
note: montaz na obrotach_PCB d11
0.000000 0.139113 22.952186 4093.874419
0.020010 0.145634 22.950485 4123.281553
0.040020 0.141995 22.953396 4157.867925
0.060030 0.142351 22.948269 4187.951923
0.080041 0.145897 22.959043 4219.411483
0.100051 0.138315 22.917604 4250.926267
0.120061 0.144311 22.927923 4282.173913
0.140071 0.142243 22.938113 4312.245283
0.160081 0.139344 22.968302 4346.391509
0.180091 0.144492 22.954476 4374.471429
0.200101 0.138741 22.955721 4411.134884
0.220112 0.142479 22.954313 4441.919431
0.240122 0.142777 22.930095 4476.614286
0.260132 0.136933 22.928545 4513.531818
0.280142 0.143391 22.939808 4546.365385
0.300152 0.139083 22.951743 4585.940367
0.320162 0.139866 22.909953 4620.409302
0.340172 0.143329 22.936505 4655.402913
0.360183 0.136811 22.936471 4691.628959
0.380193 0.142707 22.934163 4724.196172
0.400203 0.140052 22.963163 4756.353488
0.420213 0.137493 22.950642 4789.834862
0.440223 0.143042 22.952762 4815.809524
0.460233 0.137081 22.955413 4849.811927
0.480243 0.141247 22.965660 4875.047170
0.500254 0.140482 22.952627 4903.640553
0.520264 0.135518 22.940091 4934.625571
0.540274 0.141825 22.956056 4958.267606
0.560284 0.136818 22.956000 4991.077273
0.580294 0.137761 22.928991 5017.995413
0.600304 0.141624 22.925687 5046.905213
0.620314 0.135543 22.928950 5078.748858
0.640325 0.139707 22.926909 5106.204545
0.660335 0.137087 22.955185 5139.032407
0.680345 0.134754 22.948182 5172.022727
0.700355 0.140110 22.934512 5200.944186
0.720365 0.134307 22.953153 5237.108108
0.740375 0.138566 22.924037 5265.807339
0.760385 0.137377 22.916697 5298.766055
0.780396 0.133712 22.932915 5334.013453
0.800406 0.139387 22.937982 5365.403670
0.820416 0.134909 22.982523 5401.265766
0.840426 0.136173 22.947091 5437.009091
0.860436 0.139759 22.970329 5468.549296
0.880446 0.133803 22.908673 5510.123894
0.900456 0.137702 22.947945 5542.675799
0.920467 0.135427 22.980822 5582.675799
0.940477 0.133881 22.963717 5622.384956
0.960487 0.139898 22.958131 5658.032710
0.980497 0.134295 22.932197 5701.358744
1.000507 0.138045 22.965346 5740.451613
1.020517 0.136458 22.949224 5783.703196
1.040528 0.133972 22.918053 5829.075221
1.060538 0.139173 22.968186 5870.213953
1.080548 0.135097 22.972018 5917.721973
1.100558 0.135359 22.942342 5962.653153
1.120568 0.138906 22.967664 6008.640187
1.140578 0.133818 22.958750 6060.526786
1.160588 0.138244 22.946359 6108.147465
1.180599 0.135962 22.961086 6162.099548
1.200609 0.133612 22.949643 6218.540179
1.220619 0.140345 22.969815 6271.750000
1.240629 0.134959 22.962569 6332.688073
1.260639 0.137547 22.942364 6390.345455
1.280649 0.136808 22.943744 6455.073059
1.300659 0.134620 22.952857 6523.839286
1.320670 0.140697 22.967273 6588.607656
1.340680 0.135624 22.960721 6661.986486
1.360690 0.135480 22.962581 6735.737327
1.380700 0.139888 22.981567 6811.635945
1.400710 0.134468 22.941333 6894.955556
1.420720 0.139233 22.952372 6974.120930
1.440730 0.135925 22.883091 7060.127273
1.460741 0.134462 22.986964 7151.558036
1.480751 0.141437 22.971080 7239.305164
1.500761 0.135146 22.909189 7334.702703
1.520771 0.138728 22.968930 7429.288372
1.540781 0.137117 22.942202 7527.834862
1.560791 0.135217 22.949369 7631.099099
1.580801 0.141050 22.903738 7729.742991
1.600812 0.135274 22.958727 7838.050000
1.620822 0.136011 22.947818 7948.045455
1.640832 0.140781 22.965421 8057.406542
1.660842 0.135391 22.950950 8169.583710
1.680852 0.139584 22.959442 8278.916279
1.700862 0.135936 22.938824 8392.778281
1.720872 0.136521 22.956923 8509.072398
1.740883 0.142395 22.947368 8617.248804
1.760893 0.135980 22.958559 8726.418919
1.780903 0.139528 22.922430 8837.037383
1.800913 0.138159 22.924954 8945.059633
1.820923 0.136692 22.972535 9053.488479
1.840933 0.142353 22.946291 9155.079812
1.860943 0.135558 22.935023 9256.230769
1.880954 0.137106 22.936147 9360.830275
1.900964 0.141073 22.939155 9454.798122
1.920974 0.136373 22.927207 9550.662162
1.940984 0.139936 22.957746 9641.901408
1.960994 0.135651 22.972670 9728.687783
1.981004 0.137885 22.969302 9819.274419
2.001014 0.143715 22.974286 9896.919048
2.021025 0.136966 22.937557 9976.606335
2.041035 0.140298 22.919245 10057.382075
2.061045 0.138903 22.955514 10127.313084
2.081055 0.138015 22.943379 10202.136986
2.101065 0.143066 22.975545 10270.037915
2.121075 0.136645 22.968624 10335.311927
2.141085 0.138973 22.949444 10403.879630
2.161096 0.141191 22.916837 10463.813953
2.181106 0.138205 22.946667 10525.361502
2.201116 0.141524 22.945234 10585.135514
2.221126 0.137728 22.942698 10641.083721
2.241136 0.139719 22.933578 10700.995413
2.261146 0.144444 22.949515 10753.053398
2.281156 0.138496 22.949174 10805.729358
2.301167 0.141254 22.933208 10859.476415
2.321177 0.140744 22.945981 10905.523364
2.341187 0.139698 22.975741 10955.782407
2.361197 0.142130 22.958012 10999.540373
2.381207 0.136911 22.930759 11044.579310
2.401217 0.140155 22.946853 11091.860140
2.421227 0.142344 22.934648 11133.211268
2.441238 0.139360 22.927552 11177.062937
2.461248 0.141301 22.939007 11218.829787
2.481258 0.139171 22.929167 11259.062500
2.501268 0.140453 22.937746 11303.718310
2.521278 0.144820 22.938129 11340.359712
2.541288 0.139020 22.936901 11379.901408
2.561298 0.140179 22.955034 11422.372414
2.581309 0.142866 22.938551 11457.311594
2.601319 0.141154 22.952778 11497.986111
2.621329 0.143710 22.921739 11534.449275
2.641339 0.139626 22.939860 11570.013986
2.661349 0.140780 22.933239 11609.063380
2.681359 0.144402 22.968921 11640.179856
2.701369 0.142018 22.923404 11675.567376
2.721380 0.142666 22.939143 11706.714286
2.741390 0.142497 22.935143 11734.471429
2.761400 0.141574 22.958865 11768.333333
2.781410 0.146601 22.948613 11796.824818
2.801420 0.142030 22.911429 11827.364286
2.821430 0.143337 22.964539 11858.851064
2.841440 0.146832 22.963556 11888.466667
2.861451 0.142906 22.917163 11922.978723
2.881461 0.144932 22.967007 11945.883212
2.901471 0.143361 22.959143 11971.335714
2.921481 0.144575 22.963188 11997.094203
2.941491 0.148037 22.963824 12021.433824
2.961501 0.144745 22.953333 12042.355072
2.981511 0.145004 22.947826 12069.601449
3.001522 0.146115 22.973723 12094.189781
3.021532 0.143962 22.952000 12123.842857
3.041542 0.149159 22.903459 12147.857143
3.061552 0.144619 22.967482 12182.517986
3.081562 0.144775 22.946957 12213.130435
3.101572 0.149422 22.921791 12245.985075
3.121583 0.143895 22.978417 12282.258993
3.141593 0.146408 22.948905 12315.576642
3.161603 0.146583 22.933926 12353.192593
3.181613 0.146083 22.938993 12391.820144
3.201623 0.150353 22.948397 12424.221374
3.221633 0.145636 22.965180 12466.489209
3.241643 0.146057 22.942222 12498.237037
3.261654 0.149622 22.933824 12537.683824
3.281664 0.146304 22.936642 12571.489051
3.301674 0.151288 22.942857 12605.744361
3.321684 0.145638 22.928175 12638.824818
3.341694 0.147542 22.913778 12669.355556
3.361704 0.151961 22.910229 12694.641221
3.381714 0.146866 22.898824 12725.544118
3.401725 0.150406 22.978647 12745.225564
3.421735 0.149236 22.966269 12769.529851
3.441745 0.148394 22.918507 12787.082090
3.461755 0.152265 22.940606 12808.030303
3.481765 0.147491 22.981926 12828.237037
3.501775 0.149971 22.936970 12839.590909
3.521785 0.151598 22.907164 12861.037313
3.541796 0.146869 22.966866 12881.716418
3.561806 0.151303 22.918182 12896.371212
3.581816 0.147705 22.932941 12919.191176
3.601826 0.150798 22.906364 12938.393939
3.621836 0.154189 22.961240 12960.279070
3.641846 0.147682 22.945693 12987.583942
3.661856 0.151382 22.909618 13006.587786
3.681867 0.150113 22.913185 13039.451852
3.701877 0.150259 22.984361 13063.195489
3.721887 0.154356 22.890853 13093.178295
3.741897 0.149036 22.926519 13124.170370
3.761907 0.153006 22.959070 13152.457364
3.781917 0.153123 22.946260 13182.984733
3.801927 0.149184 22.970303 13210.045455
3.821938 0.154466 22.944000 13243.376923
3.841948 0.149622 22.920000 13282.451852
3.861958 0.152904 22.957538 13314.546154
3.881968 0.153797 22.962748 13357.801527
3.901978 0.148985 22.961185 13398.066667
3.921988 0.154419 22.909375 13440.421875
3.941998 0.152612 22.925152 13480.590909
3.962009 0.153182 22.913231 13522.207692
3.982019 0.154849 22.943125 13567.203125
4.002029 0.149731 22.946866 13610.977612
4.022039 0.154953 22.898154 13652.900000
4.042049 0.155515 22.898295 13703.201550
4.062059 0.152389 22.918473 13749.450382
4.082069 0.156519 22.952441 13794.637795
4.102080 0.153164 22.946462 13848.607692
4.122090 0.155965 22.939535 13896.945736
4.142100 0.157040 22.940938 13949.468750
4.162110 0.153337 22.949538 14004.623077
4.182120 0.158999 22.973760 14056.448000
4.202130 0.156518 22.958450 14116.674419
4.222140 0.156175 22.944567 14172.110236
4.242151 0.158111 22.973333 14229.579365
4.262161 0.154679 22.964308 14294.646154
4.282171 0.161273 22.959032 14353.266129
4.302181 0.158769 22.927874 14421.496063
4.322191 0.154651 22.929449 14488.314961
4.342201 0.160614 22.900787 14555.692913
4.362211 0.158008 22.920630 14633.803150
4.382222 0.160363 22.930081 14704.121951
4.402232 0.160168 22.953548 14783.645161
4.422242 0.155877 22.955385 14869.146154
4.442252 0.161770 22.969431 14949.577236
4.462262 0.157782 22.945000 15043.812500
4.482272 0.157617 22.908800 15132.616000
4.502282 0.161129 22.966032 15227.293651
4.522293 0.157421 22.946667 15331.317460
4.542303 0.161993 22.923252 15424.804878
4.562313 0.159175 22.955520 15531.696000
4.582323 0.156347 22.904688 15637.414062
4.602333 0.161833 22.899683 15741.119048
4.622343 0.158383 22.942222 15857.388889
4.642353 0.159173 22.962581 15960.120968
4.662364 0.159756 22.978730 16075.396825
4.682374 0.155457 22.972093 16193.558140
4.702384 0.163334 22.934754 16300.991803
4.722394 0.158761 22.957143 2898.492063
4.742404 0.125704 22.963897 244.066667
4.762414 0.156179 22.922302 286.920863
4.782424 0.155712 22.968923 380.784615
4.802435 0.152219 22.937278 490.887574
4.822445 0.150995 22.986465 597.595960
4.842455 0.152266 22.952690 707.406091
4.862465 0.157642 22.978624 807.005291
4.882475 0.153449 22.957755 915.234694
4.902485 0.154809 22.960000 1009.729592
4.922495 0.154583 22.961649 1106.932990
4.942506 0.150496 22.978200 1203.995000
4.962516 0.158187 22.949474 1286.889474
4.982526 0.152723 22.946939 1377.387755
5.002536 0.151924 22.963216 1459.402010
5.022546 0.155001 22.970833 1536.989583
5.042556 0.150908 22.975600 1619.170000
5.062567 0.155991 22.959355 1688.618280
5.082577 0.152110 22.970854 1763.643216
5.102587 0.149824 22.969045 1836.075377
5.122597 0.154495 22.967385 1900.784615
5.142607 0.150542 22.982424 1971.737374
5.162617 0.152161 22.988980 2033.061224
5.182627 0.152301 22.986533 2096.432161
5.202638 0.148666 22.979200 2161.310000
5.222648 0.155235 22.950515 2217.149485
5.242658 0.149853 22.974925 2278.646766
5.262668 0.149416 22.973200 2335.965000
5.282678 0.152910 22.989347 2390.804020
5.302688 0.148604 22.942513 2449.105528
5.322698 0.153863 22.927310 2499.796954
5.342709 0.149123 22.933800 2552.855000
5.362719 0.147850 22.954341 2605.746341
5.382729 0.152904 22.933198 2652.751269
5.402739 0.148254 22.960792 2703.059406
5.422749 0.149983 22.975306 2748.142857
5.442759 0.149230 22.968000 2793.004878
5.462769 0.146985 22.951176 2839.524510
5.482780 0.153272 22.955510 2879.637755
5.502790 0.146581 22.923865 2922.599034
5.522800 0.147318 22.957400 2962.565000
5.542810 0.149966 22.949754 2999.842365
5.562820 0.146743 22.932217 3040.758621
5.582830 0.152009 22.963434 3074.277778
5.602840 0.146631 22.928235 3112.397059
5.622851 0.146878 22.926078 3147.544118
5.642861 0.150125 22.917413 3182.029851
5.662871 0.145764 22.961561 3216.756098
5.682881 0.148955 22.948657 3249.865672
5.702891 0.147371 22.958829 3283.214634
5.722901 0.145929 22.966244 3317.112195
5.742911 0.151490 22.981523 3348.121827
5.762922 0.144726 22.979336 3380.270142
5.782932 0.147897 22.962772 3410.658416
5.802942 0.148265 22.902660 3441.625616
5.822952 0.145078 22.947961 3470.150485
5.842962 0.150252 22.974070 3499.633166
5.862972 0.143814 22.980190 3526.338095
5.882982 0.147157 22.976119 3555.313433
5.902993 0.148161 22.979903 3582.082126
5.923003 0.143959 22.976505 3607.737864
5.943013 0.147985 22.951569 3634.872549
5.963023 0.144273 22.958086 3657.296651
5.983033 0.145701 22.936585 3684.043902
6.003043 0.148795 22.959409 3707.571429
6.023053 0.141807 22.969905 3728.423810
6.043064 0.146654 22.938551 3754.801932
6.063074 0.144017 22.936731 3776.908654
6.083084 0.143745 22.938732 3799.678049
6.103094 0.147873 22.956893 3826.349515
6.123104 0.140179 22.923654 3849.370192
6.143114 0.145249 22.936699 3878.135922
6.163124 0.145089 22.963654 3904.692308
6.183135 0.141441 22.932019 3934.568075
6.203145 0.146621 22.950693 3964.371287
6.223155 0.141275 22.918148 3995.347222
6.243165 0.144149 22.931902 4028.482927
6.263175 0.146177 22.916346 4058.591346
