-0.496533 -7.475732 23.000000
-0.449805 -7.019859 23.000000
-0.397223 -6.645896 23.000000
-0.350449 -6.163569 23.000000
-0.298709 -5.698094 23.000000
-0.246630 -5.130175 23.000000
-0.199697 -4.739460 23.000000
-0.147897 -4.173540 23.000000
-0.101262 -3.553493 23.000000
-0.049390 -2.826433 23.000000
0.000000 0.000000 23.000000
0.049297 2.780813 23.000000
0.101247 3.512754 23.000000
0.147994 4.129070 23.000000
0.199766 4.661981 23.000000
0.246832 5.088433 23.000000
0.298444 5.641187 23.000000
0.350305 6.024157 23.000000
0.397529 6.481597 23.000000
0.448887 6.843224 23.000000
0.496076 7.183567 23.000000
0.548046 7.446504 23.000000
