0.496082 7.091217 23.000000
0.449096 6.740500 23.000000
0.396804 6.229997 23.000000
0.350256 5.955664 23.040000
0.298005 5.524192 23.080000
0.246910 5.011231 23.040000
0.199806 4.464966 23.000000
0.147888 3.986602 23.000000
0.101159 3.442579 23.200000
0.049411 2.755572 23.040000
0.000000 0.000000 23.080000
-0.049439 -2.816269 23.080000
-0.101185 -3.477640 23.120000
-0.148214 -4.016762 23.120000
-0.200019 -4.570571 23.360000
-0.246758 -5.138610 23.240000
-0.298925 -5.599259 23.160000
-0.350451 -6.062808 23.480000
-0.397283 -6.348324 23.600000
-0.449060 -6.891382 23.480000
-0.495824 -7.207996 23.840000
-0.547659 -7.498929 23.800000
