-0.495840 -6.747927 26.000000
-0.448892 -6.332325 26.000000
-0.397128 -6.051651 26.000000
-0.350483 -5.626609 26.000000
-0.298797 -5.244248 26.000000
-0.247056 -4.714205 26.000000
-0.199941 -4.383099 26.000000
-0.148341 -3.883584 26.000000
-0.101204 -3.340969 26.000000
-0.049339 -2.727154 26.000000
0.000000 0.000000 26.000000
0.049301 2.671664 26.000000
0.101156 3.307151 26.000000
0.148059 3.817377 26.000000
0.199863 4.283106 26.000000
0.246721 4.671661 26.000000
0.298394 5.212195 26.000000
0.350393 5.568539 26.000000
0.397501 5.906332 26.000000
0.448824 6.204468 26.000000
0.495824 6.529699 26.000000
0.547920 6.737949 26.000000
