0.496095 6.534592 26.000000
0.449331 6.192198 26.000000
0.397004 5.756256 26.000000
0.350430 5.483720 26.000000
0.298378 5.097169 26.000000
0.246849 4.649155 26.000000
0.199738 4.187084 26.000000
0.147967 3.725223 26.000000
0.101058 3.237692 26.000000
0.049237 2.653964 26.000000
0.000000 0.000000 26.000000
-0.049250 -2.680064 26.000000
-0.101196 -3.276016 26.000000
-0.148158 -3.756342 26.000000
-0.199812 -4.237640 26.000000
-0.246453 -4.752794 26.000000
-0.298711 -5.178060 26.000000
-0.350484 -5.574823 26.000000
-0.397349 -5.844871 26.000000
-0.449071 -6.312194 26.000000
-0.495838 -6.644041 26.000000
-0.547745 -6.930645 26.000000
