-0.495920 -7.111372 23.720000
-0.448992 -6.746419 23.840000
-0.397052 -6.431626 23.960000
-0.350199 -5.976705 24.000000
-0.298373 -5.568923 24.000000
-0.246491 -4.997908 24.000000
-0.199668 -4.636480 24.000000
-0.148057 -4.088215 24.000000
-0.101044 -3.489768 24.000000
-0.049395 -2.796546 23.920000
0.000000 0.000000 24.000000
0.049416 2.761684 24.000000
0.101208 3.448648 24.000000
0.148064 4.030237 24.000000
0.199807 4.525431 24.000000
0.246769 4.952787 24.000000
0.298357 5.520992 24.000000
0.350426 5.884267 24.000000
0.397566 6.319912 24.000000
0.448963 6.638878 24.000000
0.495946 7.026702 24.000000
0.547757 7.224786 24.000000
