0.495620 6.935353 24.000000
0.448831 6.588925 24.000000
0.396630 6.112859 24.000000
0.350399 5.856858 24.000000
0.298201 5.419702 24.000000
0.246999 4.915894 24.000000
0.199807 4.420072 24.000000
0.147922 3.913479 24.000000
0.101061 3.393913 24.000000
0.049413 2.734469 24.000000
0.000000 0.000000 24.000000
-0.049305 -2.784709 24.000000
-0.101053 -3.432931 24.000000
-0.148059 -3.972313 24.000000
-0.199748 -4.490500 24.000000
-0.246509 -5.049622 24.000000
-0.298877 -5.508081 24.000000
-0.350669 -5.954846 24.000000
-0.397757 -6.269582 24.000000
-0.449302 -6.737706 24.000000
-0.496085 -7.090899 24.000000
-0.547823 -7.365529 24.000000
