-0.495973 -6.989997 24.000000
-0.449060 -6.660943 24.000000
-0.397196 -6.336231 24.000000
-0.350615 -5.878616 24.000000
-0.298778 -5.477290 24.000000
-0.246948 -4.957600 24.000000
-0.199987 -4.567772 24.000000
-0.148256 -4.050449 24.000000
-0.101272 -3.458167 24.000000
-0.049397 -2.766682 24.000000
0.000000 0.000000 24.000000
0.049469 2.719481 24.000000
0.101030 3.417551 24.000000
0.147969 3.970906 24.000000
0.199795 4.447075 24.000000
0.246671 4.852965 24.000000
0.298342 5.426577 24.000000
0.350536 5.773108 24.000000
0.398081 6.168801 24.000000
0.449574 6.588527 24.000000
0.497025 6.936830 24.000000
0.548848 7.134166 24.000000
