0.496937 6.827030 24.080000
0.449466 6.508943 24.120000
0.397084 6.025026 24.120000
0.350549 5.750216 24.160000
0.298285 5.363753 24.280000
0.246935 4.871382 24.160000
0.199772 4.388149 24.440000
0.147878 3.887891 24.560000
0.101193 3.369422 24.560000
0.049356 2.733626 24.640000
0.000000 0.000000 24.560000
-0.049396 -2.764518 24.680000
-0.101023 -3.379919 24.600000
-0.148143 -3.901608 24.720000
-0.199794 -4.419822 24.840000
-0.246575 -4.965795 24.720000
-0.298654 -5.402848 24.960000
-0.350288 -5.865407 24.920000
-0.397151 -6.202187 24.880000
-0.448831 -6.647716 25.000000
-0.495398 -6.959327 24.960000
-0.547157 -7.263340 25.000000
