-0.495471 -6.907322 25.000000
-0.448690 -6.549319 25.000000
-0.397158 -6.200212 25.000000
-0.350257 -5.806841 25.000000
-0.298545 -5.401697 25.000000
-0.246549 -4.874904 25.000000
-0.199740 -4.486113 25.000000
-0.148110 -3.960701 25.000000
-0.101007 -3.410910 25.000000
-0.049448 -2.765091 25.000000
0.000000 0.000000 25.000000
0.049243 2.705951 25.000000
0.100880 3.358209 25.000000
0.147903 3.913219 25.000000
0.199793 4.387773 25.000000
0.246785 4.796617 25.000000
0.298488 5.340087 25.000000
0.350283 5.724836 25.000000
0.397401 6.103046 25.000000
0.448720 6.417821 25.000000
0.496143 6.790872 25.000000
0.548037 7.018555 25.000000
