0.496199 6.710487 25.000000
0.449125 6.385859 25.000000
0.397169 5.899162 25.000000
0.350512 5.642359 25.000000
0.298400 5.253732 25.000000
0.247022 4.757060 25.000000
0.199676 4.297904 25.000000
0.147995 3.822175 25.000000
0.101180 3.325989 25.000000
0.049331 2.712183 25.000000
0.000000 0.000000 25.000000
-0.049286 -2.724192 25.000000
-0.101122 -3.343934 25.000000
-0.148029 -3.833783 25.000000
-0.199793 -4.357683 25.000000
-0.246497 -4.870103 25.000000
-0.298512 -5.320036 25.000000
-0.350165 -5.728574 25.000000
-0.397042 -6.047922 25.000000
-0.448655 -6.508975 25.000000
-0.495666 -6.806468 25.000000
-0.547600 -7.102665 25.000000
