0.496007 6.622570 25.000000
0.449334 6.298074 25.360000
0.397031 5.827686 25.200000
0.350578 5.562025 25.320000
0.298359 5.212862 25.440000
0.246880 4.721101 25.480000
0.199748 4.223940 25.440000
0.147869 3.790365 25.480000
0.101193 3.288277 25.400000
0.049221 2.694637 25.600000
0.000000 0.000000 25.760000
-0.049373 -2.705688 25.680000
-0.101048 -3.322980 25.720000
-0.148105 -3.812702 25.880000
-0.199825 -4.305267 25.840000
-0.246539 -4.821681 25.920000
-0.298690 -5.242781 25.880000
-0.350512 -5.654721 25.880000
-0.397441 -5.955833 25.920000
-0.449024 -6.463934 25.840000
-0.495893 -6.778720 26.000000
-0.547633 -7.064794 26.000000
