0.994077 22.582238 30.000000
0.947603 21.655043 30.000000
0.895462 20.839835 30.000000
0.849020 20.019304 30.000000
0.797106 19.202204 30.000000
0.744760 18.412369 30.000000
0.698218 17.654061 30.000000
0.646321 16.913877 30.000000
0.599673 16.185971 30.000000
0.547804 15.452074 30.000000
0.495826 14.727210 30.000000
0.448731 14.023333 30.000000
0.396795 13.128642 30.000000
0.350321 12.417054 30.000000
0.298224 11.424378 30.000000
0.246526 10.621681 30.000000
0.199734 9.533257 30.000000
0.147644 8.522432 30.000000
0.101181 7.347214 30.000000
0.049603 5.763014 30.000000
0.000000 0.000000 30.000000
-0.048946 -5.779303 30.000000
-0.100788 -7.367837 30.000000
-0.147458 -8.613231 30.000000
-0.199625 -9.850161 30.000000
-0.246482 -10.976308 30.000000
-0.298402 -11.800524 30.000000
-0.350357 -12.811611 30.000000
-0.396956 -13.669288 30.000000
-0.449168 -14.577545 30.000000
-0.495937 -15.210426 30.000000
-0.547636 -16.156938 30.000000
-0.599512 -16.863634 30.000000
-0.646276 -17.530635 30.000000
-0.698364 -18.162351 30.000000
-0.745097 -18.777942 30.000000
-0.796865 -19.394374 30.000000
-0.849193 -20.046136 30.000000
-0.895693 -20.672639 30.000000
-0.947248 -21.299895 30.000000
-0.994601 -21.854976 30.000000
