serial number: JANUSZ_2_RI80_21414850
torque: 16
start_temp: 22 (22)
finish_temp: 22 (23)
note: montaz na obrotach_PCB d21
0.000000 0.240900 22.000000 13248.834356
0.020010 0.238942 22.000000 13280.724551
0.040020 0.237738 22.000000 13324.182353
0.060030 0.241915 22.000000 13356.197531
0.080041 0.237808 22.000000 13394.430233
0.100051 0.239224 22.000000 13436.601227
0.120061 0.239565 22.000000 13467.688235
0.140071 0.238613 22.000000 13513.089820
0.160081 0.242051 22.000000 13548.768293
0.180091 0.238604 22.000000 13586.059172
0.200101 0.238494 22.000000 13636.264706
0.220112 0.240694 22.000000 13666.703704
0.240122 0.238132 22.000000 13715.854651
0.260132 0.240610 22.000000 13762.945455
0.280142 0.238248 22.000000 13797.554217
0.300152 0.237545 22.000000 13854.549708
0.320162 0.241689 22.000000 13896.518293
0.340172 0.237925 22.000000 13944.704142
0.360183 0.239768 22.000000 14001.221557
0.380193 0.240145 22.000000 14042.096970
0.400203 0.239160 22.000000 14104.372781
0.420213 0.241768 22.000000 14154.842424
0.440223 0.237914 22.000000 14205.461078
0.460233 0.238675 22.000000 14272.072289
0.480243 0.241506 22.000000 14321.369048
0.500254 0.238601 22.000000 14388.166667
0.520264 0.240759 22.000000 14451.321212
0.540274 0.238614 22.000000 14505.154762
0.560284 0.238598 22.000000 14582.229412
0.580294 0.242131 22.000000 14641.268293
0.600304 0.237814 22.000000 14710.964706
0.620314 0.239937 22.000000 14788.731707
0.640325 0.240119 22.000000 14849.497041
0.660335 0.239512 22.000000 14934.530120
0.680345 0.241662 22.000000 15008.843373
0.700355 0.237791 22.000000 15081.240964
0.720365 0.239368 22.000000 15173.993976
0.740375 0.241249 22.000000 15248.561404
0.760385 0.239252 22.000000 15341.957576
0.780396 0.241347 22.000000 15435.170886
0.800406 0.239019 22.000000 15514.800000
0.820416 0.239028 22.000000 15621.696429
0.840426 0.242374 22.000000 15713.185629
0.860436 0.238401 22.000000 15808.150602
0.880446 0.240413 22.000000 15918.006024
0.900456 0.240139 22.000000 16006.113095
0.920467 0.240045 22.000000 16118.283133
0.940477 0.242681 22.000000 16221.343373
0.960487 0.238351 22.000000 16313.436364
0.980497 0.240226 22.000000 1770.485380
1.000507 0.240914 22.000000 141.835366
1.020517 0.239399 22.000000 244.024096
1.040528 0.241707 22.000000 354.310976
1.060538 0.238835 22.000000 443.210526
1.080548 0.240027 22.000000 553.737805
1.100558 0.242872 22.000000 652.132530
1.120568 0.239017 22.000000 741.469880
1.140578 0.240752 22.000000 849.240964
1.160588 0.240051 22.000000 932.846154
1.180599 0.241033 22.000000 1028.339394
1.200609 0.242608 22.000000 1123.716867
1.220619 0.238418 22.000000 1197.526946
1.240629 0.241031 22.000000 1292.167665
1.260639 0.241427 22.000000 1370.090361
1.280649 0.240586 22.000000 1446.067073
1.300659 0.241910 22.000000 1533.286585
1.320670 0.239220 22.000000 1597.435294
1.340680 0.240544 22.000000 1678.404908
1.360690 0.242348 22.000000 1752.512048
1.380700 0.238832 22.000000 1814.046784
1.400710 0.240838 22.000000 1894.036364
1.420720 0.240445 22.000000 1952.232143
1.440730 0.241349 22.000000 2018.042945
1.460741 0.241952 22.000000 2086.957831
1.480751 0.238605 22.000000 2135.716867
1.500761 0.241940 22.000000 2202.430303
1.520771 0.241768 22.000000 2255.957831
1.540781 0.241427 22.000000 2307.293413
1.560791 0.242370 22.000000 2370.664634
1.580801 0.240309 22.000000 2413.928571
1.600812 0.241852 22.000000 2469.963415
1.620822 0.243235 22.000000 2522.518072
1.640832 0.239991 22.000000 2565.433735
1.660842 0.242526 22.000000 2623.448485
1.680852 0.241510 22.000000 2663.740741
1.700862 0.242218 22.000000 2711.570588
1.720872 0.243109 22.000000 2763.734568
1.740883 0.239848 22.000000 2798.862275
1.760893 0.242940 22.000000 2850.676647
1.780903 0.242627 22.000000 2891.466258
1.800913 0.242041 22.000000 2929.666667
1.820923 0.243142 22.000000 2979.061728
1.840933 0.241234 22.000000 3010.580838
1.860943 0.242396 22.000000 3055.283951
1.880954 0.243702 22.000000 3093.988024
1.900964 0.240867 22.000000 3127.084337
1.920974 0.243685 22.000000 3170.837349
1.940984 0.242768 22.000000 3200.061728
1.960994 0.243300 22.000000 3236.563636
1.981004 0.244565 22.000000 3273.412121
2.001014 0.241863 22.000000 3300.970060
2.021025 0.243873 22.000000 3338.654321
2.041035 0.244094 22.000000 3366.628049
2.061045 0.243528 22.000000 3396.369697
2.081055 0.244578 22.000000 3430.131250
2.101065 0.242540 22.000000 3452.517857
2.121075 0.243585 22.000000 3483.296970
2.141085 0.245101 22.000000 3510.220859
2.161096 0.242132 22.000000 3531.582822
2.181106 0.244768 22.000000 3560.933333
2.201116 0.243832 22.000000 3581.296296
2.221126 0.244081 22.000000 3608.333333
2.241136 0.245440 22.000000 3636.743902
2.261146 0.243223 22.000000 3658.619632
2.281156 0.244901 22.000000 3691.624242
2.301167 0.244924 22.000000 3717.785276
2.321177 0.243983 22.000000 3748.527607
2.341187 0.245429 22.000000 3784.615854
2.361197 0.243814 22.000000 3811.060241
2.381207 0.245091 22.000000 3852.453416
2.401217 0.245845 22.000000 3886.757576
2.421227 0.242900 22.000000 3922.248485
2.441238 0.246249 22.000000 3965.788820
2.461248 0.244736 22.000000 3994.404908
2.481258 0.244309 22.000000 4041.191358
2.501268 0.246317 22.000000 4082.475610
2.521278 0.243787 22.000000 4116.609756
2.541288 0.245977 22.000000 4164.214724
2.561298 0.246215 22.000000 4194.699387
2.581309 0.244829 22.000000 4238.414634
2.601319 0.247438 22.000000 4276.574074
2.621329 0.244721 22.000000 4303.858896
2.641339 0.246006 22.000000 4345.795031
2.661349 0.246506 22.000000 4368.456790
2.681359 0.244214 22.000000 4402.763636
2.701369 0.247773 21.993827 4430.098765
2.721380 0.245472 22.000000 4450.351852
2.741390 0.245454 22.000000 4483.593939
2.761400 0.248166 22.000000 4500.873418
2.781410 0.245684 22.000000 4524.835366
2.801420 0.247697 22.000000 4550.907407
2.821430 0.247020 22.000000 4565.814815
2.841440 0.246572 22.000000 4597.888199
2.861451 0.248878 22.000000 4616.963636
2.881461 0.246343 22.000000 4639.225000
2.901471 0.247324 22.000000 4673.222222
2.921481 0.246991 22.000000 4692.142857
2.941491 0.245633 22.000000 4728.484663
2.961501 0.248618 22.000000 4756.750000
2.981511 0.245859 22.000000 4786.202454
3.001522 0.246107 22.000000 4827.447205
3.021532 0.248443 22.000000 4859.826087
3.041542 0.246050 22.000000 4895.627329
3.061552 0.247969 22.000000 4938.191358
3.081562 0.246675 22.000000 4973.679012
3.101572 0.246684 22.000000 5023.320988
3.121583 0.248761 22.000000 5061.325000
3.141593 0.199811 22.000000 5101.532787
3.161603 0.234734 22.000000 5156.910798
3.181613 0.241376 22.000000 5193.647343
3.201623 0.242921 22.000000 5249.058252
3.221633 0.246760 22.000000 5298.325123
3.241643 0.244133 22.000000 5337.783251
3.261654 0.244643 22.000000 5400.130435
3.281664 0.246363 22.000000 5443.261084
3.301674 0.243622 22.000000 5496.325123
3.321684 0.245670 22.000000 5553.990338
3.341694 0.243690 22.000000 5595.715686
3.361704 0.244385 22.000000 5660.832512
3.381714 0.246030 22.000000 5706.995074
3.401725 0.242518 22.000000 5758.441748
3.421735 0.244661 22.000000 5822.307692
3.441745 0.244444 22.000000 5867.004926
3.461755 0.244213 22.000000 5930.318627
3.481765 0.246810 22.000000 5984.298507
3.501775 0.243069 22.000000 6033.645933
3.521785 0.244007 22.000000 6104.814634
3.541796 0.246587 22.000000 6154.113300
3.561806 0.243595 22.000000 6216.241379
3.581816 0.245015 22.000000 6282.336538
3.601826 0.243409 22.000000 6334.292079
3.621836 0.244116 22.000000 6411.617225
3.641846 0.246519 22.000000 6471.206030
3.661856 0.242771 22.000000 6536.148325
3.681867 0.243852 22.000000 6617.760976
3.701877 0.244461 22.000000 6678.812808
3.721887 0.244044 22.000000 6761.043902
3.741897 0.245776 22.000000 6835.940594
3.761907 0.242768 22.000000 6905.526066
3.781917 0.243425 22.000000 6999.432039
3.801927 0.246022 22.000000 7070.415000
3.821938 0.242972 22.000000 7154.202899
3.841948 0.244303 22.000000 7245.861386
3.861958 0.243539 22.000000 7319.888889
3.881968 0.243775 22.000000 7419.893204
3.901978 0.245362 22.000000 7502.626866
3.921988 0.242010 22.000000 7585.734597
3.941998 0.243540 22.000000 7688.607843
3.962009 0.244124 22.000000 7765.073892
3.982019 0.243114 22.000000 7860.221154
4.002029 0.244744 22.000000 7954.290640
4.022039 0.242567 22.000000 8031.466019
4.042049 0.243194 22.000000 8133.369458
4.062059 0.245306 22.000000 8214.782609
4.082069 0.242834 22.000000 8299.694175
4.102080 0.243879 22.000000 8397.882353
4.122090 0.243121 22.000000 8470.349515
4.142100 0.243001 22.000000 8561.440191
4.162110 0.245348 22.000000 8645.079602
4.182120 0.241862 22.000000 8715.107317
4.202130 0.243560 22.000000 8808.271845
4.222140 0.244736 22.000000 8879.072816
4.242151 0.242904 22.000000 8956.298077
4.262161 0.244622 22.000000 9042.841584
4.282171 0.242710 22.000000 9107.395122
4.302181 0.243216 22.000000 9192.188406
4.322191 0.245423 22.000000 9265.912195
4.342201 0.241946 22.000000 9333.317308
4.362211 0.243669 22.000000 9419.569307
4.382222 0.242558 22.000000 9480.034146
4.402232 0.242612 22.000000 9553.004785
4.422242 0.245043 22.000000 9627.334975
4.442252 0.241416 22.000000 9682.733990
4.462262 0.243481 22.000000 9760.600000
4.482272 0.244255 22.000000 9817.941463
4.502282 0.242714 22.000000 9877.115942
4.522293 0.243902 22.000000 9948.905000
4.542303 0.241938 22.000000 9997.495283
4.562313 0.243011 22.000000 10064.093137
4.582323 0.244764 22.000000 10120.397059
4.602333 0.241484 22.000000 10170.842857
4.622343 0.243713 22.000000 10239.875622
4.642353 0.242495 22.000000 10284.850242
4.662364 0.242286 22.000000 10341.285024
4.682374 0.244679 22.000000 10400.558252
4.702384 0.240567 22.000000 10445.475728
4.722394 0.242812 22.000000 10509.561905
4.742404 0.243223 22.000000 10556.717822
4.762414 0.241027 22.000000 10607.325359
4.782424 0.243285 22.000000 10669.745098
4.802435 0.239902 22.000000 10710.889952
4.822445 0.242226 22.000000 10771.512077
4.842455 0.243190 22.000000 10821.373786
4.862465 0.240281 22.000000 10868.514563
4.882475 0.243539 22.000000 10930.038647
4.902485 0.241127 22.000000 10972.447115
4.922495 0.241465 22.000000 11028.461538
4.942506 0.243463 22.000000 11083.274510
4.962516 0.239205 22.000000 11126.302885
4.982526 0.242469 22.000000 11186.951691
5.002536 0.242055 22.000000 11230.567961
5.022546 0.240163 22.000000 11281.476190
5.042556 0.242791 22.000000 11337.062802
5.062567 0.239265 22.000000 11377.181818
5.082577 0.242341 22.000000 11432.009756
5.102587 0.242195 22.000000 11475.985577
5.122597 0.239214 22.000000 11519.033816
5.142607 0.243281 22.000000 11571.371429
5.162617 0.240189 22.000000 11608.665049
5.182627 0.240644 22.000000 11656.044335
5.202638 0.242804 22.000000 11698.301435
5.222648 0.238694 22.000000 11735.038278
5.242658 0.242390 22.000000 11781.685990
5.262668 0.241122 22.000000 11814.314286
5.282678 0.239600 22.000000 11853.671498
5.302688 0.241987 22.000000 11890.610577
5.322698 0.237791 22.000000 11919.304762
5.342709 0.241936 22.000000 11958.252427
5.362719 0.240801 22.000000 11983.200000
5.382729 0.238810 22.000000 12015.198068
5.402739 0.242466 22.000000 12044.635922
5.422749 0.238900 22.000000 12069.090476
5.442759 0.239605 22.000000 12098.265700
5.462769 0.241856 22.000000 12121.155340
5.482780 0.238037 22.000000 12144.632075
5.502790 0.241495 22.000000 12170.400966
5.522800 0.239324 22.000000 12190.047059
5.542810 0.238508 22.000000 12213.842424
5.562820 0.241879 22.000000 12231.795181
5.582830 0.237133 22.000000 12252.526946
5.602840 0.240477 22.000000 12275.910714
5.622851 0.239893 22.000000 12287.225610
5.642861 0.237951 22.000000 12309.414201
5.662871 0.241760 22.000000 12331.887574
5.682881 0.237770 22.000000 12342.868263
5.702891 0.238555 22.000000 12368.182353
5.722901 0.240630 22.000000 12388.466667
5.742911 0.237279 22.000000 12406.935673
5.762922 0.240465 22.000000 12436.357576
5.782932 0.238352 22.000000 12458.018072
5.802942 0.238007 22.000000 12485.952663
5.822952 0.241519 22.000000 12519.260606
5.842962 0.237092 22.000000 12542.964286
5.862972 0.240065 22.000000 12585.988166
5.882982 0.239610 22.000000 12609.060241
5.902993 0.237827 22.000000 12649.071856
5.923003 0.241472 22.000000 12679.724551
5.943013 0.238217 22.000000 12712.107784
5.963023 0.238715 22.000000 12747.233533
5.983033 0.240953 22.000000 12776.796407
6.003043 0.237109 22.000000 12805.413174
6.023053 0.240680 22.000000 12842.284024
6.043064 0.238549 22.000000 12861.910180
6.063074 0.237645 22.000000 12898.239521
6.083084 0.240837 22.000000 12922.369697
6.103094 0.237349 22.000000 12949.254438
6.123104 0.239579 22.000000 12985.602410
6.143114 0.240067 22.000000 13006.288235
6.163124 0.238253 22.000000 13045.852071
6.183135 0.240711 22.000000 13075.426829
6.203145 0.237941 22.000000 13105.800000
6.223155 0.238238 22.000000 13147.359281
6.243165 0.241346 22.000000 13173.119760
6.263175 0.237908 22.000000 13213.564706
