serial number: JANUSZ_2_RI80_21414850
torque: 16
start_temp: 20 (20)
finish_temp: 20 (21)
note: montaz na obrotach_PCB d21
0.000000 0.205841 20.000000 2703.530612
0.020010 0.207557 20.000000 2756.807292
0.040020 0.204938 20.000000 2790.943005
0.060030 0.207132 20.000000 2842.068063
0.080041 0.207833 20.000000 2884.193878
0.100051 0.205745 20.000000 2921.765306
0.120061 0.208159 20.000000 2971.768421
0.140071 0.206100 20.000000 3003.420513
0.160081 0.207076 20.000000 3047.876289
0.180091 0.208448 20.000000 3088.463542
0.200101 0.204998 20.000000 3119.663212
0.220112 0.208385 20.000000 3163.432990
0.240122 0.207370 20.000000 3194.298429
0.260132 0.207014 20.000000 3229.300518
0.280142 0.208080 20.000000 3268.413265
0.300152 0.205885 20.000000 3293.921466
0.320162 0.208656 20.000000 3332.561856
0.340172 0.208108 20.000000 3361.062500
0.360183 0.206983 20.000000 3390.675393
0.380193 0.209335 20.000000 3424.343750
0.400203 0.207248 20.000000 3447.455959
0.420213 0.208131 20.000000 3477.416667
0.440223 0.209100 20.000000 3504.947644
0.460233 0.206355 20.000000 3527.015385
0.480243 0.209263 20.000000 3555.883598
0.500254 0.208123 20.000000 3576.583333
0.520264 0.208170 20.000000 3603.777202
0.540274 0.209065 20.000000 3631.135417
0.560284 0.207242 20.000000 3654.119792
0.580294 0.209780 20.000000 3686.000000
0.600304 0.208028 20.000000 3713.969072
0.620314 0.207642 20.000000 3743.421875
0.640325 0.209667 20.000000 3780.370370
0.660335 0.207821 20.000000 3805.968912
0.680345 0.209029 20.000000 3847.569948
0.700355 0.209057 20.000000 3881.415789
0.720365 0.207336 20.000000 3916.728205
0.740375 0.209905 20.000000 3961.200000
0.760385 0.208181 20.000000 3990.586387
0.780396 0.208563 20.000000 4037.083770
0.800406 0.209084 20.000000 4077.118557
0.820416 0.208209 20.000000 4111.783069
0.840426 0.210409 20.000000 4160.434555
0.860436 0.208719 20.000000 4190.371728
0.880446 0.209269 20.000000 4234.711340
0.900456 0.210750 20.000000 4271.238095
0.920467 0.208904 20.000000 4300.630208
0.940477 0.209472 19.994737 4341.352632
0.960487 0.209652 20.000000 4367.629630
0.980497 0.208482 20.000000 4397.721649
1.000507 0.211005 20.000000 4428.894180
1.020517 0.208907 20.000000 4447.359375
1.040528 0.209818 20.000000 4481.168421
1.060538 0.211089 20.000000 4500.074074
1.080548 0.209472 20.000000 4521.036269
1.100558 0.211084 20.000000 4549.846561
1.120568 0.209226 20.000000 4564.894737
1.140578 0.209632 20.000000 4594.256545
1.160588 0.211838 20.000000 4616.115789
1.180599 0.209119 20.000000 4635.915789
1.200609 0.209531 20.000000 4670.752632
1.220619 0.210581 20.000000 4690.670213
1.240629 0.209093 20.000000 4724.108247
1.260639 0.211466 20.000000 4755.148936
1.280649 0.209543 20.000000 4782.865285
1.300659 0.209578 20.000000 4824.436842
1.320670 0.211721 20.000000 4856.914439
1.340680 0.209825 20.000000 4890.600000
1.360690 0.211076 20.000000 4935.963542
1.380700 0.209847 20.000000 4970.312500
1.400710 0.210174 20.000000 5019.607330
1.420720 0.212428 20.000000 5059.513514
1.440730 0.207713 20.000000 5096.768212
1.460741 0.207864 20.000000 5153.458904
1.480751 0.209348 20.000000 5191.272727
1.500761 0.208268 20.000000 5244.349315
1.520771 0.210152 20.000000 5295.714286
1.540781 0.207250 20.000000 5333.589041
1.560791 0.207792 20.000000 5396.812500
1.580801 0.210295 20.000000 5440.314685
1.600812 0.207368 20.000000 5491.193103
1.620822 0.208530 20.000000 5551.790210
1.640832 0.207662 20.000000 5592.402778
1.660842 0.207468 20.000000 5657.068966
1.680852 0.209891 20.000000 5704.574468
1.700862 0.207613 20.000000 5754.571429
1.720872 0.207885 20.000000 5819.563380
1.740883 0.209702 20.000000 5864.600000
1.760893 0.207387 20.000000 5926.386207
1.780903 0.210376 20.000000 5982.707143
1.800913 0.207950 20.000000 6030.226027
1.820923 0.207616 20.000000 6101.951724
1.840933 0.210483 20.000000 6151.293706
1.860943 0.207039 20.000000 6211.447552
1.880954 0.208727 20.000000 6279.699301
1.900964 0.208456 20.000000 6331.287671
1.920974 0.208007 20.000000 6407.055556
1.940984 0.210647 20.000000 6467.808511
1.960994 0.207476 20.000000 6529.958621
1.981004 0.208076 20.000000 6613.342466
2.001014 0.209555 20.000000 6675.131944
2.021025 0.207610 20.000000 6754.412587
2.041035 0.210284 20.000000 6832.377622
2.061045 0.206790 20.000000 6899.398601
2.081055 0.207600 20.000000 6991.847222
2.101065 0.210566 20.000000 7063.958333
2.121075 0.206760 20.000000 7146.089655
2.141085 0.208323 20.000000 7239.909722
2.161096 0.207918 20.000000 7314.034722
2.181106 0.207916 20.000000 7410.573427
2.201116 0.210668 20.000000 7495.464789
2.221126 0.207132 20.000000 7576.328767
2.241136 0.209082 20.000000 7680.486301
2.261146 0.210067 20.000000 7758.873239
2.281156 0.208334 20.000000 7850.790210
2.301167 0.210095 20.000000 7947.652778
2.321177 0.207166 20.000000 8024.520833
2.341187 0.208174 20.000000 8125.558621
2.361197 0.210981 20.000000 8209.147887
2.381207 0.207097 20.000000 8291.137931
2.401217 0.208919 20.000000 8390.638298
2.421227 0.208761 20.000000 8464.095238
2.441238 0.208940 20.000000 8552.140845
2.461248 0.210591 20.000000 8638.608392
2.481258 0.207123 20.000000 8708.159722
2.501268 0.209476 20.000000 8800.517483
2.521278 0.210359 20.000000 8872.366197
2.541288 0.208153 20.000000 8946.034483
2.561298 0.210132 20.000000 9036.062069
2.581309 0.207622 20.000000 9101.440559
2.601319 0.209125 20.000000 9184.172414
2.621329 0.210363 20.000000 9260.078571
2.641339 0.206862 20.000000 9324.206897
2.661349 0.209258 20.000000 9411.611111
2.681359 0.208586 20.000000 9473.736111
2.701369 0.208485 20.000000 9544.664384
2.721380 0.209627 20.000000 9621.978873
2.741390 0.206137 20.000000 9677.613793
2.761400 0.208880 20.000000 9753.703448
2.781410 0.208968 20.000000 9812.838028
2.801420 0.207852 20.000000 9869.641379
2.821430 0.209641 20.000000 9943.680556
2.841440 0.206779 20.000000 9992.372414
2.861451 0.208382 20.000000 10056.035211
2.881461 0.209835 20.000000 10115.965278
2.901471 0.206964 20.000000 10164.849315
2.921481 0.209174 20.000000 10233.815603
2.941491 0.208013 20.000000 10279.904110
2.961501 0.208048 20.000000 10335.317241
2.981511 0.209467 20.000000 10396.468531
3.001522 0.206042 20.000000 10440.802721
3.021532 0.208452 20.000000 10503.629371
3.041542 0.208130 20.000000 10552.708333
3.061552 0.206733 20.000000 10601.428571
3.081562 0.209041 20.000000 10665.253521
3.101572 0.206175 20.000000 10705.715278
3.121583 0.207666 20.000000 10764.331034
3.141593 0.161718 20.000000 10816.087866
3.161603 0.195314 20.000000 10862.063107
3.181613 0.202916 20.000000 10924.469388
3.201623 0.204078 20.000000 10967.494898
3.221633 0.205098 20.000000 11021.365979
3.241643 0.206331 20.000000 11078.861538
3.261654 0.203274 20.000000 11120.821429
3.281664 0.205669 20.000000 11180.489691
3.301674 0.205476 20.000000 11226.661616
3.321684 0.203423 20.000000 11275.451282
3.341694 0.206004 20.000000 11332.173469
3.361704 0.202777 20.000000 11372.096447
3.381714 0.204691 20.000000 11426.071795
3.401725 0.205681 20.000000 11471.958974
3.421735 0.202337 20.000000 11513.204082
3.441745 0.205853 20.000000 11566.347150
3.461755 0.203218 20.000000 11603.500000
3.481765 0.203094 20.000000 11650.658163
3.501775 0.205218 20.000000 11693.906736
3.521785 0.201518 20.000000 11730.318408
3.541796 0.204748 20.000000 11777.369231
3.561806 0.203639 20.000000 11810.237374
3.581816 0.201861 20.000000 11848.448980
3.601826 0.204937 20.000000 11887.000000
3.621836 0.201787 20.000000 11914.969697
3.641846 0.203594 20.000000 11953.678571
3.661856 0.204868 20.000000 11980.005102
3.681867 0.201577 20.000000 12010.479798
3.701877 0.205874 20.000000 12041.769634
3.721887 0.202744 20.000000 12064.245000
3.741897 0.202385 20.000000 12094.752525
3.761907 0.205924 20.000000 12117.882051
3.781917 0.201149 20.000000 12141.419192
3.801927 0.204419 20.000000 12167.384615
3.821938 0.203519 20.000000 12186.208955
3.841948 0.201344 20.000000 12210.594737
3.861958 0.205826 20.000000 12229.994898
3.881968 0.201196 20.000000 12248.406091
3.901978 0.203452 20.000000 12273.323232
3.921988 0.204279 20.000000 12285.594872
3.941998 0.200798 20.000000 12305.562814
3.962009 0.205287 20.000000 12329.206186
3.982019 0.201556 20.000000 12340.810000
4.002029 0.201776 20.000000 12363.700508
4.022039 0.205103 20.000000 12384.954545
4.042049 0.200602 20.000000 12403.888889
4.062059 0.204718 20.000000 12431.459184
4.082069 0.203106 20.000000 12454.345178
4.102080 0.201686 20.000000 12481.275510
4.122090 0.205819 20.000000 12514.866667
4.142100 0.200551 20.000000 12538.950495
4.162110 0.203317 20.000000 12580.682051
4.182120 0.203581 20.000000 12605.175879
4.202130 0.200792 20.000000 12643.386598
4.222140 0.205840 20.000000 12676.266332
4.242151 0.201568 20.000000 12706.130653
4.262161 0.201659 20.000000 12742.959391
4.282171 0.205508 20.000000 12771.701031
4.302181 0.200928 20.000000 12801.155779
4.322191 0.204898 20.000000 12836.822335
4.342201 0.202851 20.000000 12858.574359
4.362211 0.201200 20.000000 12891.595960
4.382222 0.205644 20.000000 12920.035714
4.402232 0.201342 20.000000 12943.201005
4.422242 0.203818 20.000000 12982.203046
4.442252 0.203512 20.000000 13001.258883
4.462262 0.201169 20.000000 13040.984848
4.482272 0.205779 20.000000 13070.071795
4.502282 0.201905 20.000000 13100.588832
4.522293 0.201978 20.000000 13140.515152
4.542303 0.205426 20.000000 13169.795918
4.562313 0.201908 20.000000 13206.353535
4.582323 0.205475 20.000000 13243.979275
4.602333 0.203520 20.000000 13274.889447
4.622343 0.202431 20.000000 13317.512821
4.642353 0.206090 20.000000 13353.168367
4.662364 0.202163 20.000000 13386.959391
4.682374 0.203965 20.000000 13431.214286
4.702384 0.204295 20.000000 13462.270408
4.722394 0.202764 20.000000 13506.178571
4.742404 0.206247 20.000000 13544.830769
4.762414 0.202649 20.000000 13579.497487
4.782424 0.202862 20.000000 13629.561224
4.802435 0.205923 20.000000 13661.608247
4.822445 0.203381 20.000000 13708.724490
4.842455 0.205300 20.000000 13757.000000
4.862465 0.203611 20.000000 13791.159794
4.882475 0.203367 20.000000 13847.515152
4.902485 0.206164 20.000000 13891.401042
4.922495 0.202364 20.000000 13936.865000
4.942506 0.203945 20.000000 13994.788660
4.962516 0.203732 20.000000 14035.681818
4.982526 0.203681 20.000000 14096.778351
5.002536 0.206417 20.000000 14148.964467
5.022546 0.203064 20.000000 14197.619792
5.042556 0.203423 20.000000 14265.114428
5.062567 0.206150 20.000000 14315.291667
5.082577 0.204165 20.000000 14379.530303
5.102587 0.205223 20.000000 14445.201031
5.122597 0.203477 20.000000 14497.262887
5.142607 0.203881 20.000000 14573.555556
5.162617 0.206583 20.000000 14634.561856
5.182627 0.203629 20.000000 14700.148718
5.202638 0.204496 20.000000 14779.821429
5.222648 0.205027 20.000000 14840.831633
5.242658 0.205137 20.000000 14923.906736
5.262668 0.207003 20.000000 14999.912371
5.282678 0.204517 20.000000 15071.383838
5.302688 0.204165 20.000000 15165.413265
5.322698 0.206356 20.000000 15240.393782
5.342709 0.204241 20.000000 15329.411168
5.362719 0.205501 20.000000 15425.020833
5.382729 0.204664 20.000000 15504.444444
5.402739 0.204663 20.000000 15610.594872
5.422749 0.206906 20.000000 15703.073298
5.442759 0.203363 20.000000 15794.060606
5.462769 0.205119 20.000000 15906.040609
5.482780 0.205360 20.000000 15994.917526
5.502790 0.204992 20.000000 16104.469072
5.522800 0.206434 20.000000 16209.829897
5.542810 0.203787 20.000000 16300.617347
5.562820 0.204506 20.000000 3524.908629
5.582830 0.207029 20.000000 130.402062
5.602840 0.204855 20.000000 230.500000
5.622851 0.206215 20.000000 342.791667
5.642861 0.204174 20.000000 430.574359
5.662871 0.204735 20.000000 540.200000
5.682881 0.207210 20.000000 641.921875
5.702891 0.203499 20.000000 727.984536
5.722901 0.205271 20.000000 836.290816
5.742911 0.205739 20.000000 922.256410
5.762922 0.205517 20.000000 1014.690722
5.782932 0.207547 20.000000 1112.876923
5.802942 0.203874 20.000000 1186.397959
5.822952 0.205456 20.000000 1279.310526
5.842962 0.207712 20.000000 1360.380208
5.862972 0.204525 20.000000 1434.005000
5.882982 0.207013 20.000000 1523.894737
5.902993 0.204975 20.000000 1587.851282
5.923003 0.205333 20.000000 1666.829016
5.943013 0.207950 20.000000 1743.692708
5.963023 0.203777 20.000000 1803.336683
5.983033 0.206028 20.000000 1883.072165
6.003043 0.206544 20.000000 1943.762887
6.023053 0.205626 20.000000 2006.784615
6.043064 0.207322 20.000000 2078.639175
6.063074 0.204382 20.000000 2127.602041
6.083084 0.206637 20.000000 2194.461140
6.103094 0.207986 20.000000 2249.219895
6.123104 0.204760 20.000000 2297.567010
6.143114 0.207679 20.000000 2361.689119
6.163124 0.206140 20.000000 2405.688776
6.183135 0.206507 20.000000 2460.958549
6.203145 0.208184 20.000000 2515.348958
6.223155 0.204202 20.000000 2556.764103
6.243165 0.207145 20.000000 2614.300518
6.263175 0.206805 20.000000 2657.175258
