serial number: JANUSZ_2_RI80_21414850
torque: 16
start_temp: 24 (25)
finish_temp: 24 (25)
note: po demontazuz ramienia
0.000000 0.349461 24.000000 8861.080402
0.020010 0.349260 24.000000 8990.536946
0.040020 0.349373 24.000000 9132.208955
0.060030 0.349736 24.000000 9277.000000
0.080041 0.348954 24.000000 9396.623762
0.100051 0.349605 24.000000 9537.980000
0.120061 0.349603 24.000000 9656.550000
0.140071 0.348914 24.000000 9773.845000
0.160081 0.349930 24.000000 9897.150000
0.180091 0.348756 24.004490 9987.846939
0.200101 0.349089 24.000580 10093.439614
0.220112 0.350473 24.000000 10188.076142
0.240122 0.348720 24.000000 10264.314136
0.260132 0.349435 24.000000 10355.556213
0.280142 0.348904 24.000000 10424.784091
0.300152 0.349256 24.000000 10501.672414
0.320162 0.349443 24.000000 10579.105263
0.340172 0.348180 24.000000 10637.715976
0.360183 0.349405 24.000000 10712.164706
0.380193 0.349089 24.000000 10775.482759
0.400203 0.349280 24.000000 10836.888889
0.420213 0.350302 24.000000 10905.706897
0.440223 0.349179 24.000000 10954.488235
0.460233 0.349216 24.000000 11015.526012
0.480243 0.350488 24.000000 11069.011696
0.500254 0.348880 24.000000 11113.276471
0.520264 0.349569 24.000000 11164.935673
0.540274 0.349256 24.000000 11203.280000
0.560284 0.350268 24.000000 11247.272189
0.580294 0.350121 24.000000 11287.137931
0.600304 0.349061 24.000000 11321.133721
0.620314 0.350481 24.000000 11360.561404
0.640325 0.349978 24.000000 11392.094118
0.660335 0.350569 24.000000 11422.732558
0.680345 0.351192 24.000000 11459.725146
0.700355 0.350372 24.000000 11482.900585
0.720365 0.350937 24.000000 11517.635294
0.740375 0.351950 24.000000 11545.355030
0.760385 0.350480 24.003953 11570.232558
0.780396 0.351484 24.007458 11604.497175
0.800406 0.350899 24.000000 11626.234940
0.820416 0.352472 24.000000 11656.145349
0.840426 0.351972 23.981205 11685.831325
0.860436 0.350682 23.994884 11706.691860
0.880446 0.351924 24.000000 11738.301775
0.900456 0.351367 24.000000 11761.676136
0.920467 0.351724 24.000000 11786.257310
0.940477 0.352370 24.000000 11815.777108
0.960487 0.351342 24.000000 11830.317919
0.980497 0.351744 24.000000 11855.277457
1.000507 0.353169 24.000000 11876.041420
1.020517 0.351986 24.000000 11892.269006
1.040528 0.352922 24.000000 11915.886228
1.060538 0.351880 24.000000 11927.672515
1.080548 0.352809 23.978851 11951.356322
1.100558 0.352634 23.998084 11968.479042
1.120568 0.351350 24.000000 11987.273256
1.140578 0.352721 23.994556 12006.834320
1.160588 0.352233 23.999524 12018.839286
1.180599 0.352577 24.000000 12040.266272
1.200609 0.353004 24.000000 12056.785311
1.220619 0.352064 24.000000 12071.200000
1.240629 0.352473 24.000000 12094.886228
1.260639 0.353562 24.000000 12105.555556
1.280649 0.352584 24.000000 12126.272189
1.300659 0.353423 24.000000 12150.976744
1.320670 0.352719 24.000000 12160.133333
1.340680 0.353679 24.000000 12185.502825
1.360690 0.353939 24.000000 12205.349398
1.380700 0.352266 24.000000 12216.953216
1.400710 0.353032 24.000000 12242.363095
1.420720 0.353120 24.000000 12255.994152
1.440730 0.353346 24.000000 12270.476471
1.460741 0.353558 24.000000 12288.164706
1.480751 0.353163 24.000000 12302.382353
1.500761 0.353448 23.995814 12322.534884
1.520771 0.354454 23.992381 12331.803571
1.540781 0.353205 23.994083 12342.467456
1.560791 0.353950 24.005680 12360.195266
1.580801 0.353449 24.000231 12370.294798
1.600812 0.354471 24.000000 12389.759036
1.620822 0.355179 24.000000 12402.311765
1.640832 0.353296 24.000000 12411.900000
1.660842 0.354604 24.000000 12430.792899
1.680852 0.354673 24.000000 12445.029412
1.700862 0.354795 24.000000 12467.425150
1.720872 0.354755 24.000000 12482.216374
1.740883 0.354234 24.000000 12494.337278
1.760893 0.354584 24.000000 12522.869822
1.780903 0.355149 24.000000 12539.714286
1.800913 0.354393 24.000000 12556.052326
1.820923 0.355228 24.000000 12575.562130
1.840933 0.354555 24.000000 12589.615385
1.860943 0.354947 24.000000 12619.285714
1.880954 0.355326 24.000000 12635.284024
1.900964 0.354403 24.000000 12648.024242
1.920974 0.355526 24.000000 12667.745665
1.940984 0.355308 24.000000 12681.668639
1.960994 0.355677 24.000000 12707.095238
1.981004 0.355019 24.000000 12731.751479
2.001014 0.354978 24.000000 12752.198830
2.021025 0.355512 24.000000 12782.257485
2.041035 0.355568 24.000000 12800.694118
2.061045 0.355476 24.000000 12831.863905
2.081055 0.356437 24.000000 12857.386905
2.101065 0.355183 24.000000 12874.242424
2.121075 0.355889 24.000000 12909.819767
2.141085 0.356058 24.000000 12928.363095
2.161096 0.354661 24.000000 12954.678571
2.181106 0.355961 24.000000 12983.609467
2.201116 0.355285 24.000000 13001.147929
2.221126 0.356193 24.000000 13035.520710
2.241136 0.355838 24.000000 13058.952663
2.261146 0.355293 23.994588 13086.176471
2.281156 0.356303 23.999521 13119.167665
2.301167 0.355689 24.000000 13149.290698
2.321177 0.355561 24.006024 13182.228916
2.341187 0.356382 24.000000 13220.429412
2.361197 0.355331 24.000000 13249.518072
2.381207 0.355840 24.000000 13295.397661
2.401217 0.356480 24.000000 13333.982249
2.421227 0.355440 24.000000 13373.347305
2.441238 0.356638 24.000000 13420.313953
2.461248 0.355872 24.000000 13457.884848
2.481258 0.356487 24.000000 13510.529070
2.501268 0.355801 24.000000 13558.437126
2.521278 0.355476 24.000000 13605.443787
2.541288 0.356453 24.000000 13668.333333
2.561298 0.356027 24.000000 13720.750000
2.581309 0.356602 24.000000 13789.125000
2.601319 0.357360 24.000000 13858.532934
2.621329 0.356611 24.000000 13919.927711
2.641339 0.356432 24.000479 14005.706587
2.661349 0.356941 24.005380 14081.210526
2.681359 0.356686 24.000000 14163.754491
2.701369 0.357512 24.000000 14257.982249
2.721380 0.356768 24.000000 14338.104651
2.741390 0.357514 24.000000 14442.654321
2.761400 0.356537 24.000000 14536.088235
2.781410 0.356983 24.000000 14630.266272
2.801420 0.357632 24.000000 14746.301205
2.821430 0.356739 24.000000 14845.005848
2.841440 0.357889 24.000000 14965.662722
2.861451 0.357940 24.000000 15087.508982
2.881461 0.357834 24.000000 15197.578313
2.901471 0.357833 24.000000 15340.787879
2.921481 0.357940 24.000000 15468.331395
2.941491 0.357875 24.000000 15606.700599
2.961501 0.358379 24.000000 15761.982143
2.981511 0.357678 24.000000 15895.654762
3.001522 0.358423 24.000000 16060.321212
3.021532 0.357954 24.000000 16214.882353
3.041542 0.358219 24.000000 10279.544910
3.061552 0.358993 24.000000 154.365854
3.081562 0.357786 24.000000 299.720238
3.101572 0.359075 24.000000 461.077844
3.121583 0.358812 24.000000 624.000000
3.141593 0.358622 24.000000 760.297619
3.161603 0.358596 24.000000 925.744186
3.181613 0.359034 24.000000 1062.759036
3.201623 0.359151 24.000000 1191.435583
3.221633 0.358933 24.000000 1333.162651
3.241643 0.358742 24.000000 1445.122807
3.261654 0.359559 24.000000 1571.836364
3.281664 0.358966 24.000000 1682.952381
3.301674 0.358508 24.000000 1776.873494
3.321684 0.359088 24.000000 1886.766467
3.341694 0.358075 24.000000 1970.349112
3.361704 0.359476 24.000000 2057.927711
3.381714 0.358628 24.000000 2143.553571
3.401725 0.358487 24.000000 2209.700000
3.421735 0.358067 24.000000 2289.817073
3.441745 0.358614 24.000000 2353.520231
3.461755 0.358405 24.000000 2412.648148
3.481765 0.358458 24.000000 2480.261905
3.501775 0.358087 24.000000 2530.205882
3.521785 0.358511 24.000000 2589.750000
3.541796 0.358093 24.000000 2643.308140
3.561806 0.357781 24.000000 2687.370370
3.581816 0.358581 24.000000 2744.549708
3.601826 0.357480 24.000000 2786.508982
3.621836 0.358581 24.002651 2832.289157
3.641846 0.357775 24.005814 2881.616279
3.661856 0.357838 23.997301 2915.822086
3.681867 0.357665 24.000000 2961.934524
3.701877 0.358242 24.000000 2999.649123
3.721887 0.358022 24.000000 3031.904192
3.741897 0.357942 24.000000 3073.791667
3.761907 0.357189 24.000000 3099.981928
3.781917 0.358037 24.017857 3134.761905
3.801927 0.357762 24.000000 3166.267442
3.821938 0.357626 24.000000 3190.573964
3.841948 0.358097 24.000000 3225.932515
3.861958 0.357422 24.000000 3248.621302
3.881968 0.358359 24.000000 3276.928994
3.901978 0.357899 24.000000 3309.286585
3.921988 0.357760 24.000000 3330.311765
3.941998 0.357459 24.000000 3364.825301
3.962009 0.357412 24.000000 3389.291667
3.982019 0.357484 24.000000 3413.541667
4.002029 0.357547 23.998571 3447.119048
4.022039 0.356969 23.995449 3464.880240
4.042049 0.357623 24.000000 3494.904192
4.062059 0.313391 24.000000 3527.883838
4.082069 0.356850 24.000000 3536.042169
4.102080 0.357156 24.000000 3568.343195
4.122090 0.316256 24.000000 3584.377990
4.142100 0.332408 24.000000 3603.816901
4.162110 0.341396 24.000000 3632.650246
4.182120 0.347033 24.000000 3647.718447
4.202130 0.349397 24.000619 3671.097938
4.222140 0.350758 24.004378 3694.303483
4.242151 0.351416 24.000000 3713.519802
4.262161 0.352531 24.000000 3737.080000
4.282171 0.351588 24.000000 3758.065990
4.302181 0.352929 24.000000 3780.619289
4.322191 0.352900 24.000000 3798.410000
4.342201 0.352498 24.000000 3820.768844
4.362211 0.353373 24.000000 3844.306533
4.382222 0.352582 24.000000 3856.846535
4.402232 0.353519 24.000000 3882.709184
4.422242 0.352827 24.000000 3903.250000
4.442252 0.353284 24.000000 3913.707692
4.462262 0.354064 24.000000 3938.393939
4.482272 0.353078 24.011256 3956.276382
4.502282 0.353769 24.003858 3971.512690
4.522293 0.353646 24.000000 3989.838384
4.542303 0.353171 24.000000 4007.125628
4.562313 0.353608 23.998593 4031.281407
4.582323 0.353424 23.996327 4044.826531
4.602333 0.353213 24.000000 4064.055000
4.622343 0.353610 24.000000 4091.612245
4.642353 0.353235 24.000000 4103.160804
4.662364 0.354116 24.000000 4126.313131
4.682374 0.353211 24.000000 4150.538462
4.702384 0.353019 24.000000 4163.949495
4.722394 0.353661 24.000000 4187.197044
4.742404 0.352053 24.000000 4207.560000
4.762414 0.353470 24.000000 4226.551546
4.782424 0.353500 24.000000 4244.490000
4.802435 0.352753 24.000000 4263.673367
4.822445 0.352877 24.000000 4288.307692
4.842455 0.352938 24.000000 4300.049505
4.862465 0.352872 24.000000 4320.367347
4.882475 0.353411 24.002030 4347.040609
4.902485 0.352883 24.003030 4357.378788
4.922495 0.353512 24.000000 4381.860000
4.942506 0.352745 24.000000 4406.010000
4.962516 0.352294 24.000000 4420.532663
4.982526 0.353546 23.990722 4447.108247
5.002536 0.352032 23.994089 4468.788177
5.022546 0.353230 24.000000 4488.566327
5.042556 0.352640 24.000000 4514.318182
5.062567 0.352335 24.000000 4537.247475
5.082577 0.352764 24.000000 4560.767677
5.102587 0.352883 24.000000 4586.044335
5.122597 0.352243 24.000000 4609.866667
5.142607 0.352649 24.000000 4636.174129
5.162617 0.351651 24.000000 4661.631313
5.182627 0.352659 24.000000 4686.348485
5.202638 0.351779 24.000000 4714.281407
5.222648 0.351048 24.000000 4737.678392
5.242658 0.352466 24.000000 4768.758794
5.262668 0.350789 24.000000 4792.955000
5.282678 0.351939 24.000000 4819.732673
5.302688 0.351852 24.000000 4853.588832
5.322698 0.351153 24.000000 4873.233503
5.342709 0.351314 24.000000 4912.935000
5.362719 0.351728 24.000000 4935.782828
5.382729 0.350536 24.000000 4970.925000
5.402739 0.351523 24.000000 5006.522388
5.422749 0.350602 24.000000 5036.765000
5.442759 0.350947 24.000000 5077.809045
5.462769 0.350990 24.000000 5111.495000
5.482780 0.349281 24.000000 5148.707071
5.502790 0.351232 24.000000 5195.368687
5.522800 0.349592 24.000000 5228.671642
5.542810 0.350161 24.000000 5276.512563
5.562820 0.350546 24.000000 5320.370000
5.582830 0.349171 24.000000 5360.881188
5.602840 0.349679 24.003400 5417.355000
5.622851 0.350055 24.001576 5459.487685
5.642861 0.348476 24.000000 5511.708543
5.662871 0.349692 24.000000 5569.286432
5.682881 0.348697 24.000000 5619.000000
5.702891 0.349388 24.000000 5686.475248
5.722901 0.349880 24.000000 5740.857143
5.742911 0.348080 24.000000 5807.161765
5.762922 0.349650 24.000000 5875.880597
5.782932 0.348620 24.000000 5936.959799
5.802942 0.348714 24.000000 6015.045000
5.822952 0.349435 24.000000 6086.660000
5.842962 0.348122 24.000000 6166.571429
5.862972 0.348520 24.000000 6254.595000
5.882982 0.349281 24.000000 6335.083744
5.902993 0.348062 24.000000 6431.000000
5.923003 0.349425 24.000000 6519.860697
5.943013 0.347856 24.000000 6615.165829
5.963023 0.348382 24.000000 6722.797030
5.983033 0.349611 24.000000 6821.865672
6.003043 0.347677 24.000000 6934.296482
6.023053 0.349413 24.000000 7053.251256
6.043064 0.348852 24.000000 7165.645000
6.063074 0.348926 24.003168 7296.668317
6.083084 0.349738 24.001782 7428.480198
6.103094 0.348656 24.000000 7554.814070
6.123104 0.348949 24.000000 7700.835000
6.143114 0.349457 24.000000 7831.279412
6.163124 0.348440 24.000000 7975.610000
6.183135 0.349719 23.996418 8131.029851
6.203145 0.348286 24.008643 8265.507538
6.223155 0.348947 24.000000 8421.402010
6.243165 0.349699 24.000000 8567.881773
6.263175 0.348057 24.000000 8706.295000
