serial number: RI80_21414844
torque: 16
start_temp: 24 (25)
finish_temp: 24 (25)
note: po poprawkach i montazu Tomka
0.000000 0.282499 24.000000 10816.905556
0.020010 0.277983 24.000000 10881.186813
0.040020 0.279019 24.000000 10943.079545
0.060030 0.283150 24.000000 11025.333333
0.080041 0.276617 24.000000 11080.093407
0.100051 0.280763 24.000000 11155.151685
0.120061 0.279774 24.000000 11222.734104
0.140071 0.277690 24.000000 11277.109890
0.160081 0.282583 24.000000 11354.792135
0.180091 0.276963 24.000000 11409.754190
0.200101 0.279603 24.000000 11473.811111
0.220112 0.281671 24.000000 11541.397727
0.240122 0.276337 24.000000 11591.901099
0.260132 0.282980 24.000000 11660.215909
0.280142 0.277366 24.000000 11715.387978
0.300152 0.279016 24.000000 11771.491620
0.320162 0.282427 24.000000 11833.988701
0.340172 0.275318 24.000000 11883.140449
0.360183 0.279776 24.000000 11944.328571
0.380193 0.279027 24.000000 11998.096552
0.400203 0.277160 24.000000 12050.537931
0.420213 0.282041 24.000000 12108.021127
0.440223 0.276085 24.000000 12157.200000
0.460233 0.279131 24.000000 12211.293706
0.480243 0.281654 24.000000 12261.007042
0.500254 0.276222 24.000000 12310.582192
0.520264 0.282500 24.000000 12362.936620
0.540274 0.276863 24.000000 12408.855172
0.560284 0.278188 24.000000 12462.377622
0.580294 0.282230 24.000000 12508.446809
0.600304 0.274921 24.000000 12559.251701
0.620314 0.280013 24.000000 12612.570423
0.640325 0.279087 24.000000 12659.062069
0.660335 0.275789 24.000000 12717.223776
0.680345 0.281835 24.000000 12766.921986
0.700355 0.217752 24.000000 12839.176211
0.720365 0.261212 24.000000 12893.645503
0.740375 0.278757 24.000000 12931.972603
0.760385 0.266072 24.000000 12996.052910
0.780396 0.276361 24.000000 13051.723757
0.800406 0.272219 24.000000 13106.145946
0.820416 0.274530 24.000000 13174.283333
0.840426 0.279527 24.000000 13220.374302
0.860436 0.271997 24.000000 13285.304348
0.880446 0.278279 24.000000 13345.150838
0.900456 0.276289 24.000000 13393.844086
0.920467 0.273460 24.000000 13464.536313
0.940477 0.279992 24.000000 13508.785311
0.960487 0.272902 24.000000 13567.924324
0.980497 0.277217 24.000000 13631.989011
1.000507 0.278649 24.000000 13671.814607
1.020517 0.272605 24.000000 13741.037838
1.040528 0.279260 24.000000 13788.657303
1.060538 0.272994 24.000000 13838.912088
1.080548 0.275188 24.000000 13907.032787
1.100558 0.279204 24.000000 13943.611111
1.120568 0.272099 24.000000 14010.297297
1.140578 0.277899 24.000000 14063.801136
1.160588 0.275315 24.000000 14105.735135
1.180599 0.272279 24.000000 14176.127778
1.200609 0.279410 24.000000 14213.967391
1.220619 0.272123 24.000000 14273.187845
1.240629 0.276296 24.000000 14333.955556
1.260639 0.277533 24.000000 14369.349727
1.280649 0.271790 24.000000 14438.853261
1.300659 0.278854 24.000000 14482.309392
1.320670 0.271842 24.000000 14532.371585
1.340680 0.274579 24.000000 14598.092896
1.360690 0.277674 24.000000 14630.609890
1.380700 0.270090 24.000000 14695.532967
1.400710 0.277475 24.000000 14745.773481
1.420720 0.273695 24.000000 14786.033333
1.440730 0.272465 24.000000 14852.902174
1.460741 0.278720 24.000000 14888.016667
1.480751 0.270380 24.000000 14944.395722
1.500761 0.275700 24.000000 15001.977778
1.520771 0.275256 24.000000 15036.643243
1.540781 0.270704 24.000000 15101.262295
1.560791 0.277761 24.000000 15142.187845
1.580801 0.271003 24.000000 15189.663043
1.600812 0.273784 24.000000 15250.193370
1.620822 0.276302 24.000000 15282.846995
1.640832 0.269514 24.000000 15342.887097
1.660842 0.276971 24.000000 15390.224044
1.680852 0.272261 24.000000 15430.230769
1.700862 0.271673 24.000000 15490.340782
1.720872 0.278294 24.000000 15526.868132
1.740883 0.269422 24.000000 15578.945946
1.760893 0.274792 24.000000 15632.326087
1.780903 0.274159 24.000000 15668.651934
1.800913 0.269572 24.000000 15726.770053
1.820923 0.276924 24.000000 15769.928962
1.840933 0.269631 24.000000 15814.516304
1.860943 0.273003 24.000000 15871.695652
1.880954 0.276584 24.000000 15909.744444
1.900964 0.269166 24.000000 15965.000000
1.920974 0.277371 24.000000 16014.196629
1.940984 0.271469 24.000000 16055.701087
1.960994 0.271347 24.000000 16112.338710
1.981004 0.277544 24.000000 16156.611111
2.001014 0.269069 24.000000 16205.526882
2.021025 0.274346 24.000000 16259.220994
2.041035 0.274574 24.000000 16301.428571
2.061045 0.269907 24.000000 16354.709677
2.081055 0.276985 24.000000 294.575419
2.101065 0.268962 24.000000 63.803191
2.121075 0.272603 24.000000 119.293478
2.141085 0.276569 24.000000 164.472222
2.161096 0.268997 24.000000 212.591398
2.181106 0.276805 24.000000 266.208791
2.201116 0.270300 24.000000 308.510870
2.221126 0.270984 24.000000 358.740541
2.241136 0.276883 24.000000 408.111732
2.261146 0.267426 24.000000 448.936508
2.281156 0.273816 24.000000 503.923497
2.301167 0.273514 24.000000 549.662983
2.321177 0.268504 24.000000 594.465241
2.341187 0.276992 24.000000 647.161111
2.361197 0.267969 24.000000 686.349462
2.381207 0.272045 24.000000 738.804348
2.401217 0.275461 24.000000 789.780220
2.421227 0.266768 24.000000 828.207447
2.441238 0.275469 23.994475 885.839779
2.461248 0.268238 24.000000 928.139037
2.481258 0.269761 24.000000 976.345946
2.501268 0.276697 24.000000 1032.405556
2.521278 0.266897 24.000000 1068.553191
2.541288 0.273146 24.000000 1127.295082
2.561298 0.272304 24.000000 1177.376344
2.581309 0.266641 24.000000 1218.872340
2.601319 0.275651 24.000000 1280.312849
2.621329 0.267246 23.998723 1318.877660
2.641339 0.271157 23.995824 1373.686813
2.661349 0.275239 24.000000 1431.494565
2.681359 0.266258 24.000000 1467.155080
2.701369 0.275420 24.000000 1531.573770
2.721380 0.268211 24.000000 1576.064171
2.741390 0.268854 24.000000 1625.032432
2.761400 0.275936 24.000000 1687.792350
2.781410 0.264983 24.000000 1723.135135
2.801420 0.272238 24.000000 1786.639785
2.821430 0.271716 24.000000 1840.565217
2.841440 0.266286 24.000000 1883.053191
2.861451 0.275601 24.000000 1949.960894
2.881461 0.265594 24.000000 1991.142105
2.901471 0.270425 24.000000 2051.951351
2.921481 0.273754 24.000000 2114.119565
2.941491 0.264613 24.000000 2153.573684
2.961501 0.274406 24.000000 2225.225275
2.981511 0.267520 24.000000 2273.673797
3.001522 0.268466 24.000000 2328.580110
3.021532 0.274568 24.000000 2396.076087
3.041542 0.263128 24.000000 2437.284211
3.061552 0.271252 24.000000 2505.102703
3.081562 0.269485 24.000000 2562.404372
3.101572 0.264489 24.000000 2609.444444
3.121583 0.274332 24.000000 2678.885870
3.141593 0.263459 24.000000 2723.368421
3.161603 0.269605 24.000000 2786.031915
3.181613 0.271829 24.000000 2846.847826
3.201623 0.263201 24.000000 2888.833333
3.221633 0.272928 24.000000 2955.274194
3.241643 0.265250 24.000000 3003.132979
3.261654 0.266928 24.000000 3057.285714
3.281664 0.273272 24.000000 3117.224044
3.301674 0.262963 24.000000 3158.322751
3.321684 0.271137 23.994973 3218.994536
3.341694 0.268538 23.994255 3269.324468
3.361704 0.263890 24.000000 3316.129032
3.381714 0.273099 24.000000 3374.410811
3.401725 0.262122 24.000000 3416.821990
3.421735 0.268727 24.000000 3474.107527
3.441745 0.270404 24.000000 3527.942105
3.461755 0.262393 24.000000 3576.125654
3.481765 0.271921 24.000000 3636.055249
3.501775 0.263846 24.000000 3684.404255
3.521785 0.266795 24.000000 3744.310160
3.541796 0.272034 24.000000 3802.182796
3.561806 0.262408 24.000000 3854.640212
3.581816 0.270407 24.000000 3918.418478
3.601826 0.266934 24.000000 3973.857895
3.621836 0.264070 24.000000 4037.231579
3.641846 0.272634 24.000000 4097.841530
3.661856 0.262229 24.000000 4154.225131
3.681867 0.268842 24.000000 4219.559140
3.701877 0.269611 24.000000 4275.497326
3.721887 0.263013 24.000000 4338.094737
3.741897 0.272037 24.000000 4397.277174
3.761907 0.264712 24.000000 4452.026596
3.781917 0.267985 24.000000 4517.343915
3.801927 0.272544 24.000000 4568.066667
3.821938 0.262395 24.000000 4627.166667
3.841948 0.271338 24.000000 4682.133690
3.861958 0.267426 24.000000 4729.778378
3.881968 0.265199 24.000000 4789.914894
3.901978 0.273721 24.000000 4832.464481
3.921988 0.262882 24.000000 4882.793651
3.941998 0.269620 24.000000 4932.682540
3.962009 0.269282 24.000000 4972.240642
3.982019 0.263875 24.000000 5027.102151
4.002029 0.272555 24.000000 5064.451613
4.022039 0.265650 24.000000 5109.031579
4.042049 0.268721 24.000000 5161.527473
4.062059 0.272588 24.000000 5194.939891
4.082069 0.264236 24.000000 5251.078125
4.102080 0.273304 24.000000 5292.533333
4.122090 0.268842 24.000000 5334.827027
4.142100 0.267179 24.000000 5395.052356
4.162110 0.274936 24.000000 5432.265193
4.182120 0.265358 24.000000 5488.090909
4.202130 0.271947 24.000000 5540.048387
4.222140 0.273069 24.000000 5582.840659
4.242151 0.267172 24.000000 5648.882979
4.262161 0.275639 24.000000 5691.342541
4.282171 0.268817 24.000000 5745.245989
4.302181 0.271253 24.000000 5807.298913
4.322191 0.275203 24.000000 5848.082873
4.342201 0.267418 24.000000 5916.042105
4.362211 0.275827 24.000000 5962.713483
4.382222 0.271473 24.000000 6011.951872
4.402232 0.270227 24.000000 6079.762162
4.422242 0.277856 24.000000 6119.238889
4.442252 0.268622 24.000000 6180.091398
4.462262 0.274484 24.000000 6233.303867
4.482272 0.274943 24.000000 6275.331522
4.502282 0.269810 24.000000 6342.608696
4.522293 0.277808 24.000000 6381.165746
4.542303 0.270760 24.000000 6433.391304
4.562313 0.273575 24.000000 6491.443243
4.582323 0.277390 24.000000 6528.238889
4.602333 0.270112 24.000000 6590.467391
4.622343 0.277478 24.000000 6632.622222
4.642353 0.272432 23.995319 6677.696809
4.662364 0.272119 23.999330 6739.592179
4.682374 0.279247 24.000000 6773.933333
4.702384 0.270305 24.000000 6828.814815
4.722394 0.275745 24.000000 6877.050279
4.742404 0.275873 24.000000 6914.856354
4.762414 0.270616 24.000000 6975.043243
4.782424 0.279320 24.000000 7010.703911
4.802435 0.271636 24.000000 7057.091892
4.822445 0.274002 24.000000 7110.318436
4.842455 0.278220 24.000000 7144.842391
4.862465 0.270657 24.000000 7199.207650
4.882475 0.278532 24.000000 7239.269231
4.902485 0.273364 24.000000 7280.021739
4.922495 0.273450 24.000000 7333.922222
4.942506 0.279478 24.000000 7367.698324
4.962516 0.270738 24.000000 7414.183784
4.982526 0.276492 24.000000 7460.873626
5.002536 0.276103 24.000000 7496.955556
5.022546 0.271465 24.000000 7548.292553
5.042556 0.279508 24.000000 7586.096045
5.062567 0.272224 24.000000 7625.884615
5.082577 0.275510 24.000000 7675.103825
5.102587 0.278479 24.000000 7712.439560
5.122597 0.271960 24.000000 7758.934426
5.142607 0.279139 24.000000 7802.674157
5.162617 0.274044 24.000000 7840.945055
5.182627 0.274883 24.000000 7889.427807
5.202638 0.279906 24.000000 7928.354286
5.222648 0.272364 24.000000 7969.333333
5.242658 0.278114 24.000000 8017.920904
5.262668 0.276752 24.000000 8056.589189
5.282678 0.273008 24.000000 8102.050279
5.302688 0.280748 24.000000 8146.447514
5.322698 0.272861 24.000000 8185.994565
5.342709 0.276714 24.000000 8235.642458
5.362719 0.278588 24.000000 8277.812155
5.382729 0.273351 24.000000 8320.559783
5.402739 0.279852 24.000000 8371.914773
5.422749 0.273412 24.000000 8413.609626
5.442759 0.275125 24.000000 8464.071823
5.462769 0.279290 24.000000 8511.694444
5.482780 0.271969 24.000000 8552.662983
5.502790 0.278393 24.000000 8607.818681
5.522800 0.275486 24.000000 8652.688889
5.542810 0.273527 24.000000 8699.027473
5.562820 0.280260 24.000000 8756.180791
5.582830 0.272592 24.000000 8796.634921
5.602840 0.277764 24.000000 8852.926554
5.622851 0.278488 24.000000 8902.661111
5.642861 0.274407 24.000000 8946.759563
5.662871 0.280282 24.000000 9009.220994
5.682881 0.274076 24.000000 9052.551913
5.702891 0.276415 24.000000 9105.983051
5.722901 0.280055 24.000000 9162.944751
5.742911 0.273601 24.000000 9204.486188
5.762922 0.279546 24.000000 9268.916667
5.782932 0.275625 24.000000 9316.508197
5.802942 0.274501 24.000000 9364.765363
5.822952 0.280879 24.000000 9430.251397
5.842962 0.273938 24.000000 9470.917582
5.862972 0.279039 24.000000 9532.867403
5.882982 0.278606 24.000000 9588.427778
5.902993 0.275524 24.000000 9632.369565
5.923003 0.280411 24.000000 9702.914773
5.943013 0.275206 24.000000 9745.729282
5.963023 0.278118 24.000000 9803.907104
5.983033 0.280366 24.000000 9869.491429
6.003043 0.274754 24.000000 9909.527778
6.023053 0.281018 24.000000 9982.414365
6.043064 0.277033 24.000000 10035.916667
6.063074 0.277726 24.000000 10089.502732
6.083084 0.282749 24.000000 10165.215909
6.103094 0.275666 24.000000 10210.100559
6.123104 0.280676 24.000000 10280.617978
6.143114 0.279479 24.000000 10347.784530
6.163124 0.277388 24.000000 10400.098901
6.183135 0.282375 24.000000 10482.411429
6.203145 0.277523 24.000000 10536.923077
6.223155 0.279791 24.000000 10605.072626
6.243165 0.281665 24.000000 10683.387640
6.263175 0.275897 24.000000 10734.632768
