serial number: RI80_21414844
torque: 16
start_temp: 22 (23)
finish_temp: 22 (23)
note: asdfasdf
0.000000 0.236841 22.623133 10914.421687
0.020010 0.239048 22.536667 10966.761905
0.040020 0.237888 22.573647 11045.647059
0.060030 0.236054 22.592857 11101.309524
0.080041 0.239965 22.641928 11161.855422
0.100051 0.236224 22.431628 11235.302326
0.120061 0.237712 22.624000 11285.917647
0.140071 0.237599 22.537619 11355.250000
0.160081 0.235875 22.457143 11411.738095
0.180091 0.239434 22.510118 11465.917647
0.200101 0.236742 22.549880 11533.783133
0.220112 0.236240 22.577209 11582.197674
0.240122 0.238748 22.475663 11642.084337
0.260132 0.235471 22.453176 11698.435294
0.280142 0.237533 22.555765 11748.341176
0.300152 0.235398 22.511628 11809.034884
0.320162 0.234021 22.528780 11855.853659
0.340172 0.238602 22.495814 11909.895349
0.360183 0.233702 22.483678 11964.931034
0.380193 0.236038 22.458095 12013.023810
0.400203 0.235659 22.631059 12067.952941
0.420213 0.233093 22.485517 12113.655172
0.440223 0.237360 22.552857 12165.333333
0.460233 0.234097 22.488000 12214.517647
0.480243 0.234332 22.491566 12259.337349
0.500254 0.238202 22.524651 12310.627907
0.520264 0.233463 22.465116 12354.337209
0.540274 0.237043 22.553810 12404.309524
0.560284 0.234643 22.533488 12452.813953
0.580294 0.232604 22.460930 12498.418605
0.600304 0.238003 22.577882 12554.058824
0.620314 0.233242 22.466353 12597.058824
0.640325 0.236801 22.461905 12651.190476
0.660335 0.236345 22.530233 12706.186047
0.680345 0.232602 22.552558 12754.209302
0.700355 0.237539 22.584762 12818.261905
0.720365 0.232821 22.714483 12867.172414
0.740375 0.233318 22.666667 12926.226190
0.760385 0.234802 22.671818 12990.659091
0.780396 0.231206 22.507765 13038.541176
0.800406 0.235753 22.419070 13107.837209
0.820416 0.233986 22.563294 13161.082353
0.840426 0.232360 22.643218 13217.931034
0.860436 0.236523 22.616471 13288.058824
0.880446 0.230377 22.519059 13330.764706
0.900456 0.234707 22.569412 13399.282353
0.920467 0.233667 22.556322 13457.241379
0.940477 0.229942 22.578182 13506.863636
0.960487 0.235053 22.623810 13578.702381
0.980497 0.230840 22.510805 13620.505747
1.000507 0.232470 22.560000 13684.767442
1.020517 0.234891 22.588235 13747.105882
1.040528 0.229430 22.606897 13787.264368
1.060538 0.234553 22.623636 13860.250000
1.080548 0.230732 22.664941 13907.541176
1.100558 0.230727 22.508837 13962.930233
1.120568 0.234707 22.549885 14031.655172
1.140578 0.229477 22.520941 14066.482353
1.160588 0.234261 22.586047 14137.186047
1.180599 0.233129 22.560460 14190.885057
1.200609 0.228821 22.489767 14236.953488
1.220619 0.233784 22.429302 14308.116279
1.240629 0.228807 22.526818 14346.000000
1.260639 0.231664 22.540930 14409.976744
1.280649 0.233285 22.565977 14470.126437
1.300659 0.228773 22.575632 14507.655172
1.320670 0.234008 22.549425 14581.160920
1.340680 0.230210 22.504651 14622.953488
1.360690 0.230523 22.487816 14677.873563
1.380700 0.233920 22.474824 14741.682353
1.400710 0.228543 22.540225 14775.988764
1.420720 0.233203 22.532857 14845.392857
1.440730 0.231760 22.521839 14893.011494
1.460741 0.228073 22.524598 14936.540230
1.480751 0.233695 22.599540 15003.735632
1.500761 0.229106 22.589885 15040.597701
1.520771 0.231942 22.604598 15100.068966
1.540781 0.231746 22.615349 15154.813953
1.560791 0.227707 22.491494 15189.701149
1.580801 0.232585 22.546977 15257.174419
1.600812 0.230448 22.597701 15297.149425
1.620822 0.231306 22.731954 15348.103448
1.640832 0.234411 22.524706 15404.188235
1.660842 0.228780 22.558140 15439.220930
1.680852 0.233378 22.574713 15500.712644
1.700862 0.231510 22.620690 15545.793103
1.720872 0.228764 22.586667 15587.931034
1.740883 0.234343 22.561412 15645.611765
1.760893 0.230016 22.462529 15684.321839
1.780903 0.232651 22.480460 15737.885057
1.800913 0.232968 22.587765 15787.658824
1.820923 0.229403 22.546047 15822.476744
1.840933 0.234323 22.456744 15881.430233
1.860943 0.231682 22.490575 15924.988506
1.880954 0.231704 22.484138 15971.206897
1.900964 0.233541 22.503529 16025.564706
1.920974 0.229209 22.434091 16063.988636
1.940984 0.233881 22.600471 16116.505882
1.960994 0.233264 22.496279 16164.848837
1.981004 0.229973 22.553563 16206.103448
2.001014 0.235355 22.484286 16260.500000
2.021025 0.231157 22.562759 16303.000000
2.041035 0.233199 22.577674 16349.151163
2.061045 0.234239 22.510233 1731.453488
2.081055 0.230518 22.461364 57.806818
2.101065 0.234704 22.501205 107.843373
2.121075 0.232975 22.604045 153.471910
2.141085 0.231657 22.560941 194.717647
2.161096 0.235039 22.435294 246.694118
2.181106 0.230507 22.616279 288.000000
2.201116 0.235255 22.502588 331.152941
2.221126 0.234429 22.475294 380.247059
2.241136 0.229877 22.502989 418.126437
2.261146 0.235726 22.537412 467.141176
2.281156 0.232137 22.562299 513.275862
2.301167 0.234250 22.552941 550.847059
2.321177 0.234909 22.499048 601.583333
2.341187 0.230489 22.499091 641.806818
2.361197 0.235502 22.575529 683.964706
2.381207 0.233859 22.579765 734.494118
2.401217 0.232513 22.555349 769.988372
2.421227 0.237079 22.464471 822.341176
2.441238 0.232167 22.582791 867.383721
2.461248 0.236779 22.560930 905.011628
2.481258 0.234993 22.663614 960.674699
2.501268 0.231128 22.543908 998.091954
2.521278 0.237712 22.590476 1046.690476
2.541288 0.233640 22.582791 1099.476744
2.561298 0.236306 22.608571 1132.857143
2.581309 0.237012 22.573333 1192.452381
2.601319 0.232119 22.618636 1236.511364
2.621329 0.238040 22.548095 1279.214286
2.641339 0.235475 22.538095 1339.035714
2.661349 0.234119 22.528837 1373.337209
2.681359 0.238508 22.512771 1432.048193
2.701369 0.233725 22.486977 1481.872093
2.721380 0.238802 22.486190 1518.416667
2.741390 0.237600 22.464762 1584.190476
2.761400 0.233961 22.609524 1623.750000
2.781410 0.240145 22.661176 1675.894118
2.801420 0.235012 22.551628 1737.395349
2.821430 0.237542 22.495714 1772.547619
2.841440 0.238403 22.420723 1842.289157
2.861451 0.233828 22.540000 1891.034884
2.881461 0.240719 22.475556 1937.271605
2.901471 0.238230 22.710118 2007.058824
2.921481 0.236647 22.506047 2046.895349
2.941491 0.240815 22.611707 2115.292683
2.961501 0.234922 22.577209 2173.616279
2.981511 0.240811 22.462857 2218.928571
3.001522 0.239105 22.496296 2294.419753
3.021532 0.236653 22.587126 2340.747126
3.041542 0.241719 22.549367 2402.556962
3.061552 0.237621 22.541609 2470.206897
3.081562 0.208846 22.594694 2538.142857
3.101572 0.240572 22.631325 2590.361446
3.121583 0.235331 22.578095 2642.607143
3.141593 0.191680 22.612148 2703.237037
3.161603 0.216183 22.576403 2770.273381
3.181613 0.227729 22.545649 2814.198473
3.201623 0.236927 22.591875 2884.421875
3.221633 0.233454 22.632868 2942.472868
3.241643 0.240981 22.670080 2990.128000
3.261654 0.237396 22.705714 3061.555556
3.281664 0.236547 22.586452 3105.822581
3.301674 0.242730 22.627810 3162.838095
3.321684 0.238539 22.660476 3226.452381
3.341694 0.241546 22.624390 3269.829268
3.361704 0.242575 22.531566 3337.445783
3.381714 0.237764 22.603373 3386.698795
3.401725 0.244065 22.568675 3442.216867
3.421735 0.241038 22.615422 3505.301205
3.441745 0.240675 22.588916 3552.807229
3.461755 0.243915 22.525854 3620.963415
3.481765 0.239844 22.496190 3677.988095
3.501775 0.245146 22.635610 3736.268293
3.521785 0.242237 22.648293 3803.829268
3.541796 0.240701 22.637590 3859.867470
3.561806 0.244687 22.566747 3930.710843
3.581816 0.240311 22.512683 3992.304878
3.601826 0.242828 22.533012 4054.084337
3.621836 0.243368 22.559024 4124.548780
3.641846 0.239771 22.556190 4184.785714
3.661856 0.246066 22.583902 4256.146341
3.681867 0.242320 22.520488 4315.707317
3.701877 0.242125 22.668434 4378.807229
3.721887 0.244221 22.661000 4446.737500
3.741897 0.239987 22.684286 4502.309524
3.761907 0.243884 22.625542 4571.710843
3.781917 0.241135 22.596627 4625.879518
3.801927 0.239319 22.675610 4683.865854
3.821938 0.243645 22.522410 4747.819277
3.841948 0.240044 22.545882 4793.000000
3.861958 0.242216 22.584691 4854.222222
3.881968 0.243278 22.631111 4900.259259
3.901978 0.239186 22.511628 4946.883721
3.921988 0.244611 22.547654 5006.419753
3.941998 0.241404 22.581463 5039.341463
3.962009 0.241329 22.641429 5092.952381
3.982019 0.243886 22.454458 5138.963855
4.002029 0.240665 22.525301 5177.000000
4.022039 0.243343 22.496098 5236.292683
4.042049 0.242429 22.533494 5267.819277
4.062059 0.241720 22.613659 5318.987805
4.082069 0.244777 22.617561 5372.475610
4.102080 0.241614 22.480976 5406.634146
4.122090 0.243494 22.556098 5470.073171
4.142100 0.243875 22.551807 5508.975904
4.162110 0.240695 22.605783 5558.746988
4.182120 0.245229 22.504198 5623.530864
4.202130 0.242196 22.441429 5656.928571
4.222140 0.242220 22.547317 5721.195122
4.242151 0.244575 22.574634 5771.231707
4.262161 0.240683 22.560000 5816.321429
4.282171 0.244544 22.427654 5886.938272
4.302181 0.244191 22.524390 5922.036585
4.322191 0.242999 22.679524 5982.250000
4.342201 0.246027 22.698272 6043.296296
4.362211 0.242527 22.592308 6079.846154
4.382222 0.244525 22.623210 6149.728395
4.402232 0.245195 22.471325 6189.566265
4.422242 0.241512 22.536585 6240.719512
4.442252 0.246868 22.573171 6306.963415
4.462262 0.243217 22.554634 6338.182927
4.482272 0.243431 22.443457 6399.938272
4.502282 0.244979 22.534634 6446.536585
4.522293 0.240059 22.521429 6487.940476
4.542303 0.244347 22.502222 6553.419753
4.562313 0.243248 22.569157 6583.975904
4.582323 0.241559 22.532346 6636.296296
4.602333 0.245192 22.529524 6691.357143
4.622343 0.240498 22.497561 6726.146341
4.642353 0.244464 22.545366 6787.024390
4.662364 0.244764 22.548780 6822.634146
4.682374 0.241286 22.505060 6868.144578
4.702384 0.246193 22.492000 6927.262500
4.722394 0.241420 22.527143 6956.976190
4.742404 0.243290 22.471111 7010.037037
4.762414 0.245489 22.467317 7054.439024
4.782424 0.240304 22.523373 7091.686747
4.802435 0.244492 22.526341 7149.182927
4.822445 0.242757 22.569157 7180.843373
4.842455 0.241540 22.535610 7227.121951
4.862465 0.245581 22.561463 7277.804878
4.882475 0.241049 22.491566 7310.710843
4.902485 0.244572 22.521951 7362.390244
4.922495 0.243238 22.525783 7400.734940
4.942506 0.239747 22.469756 7440.817073
4.962516 0.244779 22.546988 7494.096386
4.982526 0.240775 22.552683 7526.073171
5.002536 0.243524 22.550843 7572.265060
5.022546 0.244571 22.507805 7617.195122
5.042556 0.239183 22.436190 7653.595238
5.062567 0.244997 22.521481 7704.012346
5.082577 0.242407 22.476098 7742.207317
5.102587 0.242220 22.461951 7783.914634
5.122597 0.245300 22.518049 7834.048780
5.142607 0.240647 22.472857 7870.630952
5.162617 0.244756 22.502222 7915.679012
5.182627 0.242672 22.522857 7960.833333
5.202638 0.240756 22.595610 7999.865854
5.222648 0.245253 22.576667 8051.000000
5.242658 0.241079 22.550500 8090.725000
5.262668 0.243482 22.489882 8132.282353
5.282678 0.242924 22.653827 8184.185185
5.302688 0.238357 22.556706 8223.352941
5.322698 0.244449 22.454634 8271.390244
5.342709 0.241275 22.519024 8319.292683
5.362719 0.241161 22.512771 8359.554217
5.382729 0.242910 22.531084 8415.578313
5.402739 0.237763 22.585714 8458.964286
5.422749 0.243020 22.541687 8504.048193
5.442759 0.241273 22.493494 8560.807229
5.462769 0.239270 22.486341 8600.036585
5.482780 0.243381 22.577561 8654.219512
5.502790 0.239138 22.577209 8707.069767
5.522800 0.242427 22.544390 8749.280488
5.542810 0.241849 22.502651 8811.325301
5.562820 0.238585 22.497143 8853.273810
5.582830 0.243926 22.532195 8903.731707
5.602840 0.240038 22.642927 8964.621951
5.622851 0.240776 22.508372 9004.441860
5.642861 0.241345 22.482410 9067.722892
5.662871 0.238136 22.532195 9116.621951
5.682881 0.243119 22.583133 9161.433735
5.702891 0.240377 22.573176 9229.776471
5.722901 0.239695 22.527805 9269.731707
5.742911 0.242145 22.587619 9327.476190
5.762922 0.239223 22.555663 9386.915663
5.782932 0.241507 22.549524 9427.547619
5.802942 0.239907 22.628095 9497.928571
5.822952 0.237675 22.514286 9541.345238
5.842962 0.242326 22.484762 9593.369048
5.862972 0.239028 22.529268 9660.219512
5.882982 0.240300 22.573494 9698.060241
5.902993 0.239854 22.522439 9763.134146
5.923003 0.238365 22.558140 9816.779070
5.943013 0.241382 22.506341 9862.024390
5.963023 0.238239 22.590000 9935.583333
5.983033 0.238033 22.691765 9976.482353
6.003043 0.240991 22.576386 10038.265060
6.023053 0.238232 22.572683 10102.621951
6.043064 0.239992 22.451294 10144.364706
6.063074 0.238597 22.560000 10221.564706
6.083084 0.236568 22.522892 10271.337349
6.103094 0.241518 22.547143 10327.571429
6.123104 0.238561 22.648471 10404.894118
6.143114 0.240101 22.543415 10450.000000
6.163124 0.239963 22.599048 10524.547619
6.183135 0.238138 22.585882 10587.247059
6.203145 0.240953 22.580723 10642.216867
6.223155 0.238080 22.563855 10722.771084
6.243165 0.236848 22.532093 10774.290698
6.263175 0.239343 22.531429 10844.416667
