serial number: RI80_21414844
torque: 16
start_temp: 23 (23)
finish_temp: 23 (23)
note: asdfasdf
0.000000 0.239110 22.657143 10915.857143
0.020010 0.241293 22.720976 10968.000000
0.040020 0.239588 22.697674 11046.476744
0.060030 0.237414 22.717561 11102.000000
0.080041 0.242124 22.702651 11163.144578
0.100051 0.237879 22.760000 11235.788235
0.120061 0.239171 22.687317 11286.463415
0.140071 0.239657 22.746047 11354.465116
0.160081 0.237808 22.716190 11413.119048
0.180091 0.241229 22.721481 11466.814815
0.200101 0.238161 22.712857 11534.285714
0.220112 0.237600 22.704941 11583.870588
0.240122 0.240003 22.741205 11643.204819
0.260132 0.236808 22.693810 11699.773810
0.280142 0.239242 22.695422 11749.325301
0.300152 0.238663 22.633023 11810.093023
0.320162 0.236484 22.649756 11856.841463
0.340172 0.241279 22.695714 11911.369048
0.360183 0.237143 22.727619 11965.583333
0.380193 0.238781 22.816471 12013.717647
0.400203 0.239475 22.637108 12068.108434
0.420213 0.236033 22.662069 12114.655172
0.440223 0.240160 22.672099 12166.419753
0.460233 0.236892 22.711429 12214.869048
0.480243 0.237345 22.578851 12260.494253
0.500254 0.239487 22.771084 12312.759036
0.520264 0.235825 22.739765 12354.905882
0.540274 0.238344 22.779259 12404.617284
0.560284 0.236363 22.673488 12453.046512
0.580294 0.234601 22.604186 12498.534884
0.600304 0.239626 22.696867 12554.240964
0.620314 0.235596 22.662791 12598.058140
0.640325 0.237861 22.734458 12652.554217
0.660335 0.237625 22.775714 12707.238095
0.680345 0.234244 22.697931 12754.804598
0.700355 0.237694 22.707470 12819.325301
0.720365 0.233429 22.736552 12868.045977
0.740375 0.234028 22.731429 12927.714286
0.760385 0.236290 22.697471 12991.724138
0.780396 0.232698 22.680476 13038.988095
0.800406 0.236683 22.727619 13107.619048
0.820416 0.234414 22.837241 13162.195402
0.840426 0.233708 22.822791 13219.895349
0.860436 0.238344 22.745679 13288.962963
0.880446 0.231992 22.603636 13331.227273
0.900456 0.234979 22.710698 13401.162791
0.920467 0.234190 22.756190 13459.250000
0.940477 0.231425 22.559080 13507.689655
0.960487 0.237379 22.786190 13579.738095
0.980497 0.232946 22.794762 13620.416667
1.000507 0.234047 22.580230 13684.356322
1.020517 0.236142 22.733488 13747.686047
1.040528 0.230432 22.677241 13788.333333
1.060538 0.235555 22.718571 13861.595238
1.080548 0.232237 22.680000 13907.379310
1.100558 0.232612 22.759540 13964.413793
1.120568 0.235910 22.803333 14032.916667
1.140578 0.230645 22.678621 14068.609195
1.160588 0.234813 22.721446 14138.722892
1.180599 0.233878 22.643636 14190.943182
1.200609 0.230840 22.840471 14238.082353
1.220619 0.235628 22.694884 14309.209302
1.240629 0.230960 22.787765 14346.941176
1.260639 0.233653 22.755402 14411.586207
1.280649 0.234843 22.786506 14470.481928
1.300659 0.231539 22.761839 14507.908046
1.320670 0.235951 22.733333 14580.869048
1.340680 0.232703 22.717241 14623.597701
1.360690 0.232119 22.703721 14677.813953
1.380700 0.235833 22.749647 14740.894118
1.400710 0.231205 22.830909 14776.386364
1.420720 0.235354 22.684235 14845.870588
1.440730 0.233912 22.651628 14893.569767
1.460741 0.230788 22.671059 14938.035294
1.480751 0.235287 22.649157 15002.710843
1.500761 0.231154 22.798667 15041.233333
1.520771 0.233646 22.680952 15100.357143
1.540781 0.233574 22.727356 15154.540230
1.560791 0.230505 22.736471 15190.435294
1.580801 0.235212 22.689195 15256.091954
1.600812 0.232548 22.766977 15298.372093
1.620822 0.232598 22.810476 15347.416667
1.640832 0.235467 22.754824 15404.952941
1.660842 0.230232 22.850602 15438.469880
1.680852 0.234380 22.801818 15499.397727
1.700862 0.234021 22.767619 15545.630952
1.720872 0.230063 22.743820 15587.235955
1.740883 0.235865 22.863059 15646.741176
1.760893 0.232715 22.781429 15683.511905
1.780903 0.235420 22.741609 15736.172414
1.800913 0.235838 22.770732 15787.012195
1.820923 0.231531 22.815281 15823.325843
1.840933 0.235107 22.735238 15881.750000
1.860943 0.233203 22.741176 15924.658824
1.880954 0.232621 22.650353 15970.270588
1.900964 0.236195 22.773647 16023.870588
1.920974 0.232769 22.730575 16062.126437
1.940984 0.236286 22.784286 16115.107143
1.960994 0.235276 22.760000 16163.409091
1.981004 0.231432 22.716706 16205.011765
2.001014 0.237180 22.661176 16259.682353
2.021025 0.233381 22.614419 16302.558140
2.041035 0.235567 22.697143 16348.250000
2.061045 0.235779 22.806047 2682.744186
2.081055 0.232345 22.721905 55.226190
2.101065 0.237262 22.701364 106.625000
2.121075 0.235555 22.758000 152.500000
2.141085 0.234207 22.767816 192.482759
2.161096 0.237178 22.670233 245.720930
2.181106 0.232646 22.748837 287.813953
2.201116 0.236355 22.780000 330.440476
2.221126 0.236672 22.738824 379.788235
2.241136 0.233471 22.706353 417.835294
2.261146 0.239041 22.780952 466.238095
2.281156 0.234886 22.756627 511.578313
2.301167 0.236307 22.611954 549.321839
2.321177 0.237284 22.637619 601.095238
2.341187 0.233208 22.753023 641.116279
2.361197 0.238273 22.848571 683.666667
2.381207 0.236618 22.751807 733.253012
2.401217 0.234481 22.814419 768.290698
2.421227 0.238775 22.759048 821.178571
2.441238 0.234805 22.728000 866.341176
2.461248 0.238929 22.761882 903.164706
2.481258 0.238146 22.775122 959.341463
2.501268 0.233372 22.686512 997.395349
2.521278 0.239721 22.813333 1045.547619
2.541288 0.235359 22.790952 1098.666667
2.561298 0.238181 22.733953 1132.337209
2.581309 0.239303 22.750361 1192.144578
2.601319 0.235770 22.787765 1236.235294
2.621329 0.240853 22.803902 1277.292683
2.641339 0.238016 22.748706 1338.058824
2.661349 0.236061 22.855904 1372.253012
2.681359 0.240867 22.732381 1429.476190
2.701369 0.237071 22.849048 1480.642857
2.721380 0.241294 22.768095 1517.369048
2.741390 0.240222 22.847619 1583.380952
2.761400 0.236124 22.730824 1623.541176
2.781410 0.242521 22.777778 1676.283951
2.801420 0.238589 22.732706 1736.800000
2.821430 0.241133 22.760000 1770.753086
2.841440 0.242074 22.784941 1841.211765
2.861451 0.237158 22.779512 1890.219512
2.881461 0.242612 22.811084 1936.108434
2.901471 0.240631 22.618313 2006.963855
2.921481 0.238944 22.806667 2046.940476
2.941491 0.243470 22.745854 2114.646341
2.961501 0.238477 22.784000 2173.705882
2.981511 0.243105 22.806747 2217.987952
3.001522 0.240412 22.866341 2294.170732
3.021532 0.238792 22.759059 2340.835294
3.041542 0.245180 22.798025 2402.592593
3.061552 0.240241 22.743614 2471.060241
3.081562 0.242901 22.784762 2513.511905
3.101572 0.243483 22.815904 2590.831325
3.121583 0.238522 22.770864 2643.135802
3.141593 0.244170 22.783415 2697.109756
3.161603 0.241058 22.692048 2770.506024
3.181613 0.240326 22.812530 2813.879518
3.201623 0.244460 22.773333 2883.271605
3.221633 0.240135 22.841429 2941.702381
3.241643 0.244801 22.693333 2989.012346
3.261654 0.242689 22.723902 3059.902439
3.281664 0.240644 22.732381 3105.761905
3.301674 0.245518 22.778537 3166.402439
3.321684 0.240540 22.712683 3226.768293
3.341694 0.243256 22.666341 3270.146341
3.361704 0.244191 22.760000 3337.975610
3.381714 0.240523 22.783614 3387.662651
3.401725 0.245646 22.789268 3443.329268
3.421735 0.241727 22.769756 3506.243902
3.441745 0.241452 22.746024 3554.048193
3.461755 0.244615 22.765366 3622.463415
3.481765 0.240987 22.780723 3679.807229
3.501775 0.244925 22.721463 3736.987805
3.521785 0.242743 22.842439 3804.609756
3.541796 0.241780 22.812195 3861.402439
3.561806 0.246654 22.751111 3931.135802
3.581816 0.242079 22.766265 3993.192771
3.601826 0.245032 22.813333 4056.238095
3.621836 0.245212 22.794568 4126.345679
3.641846 0.242029 22.788434 4187.361446
3.661856 0.247261 22.775500 4257.075000
3.681867 0.243554 22.748434 4316.987952
3.701877 0.243532 22.744587 4381.917431
3.721887 0.245701 22.736452 4447.556452
3.741897 0.242179 22.743871 4503.733871
3.761907 0.245956 22.816066 4571.877049
3.781917 0.243664 22.704194 4626.540323
3.801927 0.243232 22.733333 4684.821138
3.821938 0.247103 22.704918 4748.909836
3.841948 0.242955 22.741935 4793.645161
3.861958 0.245079 22.730248 4854.586777
3.881968 0.245144 22.704516 4901.250000
3.901978 0.242937 22.753171 4947.894309
3.921988 0.247376 22.751333 5006.383333
3.941998 0.243909 22.801951 5039.878049
3.962009 0.244712 22.726612 5092.512397
3.982019 0.247328 22.705161 5138.524194
4.002029 0.244207 22.730732 5176.943089
4.022039 0.247268 22.804918 5235.975410
4.042049 0.245552 22.803967 5267.694215
4.062059 0.244999 22.770000 5318.435484
4.082069 0.247539 22.655652 5372.226087
4.102080 0.244547 22.757398 5406.422764
4.122090 0.246311 22.760992 5469.561983
4.142100 0.247500 22.723333 5507.975000
4.162110 0.244272 22.696960 5557.160000
4.182120 0.248199 22.751933 5622.319328
4.202130 0.245532 22.756748 5655.414634
4.222140 0.246150 22.663740 5719.235772
4.242151 0.248485 22.703802 5770.057851
4.262161 0.245441 22.656860 5814.239669
4.282171 0.248135 22.764553 5885.008130
4.302181 0.247505 22.756033 5920.685950
4.322191 0.245811 22.731803 5980.188525
4.342201 0.249261 22.730756 6040.974790
4.362211 0.245528 22.718033 6078.147541
4.382222 0.247530 22.768455 6147.577236
4.402232 0.248890 22.702333 6187.708333
4.422242 0.245884 22.724262 6238.647541
4.442252 0.249557 22.707000 6304.825000
4.462262 0.246863 22.726885 6336.549180
4.482272 0.247578 22.716393 6397.524590
4.502282 0.250390 22.679328 6444.747899
4.522293 0.246131 22.679024 6485.593496
4.542303 0.248533 22.755593 6550.813559
4.562313 0.248189 22.656721 6581.467213
4.582323 0.246991 22.633115 6633.918033
4.602333 0.250040 22.722314 6689.743802
4.622343 0.245454 22.730323 6723.798387
4.642353 0.248689 22.771864 6784.559322
4.662364 0.249045 22.707107 6820.421488
4.682374 0.246077 22.762645 6865.297521
4.702384 0.249587 22.710252 6924.403361
4.722394 0.246766 22.802314 6953.727273
4.742404 0.248204 22.686612 7006.975207
4.762414 0.249915 22.704793 7052.107438
4.782424 0.244613 22.768667 7088.808333
4.802435 0.248708 22.715122 7146.154472
4.822445 0.247619 22.723967 7178.289256
4.842455 0.246753 22.733000 7224.200000
4.862465 0.249946 22.730909 7275.305785
4.882475 0.244670 22.792640 7308.184000
4.902485 0.248282 22.721333 7359.591667
4.922495 0.247734 22.753388 7397.867769
4.942506 0.245030 22.741639 7438.680328
4.962516 0.249577 22.714472 7491.252033
4.982526 0.245538 22.754426 7524.213115
5.002536 0.247621 22.713613 7569.411765
5.022546 0.249469 22.757377 7614.885246
5.042556 0.244349 22.773000 7650.616667
5.062567 0.248157 22.693871 7700.814516
5.082577 0.246012 22.760000 7740.188525
5.102587 0.246134 22.698512 7781.752066
5.122597 0.247787 22.548500 7833.287500
5.142607 0.243597 22.665500 7868.375000
5.162617 0.247368 22.694177 7913.189873
5.182627 0.245938 22.687619 7958.869048
5.202638 0.243666 22.686420 7998.049383
5.222648 0.247026 22.748148 8049.543210
5.242658 0.243091 22.558072 8089.530120
5.262668 0.245746 22.624810 8130.987342
5.282678 0.246347 22.681951 8182.304878
5.302688 0.242371 22.591325 8221.710843
5.322698 0.247122 22.626667 8270.086420
5.342709 0.243800 22.653171 8318.719512
5.362719 0.243909 22.710732 8358.804878
5.382729 0.245685 22.666667 8414.407407
5.402739 0.242197 22.653171 8457.756098
5.422749 0.246344 22.573171 8502.463415
5.442759 0.244068 22.560488 8559.353659
5.462769 0.243009 22.649524 8599.857143
5.482780 0.246039 22.605000 8654.212500
5.502790 0.242350 22.681429 8706.523810
5.522800 0.245076 22.706341 8749.792683
5.542810 0.243664 22.695802 8811.271605
5.562820 0.240114 22.733333 8852.716049
5.582830 0.245515 22.763855 8902.903614
5.602840 0.242100 22.727317 8964.304878
5.622851 0.243283 22.827765 9004.517647
5.642861 0.243842 22.720988 9068.098765
5.662871 0.241054 22.583415 9116.743902
5.682881 0.245180 22.616386 9162.216867
5.702891 0.242673 22.664691 9230.222222
5.722901 0.241932 22.717500 9270.100000
5.742911 0.244202 22.688193 9327.578313
5.762922 0.241381 22.715610 9386.719512
5.782932 0.243574 22.725854 9426.365854
5.802942 0.242359 22.739759 9496.855422
5.822952 0.239334 22.677143 9541.226190
5.842962 0.244419 22.676627 9593.144578
5.862972 0.241785 22.694815 9660.296296
5.882982 0.241899 22.644819 9698.132530
5.902993 0.241919 22.625238 9764.845238
5.923003 0.239728 22.703614 9817.614458
5.943013 0.242896 22.637531 9861.938272
5.963023 0.240971 22.751429 9935.809524
5.983033 0.240688 22.622651 9977.048193
6.003043 0.242111 22.641429 10039.273810
6.023053 0.239756 22.658313 10103.819277
6.043064 0.241899 22.719512 10146.134146
6.063074 0.241665 22.676627 10222.265060
6.083084 0.239219 22.801429 10272.583333
6.103094 0.243296 22.699277 10329.144578
6.123104 0.239638 22.699024 10405.231707
6.143114 0.239961 22.683294 10450.635294
6.163124 0.240512 22.552289 10525.578313
6.183135 0.239041 22.660241 10587.337349
6.203145 0.241464 22.774762 10642.190476
6.223155 0.238749 22.698049 10724.560976
6.243165 0.239177 22.665714 10775.321429
6.263175 0.241291 22.737349 10844.481928
