serial number: RI80_21414844
torque: 16
start_temp: 24 (24)
finish_temp: 24 (25)
note: po poprawkach i montazu Tomka
0.000000 0.268284 23.935699 10889.763441
0.020010 0.271862 23.918689 10957.557377
0.040020 0.273963 23.945297 11036.124324
0.060030 0.268373 23.954565 11089.608696
0.080041 0.274800 23.938798 11168.005464
0.100051 0.270362 23.920432 11231.135135
0.120061 0.271431 23.960216 11290.637838
0.140071 0.275740 23.945856 11366.292818
0.160081 0.267676 23.955027 11418.237838
0.180091 0.273335 23.967174 11486.244565
0.200101 0.272511 23.926845 11550.090909
0.220112 0.271256 23.937901 11602.790055
0.240122 0.274893 23.955333 11670.877778
0.260132 0.269264 23.909787 11723.234043
0.280142 0.272923 23.952826 11782.597826
0.300152 0.275480 23.962712 11842.480226
0.320162 0.269536 23.950802 11891.898396
0.340172 0.275868 23.971957 11954.673913
0.360183 0.270025 23.965027 12006.032787
0.380193 0.271272 23.952593 12060.809524
0.400203 0.275628 23.935909 12116.409091
0.420213 0.268039 23.941277 12164.452128
0.440223 0.273616 23.909130 12220.434783
0.460233 0.272067 23.928000 12268.940541
0.480243 0.269681 23.941838 12319.524324
0.500254 0.274847 23.959558 12370.088398
0.520264 0.269126 23.950703 12416.475676
0.540274 0.272364 23.942796 12470.424731
0.560284 0.274608 23.945169 12515.859551
0.580294 0.268494 23.933474 12567.668421
0.600304 0.274094 23.946519 12620.049724
0.620314 0.268993 23.952043 12667.381720
0.640325 0.270931 23.945532 12726.835106
0.660335 0.275346 23.937175 12774.723164
0.680345 0.267872 23.951136 12829.750000
0.700355 0.271901 23.929796 12890.789116
0.720365 0.270580 23.914595 12939.952703
0.740375 0.268735 23.948684 13006.453947
0.760385 0.274370 23.939580 13058.517483
0.780396 0.267770 23.956000 13116.206667
0.800406 0.270224 23.958649 13182.844595
0.820416 0.272824 23.938082 13229.006849
0.840426 0.266760 23.958146 13297.264901
0.860436 0.273089 23.957315 13352.134228
0.880446 0.267678 23.891007 13405.328859
0.900456 0.269586 23.941892 13474.216216
0.920467 0.274506 23.925278 13515.930556
0.940477 0.266200 23.924000 13579.326667
0.960487 0.270986 23.940541 13637.804054
0.980497 0.269832 23.888267 13681.720000
1.000507 0.266141 23.878926 13751.979866
1.020517 0.273354 23.925278 13793.187500
1.040528 0.266229 23.935263 13850.657895
1.060538 0.268685 23.957838 13914.067568
1.080548 0.270701 23.960000 13951.933775
1.100558 0.264276 23.889333 14021.440000
1.120568 0.270994 23.955374 14068.619048
1.140578 0.265483 23.923733 14117.120000
1.160588 0.267255 23.876000 14185.666667
1.180599 0.271428 23.908844 14220.074830
1.200609 0.264203 23.945359 14284.745098
1.220619 0.269862 23.944056 14339.027972
1.240629 0.268060 23.963797 14379.582278
1.260639 0.264278 23.928435 14449.911565
1.280649 0.270774 23.946216 14486.290541
1.300659 0.262597 23.915613 14543.600000
1.320670 0.267049 23.874830 14605.469388
1.340680 0.269330 23.960811 14638.324324
1.360690 0.263263 23.921299 14705.805195
1.380700 0.270275 23.961655 14750.055172
1.400710 0.262931 23.926154 14797.128205
1.420720 0.265656 23.956242 14862.463087
1.440730 0.270055 23.939452 14893.520548
1.460741 0.261326 23.899355 14955.509677
1.480751 0.268315 23.894902 15007.346405
1.500761 0.265280 23.889459 15046.844595
1.520771 0.263276 23.926400 15110.966667
1.540781 0.270434 23.931781 15146.267123
1.560791 0.260893 23.943077 15200.012821
1.580801 0.265631 23.952483 15256.624161
1.600812 0.266695 23.907190 15290.575163
1.620822 0.261829 23.947974 15352.875817
1.640832 0.269849 23.908767 15395.356164
1.660842 0.261923 23.949870 15440.227273
1.680852 0.265536 23.939073 15500.092715
1.700862 0.269123 23.941769 15533.312925
1.720872 0.260795 23.950909 15590.493506
1.740883 0.267770 23.888163 15638.843537
1.760893 0.262949 23.932987 15677.629870
1.780903 0.261977 23.926275 15736.660131
1.800913 0.269308 23.937143 15775.421769
1.820923 0.260430 23.890390 15824.149351
1.840933 0.266164 23.907651 15879.402685
1.860943 0.265738 23.919484 15918.451613
1.880954 0.261478 23.940263 15975.657895
1.900964 0.269257 23.953741 16021.231293
1.920974 0.260966 23.936104 16064.603896
1.940984 0.216323 23.909423 16153.947115
1.960994 0.268665 23.957584 16163.060403
1.981004 0.260208 23.950588 16214.823529
2.001014 0.251086 23.931852 16267.899471
2.021025 0.249708 23.849655 16310.004926
2.041035 0.256038 23.896373 13902.911917
2.061045 0.265613 23.922513 27.759162
2.081055 0.256369 23.912251 73.141361
2.101065 0.263673 23.952421 127.800000
2.121075 0.263427 23.944583 171.713542
2.141085 0.259484 23.931518 222.256545
2.161096 0.267764 23.914378 273.145946
2.181106 0.258564 23.883061 314.887755
2.201116 0.263185 23.864516 367.381720
2.221126 0.266959 23.929634 414.565445
2.241136 0.258578 23.934660 457.450262
2.261146 0.267177 23.910638 511.430851
2.281156 0.260284 23.916701 555.211340
2.301167 0.261339 23.902316 603.252632
2.321177 0.267983 23.885106 654.101064
2.341187 0.257168 23.899579 692.352632
2.361197 0.264470 23.877037 746.380952
2.381207 0.263526 23.886632 794.041451
2.401217 0.258943 23.909223 837.025907
2.421227 0.267233 23.910802 893.048128
2.441238 0.258418 23.894898 932.801020
2.461248 0.262496 23.914194 985.198925
2.481258 0.266605 23.932147 1038.664921
2.501268 0.256960 23.932308 1076.179487
2.521278 0.266489 23.907527 1135.924731
2.541288 0.259758 23.913782 1180.290155
2.561298 0.260520 23.934526 1228.094737
2.581309 0.267738 23.934624 1286.037634
2.601319 0.256559 23.903673 1323.061224
2.621329 0.262774 23.910000 1382.630208
2.641339 0.262683 23.914611 1435.585492
2.661349 0.258046 23.905907 1476.186528
2.681359 0.267074 23.936344 1538.817204
2.701369 0.256676 23.945155 1578.149485
2.721380 0.260646 23.916421 1634.215789
2.741390 0.265564 23.905684 1693.584211
2.761400 0.256661 23.909184 1729.474490
2.781410 0.266071 23.919570 1794.892473
2.801420 0.258912 23.891487 1842.282051
2.821430 0.259988 23.915368 1892.663158
2.841440 0.266526 23.928211 1956.747368
2.861451 0.255779 23.901010 1996.181818
2.881461 0.262669 23.892193 2061.080214
2.901471 0.262844 23.899058 2117.942408
2.921481 0.257173 23.919171 2162.010363
2.941491 0.266103 23.922304 2232.225131
2.961501 0.256047 23.915077 2276.466667
2.981511 0.260215 23.923158 2338.563158
3.001522 0.264991 23.899158 2402.552632
3.021532 0.255273 23.920619 2443.953608
3.041542 0.264794 23.908995 2514.058201
3.061552 0.257873 23.913673 2565.025510
3.081562 0.258284 23.875417 2620.364583
3.101572 0.265629 23.903617 2686.537234
3.121583 0.254297 23.920402 2728.638191
3.141593 0.261992 23.882766 2794.946809
3.161603 0.260591 23.923093 2850.860825
3.181613 0.255024 23.907835 2897.798969
3.201623 0.264799 23.892842 2963.357895
3.221633 0.254513 23.940408 3006.877551
3.241643 0.259904 23.940625 3066.421875
3.261654 0.263921 23.935000 3123.458333
3.281664 0.254227 23.907940 3166.437186
3.301674 0.263595 23.923934 3227.601093
3.321684 0.255808 23.948543 3273.306533
3.341694 0.257684 23.870816 3325.918367
3.361704 0.264440 23.916721 3382.278689
3.381714 0.253725 23.935306 3423.479592
3.401725 0.261565 23.919162 3483.020942
3.421735 0.260455 23.940000 3534.056122
3.441745 0.254661 23.952953 3584.590674
3.461755 0.264301 23.951832 3644.104712
3.481765 0.253307 23.914721 3692.142132
3.501775 0.259296 23.880635 3753.507937
3.521785 0.262530 23.959797 3810.223350
3.541796 0.253055 23.921846 3865.651282
3.561806 0.263373 23.964817 3928.445026
3.581816 0.255469 23.899698 3983.587940
3.601826 0.257844 23.968042 4048.497354
3.621836 0.263644 23.911458 4107.125000
3.641846 0.252888 23.950612 4165.443878
3.661856 0.261413 23.894241 4229.026178
3.681867 0.258915 23.895102 4284.841837
3.701877 0.254779 23.959388 4350.163265
3.721887 0.264511 23.946667 4406.869792
3.741897 0.252928 23.923523 4463.746114
3.761907 0.259768 23.946256 4526.425641
3.781917 0.261324 23.911534 4577.497354
3.801927 0.253560 23.934694 4638.433673
3.821938 0.263634 23.931458 4689.890625
3.841948 0.255462 23.936327 4740.147959
3.861958 0.258882 23.929215 4799.130890
3.881968 0.264180 23.952421 4839.968421
3.901978 0.253748 23.940816 4893.954082
3.921988 0.262725 23.924792 4939.156250
3.941998 0.258785 23.919162 4980.387435
3.962009 0.255775 23.923216 5036.281407
3.982019 0.265106 23.942460 5071.759358
4.002029 0.254223 23.963232 5120.116162
4.022039 0.261317 23.930105 5167.742105
4.042049 0.262700 23.945000 5204.505208
4.062059 0.256095 23.942653 5262.209184
4.082069 0.265182 23.929574 5300.595745
4.102080 0.256992 23.919175 5346.695876
4.122090 0.260777 23.894792 5404.197917
4.142100 0.264947 23.906596 5440.643617
4.162110 0.256363 23.868601 5501.455959
4.182120 0.264770 23.914866 5547.149733
4.202130 0.260909 23.921684 5592.110526
4.222140 0.258320 23.886186 5658.288660
4.242151 0.267384 23.945474 5698.526316
4.262161 0.257324 23.942591 5758.015544
4.282171 0.264156 23.913830 5814.601064
4.302181 0.264546 23.961458 5857.473958
4.322191 0.259083 23.963487 5927.948718
4.342201 0.267716 23.955699 5970.629032
4.362211 0.259783 23.939267 6024.575916
4.382222 0.263111 23.914555 6088.376963
4.402232 0.267288 23.947027 6127.054054
4.422242 0.259468 23.907423 6193.185567
4.442252 0.266646 23.930851 6239.829787
4.462262 0.261914 23.938947 6286.484211
4.482272 0.261459 23.949738 6351.848168
4.502282 0.268740 23.960649 6388.437838
4.522293 0.259360 23.954611 6444.632124
4.542303 0.265315 23.942526 6497.515789
4.562313 0.265712 23.969474 6537.015789
4.582323 0.260763 23.952670 6601.937173
4.602333 0.269489 23.891148 6639.081967
4.622343 0.261995 23.888377 6687.874346
4.642353 0.265185 23.929735 6746.216931
4.662364 0.268807 23.932340 6781.712766
4.682374 0.260605 23.911158 6840.505263
4.702384 0.268714 23.922623 6881.830601
4.722394 0.264327 23.865833 6923.619792
4.742404 0.263987 23.918743 6983.623037
4.762414 0.271386 23.941657 7017.364641
4.782424 0.261948 23.945155 7067.293814
4.802435 0.267254 23.922932 7116.314136
4.822445 0.267286 23.971957 7153.217391
4.842455 0.262178 23.941571 7209.104712
4.862465 0.269968 23.945792 7245.081967
4.882475 0.263161 23.925053 7287.815789
4.902485 0.266580 23.925561 7339.994652
4.922495 0.270359 23.897447 7374.765957
4.942506 0.262830 23.942581 7424.231183
4.962516 0.270102 23.933622 7465.827027
4.982526 0.265522 23.932165 7504.592784
5.002536 0.265167 23.938162 7556.632432
5.022546 0.271911 23.934645 7591.448087
5.042556 0.263356 23.938031 7634.041451
5.062567 0.268043 23.919341 7681.109890
5.082577 0.269221 23.950588 7718.326203
5.102587 0.264096 23.907435 7767.439791
5.122597 0.272065 23.941957 7808.347826
5.142607 0.264169 23.962751 7847.640212
5.162617 0.267357 23.937849 7896.290323
5.182627 0.271634 23.927391 7933.630435
5.202638 0.264016 23.926947 7977.052632
5.222648 0.271776 23.934973 8024.534759
5.242658 0.266005 23.960851 8063.260638
5.262668 0.266563 23.928132 8110.313187
5.282678 0.272479 23.948449 8152.609626
5.302688 0.264184 23.904456 8193.829016
5.322698 0.269378 23.889617 8243.797814
5.342709 0.269018 23.941189 8284.448649
5.362719 0.264855 23.950466 8329.829016
5.382729 0.272943 23.962162 8380.091892
5.402739 0.264332 23.932022 8420.579235
5.422749 0.268711 23.926349 8472.756614
5.442759 0.271304 23.942174 8518.543478
5.462769 0.265473 23.945668 8560.657754
5.482780 0.271519 23.953696 8616.315217
5.502790 0.266269 23.971123 8658.754011
5.522800 0.267031 23.926105 8710.142105
5.542810 0.272903 23.935217 8764.108696
5.562820 0.264990 23.890426 8805.319149
5.582830 0.270462 23.953548 8863.591398
5.602840 0.268316 23.930929 8909.344262
5.622851 0.265564 23.955745 8956.053191
5.642861 0.272775 23.922128 9017.643617
5.662871 0.264552 23.919572 9059.721925
5.682881 0.269344 23.920217 9117.364130
5.702891 0.270473 23.925134 9170.235294
5.722901 0.266363 23.931027 9213.335135
5.742911 0.272623 23.914652 9279.235294
5.762922 0.265718 23.939783 9323.538043
5.782932 0.268615 23.967021 9376.643617
5.802942 0.272752 23.965161 9438.860215
5.822952 0.265893 23.949247 9479.521505
5.842962 0.271584 23.949451 9545.697802
5.862972 0.269055 23.956150 9595.256684
5.882982 0.268037 23.955892 9643.664865
5.902993 0.274076 23.918696 9711.804348
5.923003 0.265877 23.925134 9753.411765
5.943013 0.271124 23.953651 9817.185185
5.963023 0.270596 23.938222 9876.711111
5.983033 0.267725 23.957672 9921.423280
6.003043 0.273128 23.956222 9995.377778
6.023053 0.267611 23.956596 10043.888298
6.043064 0.271104 23.943568 10103.054054
6.063074 0.273816 23.954536 10174.797814
6.083084 0.267221 23.966417 10220.267380
6.103094 0.273669 23.926409 10296.425414
6.123104 0.270087 23.947090 10356.211640
6.143114 0.270228 23.933923 10413.038674
6.163124 0.275153 23.951160 10494.143646
6.183135 0.267330 23.949787 10545.670213
6.203145 0.272993 23.940215 10620.150538
6.223155 0.271356 23.915165 10692.642857
6.243165 0.269650 23.925652 10746.489130
6.263175 0.275139 23.933913 10830.777174
