serial number: JANUSZ_4_RI70_21414873
torque: 8.0
start_temp: 30 (31)
finish_temp: 30 (31)
note: j4_3_4_ri_70
0.000000 nan
0.021014 0.175038
0.042028 0.177079
0.063042 0.167028
0.084056 0.178452
0.105070 0.167633
0.126084 0.175064
0.147098 0.176167
0.168112 0.168285
0.189126 0.179589
0.210140 0.167985
0.231154 0.176006
0.252168 0.175369
0.273182 0.169123
0.294196 0.179167
0.315210 0.167087
0.336224 0.176332
0.357238 0.175012
0.378252 0.170211
0.399266 0.179685
0.420280 0.166911
0.441294 0.176423
0.462308 0.173673
0.483322 0.170712
0.504336 0.180242
0.525350 0.167061
0.546364 0.177304
0.567378 0.173717
0.588392 0.172157
0.609406 0.180136
0.630420 0.166275
0.651434 0.177333
0.672448 0.171423
0.693462 0.170885
0.714476 0.178697
0.735490 0.166111
0.756504 0.177331
0.777518 0.170454
0.798532 0.173147
0.819546 0.179186
0.840560 0.166814
0.861574 0.178225
0.882588 0.169282
0.903602 0.173575
0.924616 0.177957
0.945630 0.166968
0.966644 0.179419
0.987658 0.167888
1.008672 0.173654
1.029686 0.176781
1.050700 0.167049
1.071714 0.178432
1.092728 0.166503
1.113742 0.174002
1.134756 0.175099
1.155770 0.167394
1.176784 0.177776
1.197798 0.165078
1.218812 0.173224
1.239826 0.172725
1.260840 0.167166
1.281854 0.178108
1.302868 0.164031
1.323882 0.174388
1.344896 0.172059
1.365910 0.168008
1.386924 0.178437
1.407938 0.163405
1.428952 0.174523
1.449966 0.170642
1.470980 0.168847
1.491994 0.178221
1.513008 0.162832
1.534022 0.174334
1.555036 0.169194
1.576050 0.169248
1.597064 0.177176
1.618078 0.162365
1.639092 0.173677
1.660106 0.167169
1.681120 0.169116
1.702134 0.175556
1.723148 0.163193
1.744162 0.173194
1.765176 0.164930
1.786190 0.169065
1.807204 0.173701
1.828218 0.162971
1.849232 0.173294
1.870246 0.164277
1.891260 0.170859
1.912274 0.174617
1.933288 0.165460
1.954302 0.175240
1.975316 0.164816
1.996330 0.172567
2.017344 0.174263
2.038358 0.166739
2.059372 0.175528
2.080386 0.164060
2.101400 0.172438
2.122414 0.172468
2.143428 0.167233
2.164442 0.176267
2.185456 0.163598
2.206470 0.172595
2.227484 0.171323
2.248498 0.168256
2.269512 0.176754
2.290526 0.164198
2.311540 0.173468
2.332554 0.170016
2.353568 0.168809
2.374582 0.175549
2.395596 0.163777
2.416610 0.172827
2.437624 0.168712
2.458638 0.169290
2.479652 0.173864
2.500666 0.163544
2.521680 0.173228
2.542694 0.166733
2.563708 0.170428
2.584722 0.174239
2.605736 0.165490
2.626750 0.173531
2.647764 0.165268
2.668778 0.170760
2.689792 0.172262
2.710806 0.165833
2.731820 0.173354
2.752834 0.163152
2.773848 0.169970
2.794862 0.170812
2.815876 0.165415
2.836890 0.173031
2.857904 0.162095
2.878918 0.169610
2.899932 0.168310
2.920946 0.165724
2.941960 0.172955
2.962974 0.160771
2.983988 0.169026
3.005002 0.166103
3.026016 0.165478
3.047030 0.172186
3.068044 0.160404
3.089058 0.168983
3.110072 0.163931
3.131086 0.165516
3.152100 0.170999
3.173114 0.160672
3.194128 0.169327
3.215142 0.161945
3.236156 0.165030
3.257170 0.168760
3.278184 0.161141
3.299198 0.168979
3.320212 0.159834
3.341226 0.166637
3.362240 0.168661
3.383254 0.161802
3.404268 0.170044
3.425282 0.159452
3.446296 0.166848
3.467310 0.166153
3.488324 0.161932
3.509338 0.171055
3.530352 0.158527
3.551366 0.167548
3.572380 0.164623
3.593394 0.161847
3.614408 0.169778
3.635422 0.156889
3.656436 0.167780
3.677450 0.164004
3.698464 0.163032
3.719478 0.169639
3.740492 0.156474
3.761506 0.167775
3.782520 0.163116
3.803534 0.164103
3.824548 0.170056
3.845562 0.157166
3.866576 0.166884
3.887590 0.160169
3.908604 0.163946
3.929618 0.168175
3.950632 0.156485
3.971646 0.166679
3.992660 0.158841
4.013674 0.163795
4.034688 0.167467
4.055702 0.157268
4.076716 0.168371
4.097730 0.158897
4.118744 0.164664
4.139758 0.165464
4.160772 0.157289
4.181786 0.167174
4.202800 0.156502
4.223814 0.164814
4.244828 0.165596
4.265842 0.158406
4.286856 0.167995
4.307870 0.155450
4.328884 0.165781
4.349898 0.164130
4.370912 0.159608
4.391926 0.168912
4.412940 0.155848
4.433954 0.166912
4.454968 0.164171
4.475982 0.161420
4.496996 0.170505
4.518010 0.156008
4.539023 0.166662
4.560037 0.164004
4.581051 0.161512
4.602065 0.170550
4.623079 0.155546
4.644093 0.167726
4.665107 0.162415
4.686121 0.162934
4.707135 0.170030
4.728149 0.156480
4.749163 0.169151
4.770177 0.162440
4.791191 0.164439
4.812205 0.170720
4.833219 0.157414
4.854233 0.170730
4.875247 0.164318
4.896261 0.167378
4.917275 0.172650
4.938289 0.160029
4.959303 0.172413
4.980317 0.163372
5.001331 0.168442
5.022345 0.174098
5.043359 0.161561
5.064373 0.174556
5.085387 0.164068
5.106401 0.169628
5.127415 0.173342
5.148429 0.162872
5.169443 0.174941
5.190457 0.164107
5.211471 0.172810
5.232485 0.173681
5.253499 0.163920
5.274513 0.175683
5.295527 0.163809
5.316541 0.173696
5.337555 0.174458
5.358569 0.166070
5.379583 0.177388
5.400597 0.163853
5.421611 0.174618
5.442625 0.174159
5.463639 0.167558
5.484653 0.179323
5.505667 0.164926
5.526681 0.176106
5.547695 0.173679
5.568709 0.167889
5.589723 0.179260
5.610737 0.164036
5.631751 0.176687
5.652765 0.173563
5.673779 0.170021
5.694793 0.179820
5.715807 0.164157
5.736821 0.176489
5.757835 0.172240
5.778849 0.170843
5.799863 0.179413
5.820877 0.164276
5.841891 0.177643
5.862905 0.171815
5.883919 0.171630
5.904933 0.179716
5.925947 0.164786
5.946961 0.178065
5.967975 0.171594
5.988989 0.172252
6.010003 0.179365
6.031017 0.164512
6.052031 0.177954
6.073045 0.170374
6.094059 0.172572
6.115073 0.178337
6.136087 0.165152
6.157101 0.178222
6.178115 0.169509
6.199129 0.174248
6.220143 0.177931
6.241157 0.165834
6.262171 0.178370
6.283185 0.168203
