serial number: JANUSZ_4_RI70_21414873
torque: 8.0
start_temp: 30 (30)
finish_temp: 30 (30)
note: joint J4 pcb 3_4
0.000000 nan
0.021014 0.183467
0.042028 0.175502
0.063042 0.181706
0.084056 0.181505
0.105070 0.175279
0.126084 0.182724
0.147098 0.173915
0.168112 0.180805
0.189126 0.180083
0.210140 0.175983
0.231154 0.183304
0.252168 0.173638
0.273182 0.181270
0.294196 0.180098
0.315210 0.175250
0.336224 0.183680
0.357238 0.172708
0.378252 0.180794
0.399266 0.179447
0.420280 0.174586
0.441294 0.181801
0.462308 0.171827
0.483322 0.180286
0.504336 0.177561
0.525350 0.175637
0.546364 0.182209
0.567378 0.172271
0.588392 0.181469
0.609406 0.177847
0.630420 0.177408
0.651434 0.182469
0.672448 0.173007
0.693462 0.181278
0.714476 0.177865
0.735490 0.177880
0.756504 0.182164
0.777518 0.172646
0.798532 0.180892
0.819546 0.177367
0.840560 0.177159
0.861574 0.181499
0.882588 0.173050
0.903602 0.181438
0.924616 0.176662
0.945630 0.178415
0.966644 0.183022
0.987658 0.175047
1.008672 0.183350
1.029686 0.178018
1.050700 0.180884
1.071714 0.183155
1.092728 0.177900
1.113742 0.184418
1.134756 0.178617
1.155770 0.182972
1.176784 0.183506
1.197798 0.179621
1.218812 0.185973
1.239826 0.179688
1.260840 0.184979
1.281854 0.185225
1.302868 0.180870
1.323882 0.186121
1.344896 0.179636
1.365910 0.185449
1.386924 0.185103
1.407938 0.181312
1.428952 0.187176
1.449966 0.179021
1.470980 0.185605
1.491994 0.184350
1.513008 0.183064
1.534022 0.188994
1.555036 0.181786
1.576050 0.189123
1.597064 0.186636
1.618078 0.186047
1.639092 0.189714
1.660106 0.182318
1.681120 0.189543
1.702134 0.186930
1.723148 0.186188
1.744162 0.188970
1.765176 0.183412
1.786190 0.189356
1.807204 0.184908
1.828218 0.186914
1.849232 0.189922
1.870246 0.183619
1.891260 0.190312
1.912274 0.185055
1.933288 0.187562
1.954302 0.188933
1.975316 0.183704
1.996330 0.190098
2.017344 0.184831
2.038358 0.188527
2.059372 0.188241
2.080386 0.183920
2.101400 0.189098
2.122414 0.182418
2.143428 0.188123
2.164442 0.187632
2.185456 0.184620
2.206470 0.188637
2.227484 0.182763
2.248498 0.188169
2.269512 0.186330
2.290526 0.183622
2.311540 0.186154
2.332554 0.178515
2.353568 0.184725
2.374582 0.182282
2.395596 0.182933
2.416610 0.186578
2.437624 0.179502
2.458638 0.186144
2.479652 0.182622
2.500666 0.182529
2.521680 0.185081
2.542694 0.178351
2.563708 0.184744
2.584722 0.181045
2.605736 0.182445
2.626750 0.183930
2.647764 0.177970
2.668778 0.182964
2.689792 0.178584
2.710806 0.182001
2.731820 0.181997
2.752834 0.177176
2.773848 0.181351
2.794862 0.176941
2.815876 0.180278
2.836890 0.179614
2.857904 0.176154
2.878918 0.180605
2.899932 0.174940
2.920946 0.179404
2.941960 0.177737
2.962974 0.175302
2.983988 0.179642
3.005002 0.174055
3.026016 0.179210
3.047030 0.177124
3.068044 0.175640
3.089058 0.178252
3.110072 0.172348
3.131086 0.178040
3.152100 0.175476
3.173114 0.175055
3.194128 0.176957
3.215142 0.171336
3.236156 0.176468
3.257170 0.173278
3.278184 0.174582
3.299198 0.175994
3.320212 0.171507
3.341226 0.175676
3.362240 0.172334
3.383254 0.173883
3.404268 0.174851
3.425282 0.170699
3.446296 0.175086
3.467310 0.171693
3.488324 0.174132
3.509338 0.174924
3.530352 0.171328
3.551366 0.174518
3.572380 0.170681
3.593394 0.174528
3.614408 0.174194
3.635422 0.172249
3.656436 0.174433
3.677450 0.169417
3.698464 0.174262
3.719478 0.172465
3.740492 0.172239
3.761506 0.173555
3.782520 0.168627
3.803534 0.172509
3.824548 0.170534
3.845562 0.171952
3.866576 0.173426
3.887590 0.168484
3.908604 0.173284
3.929618 0.172301
3.950632 0.173703
3.971646 0.175009
3.992660 0.170032
4.013674 0.174327
4.034688 0.172222
4.055702 0.174564
4.076716 0.175691
4.097730 0.171193
4.118744 0.174185
4.139758 0.171233
4.160772 0.175233
4.181786 0.176241
4.202800 0.172517
4.223814 0.175025
4.244828 0.171134
4.265842 0.175858
4.286856 0.174318
4.307870 0.173471
4.328884 0.175292
4.349898 0.171809
4.370912 0.177306
4.391926 0.175420
4.412940 0.175320
4.433954 0.176819
4.454968 0.171138
4.475982 0.177531
4.496996 0.176506
4.518010 0.176041
4.539023 0.178083
4.560037 0.171917
4.581051 0.178235
4.602065 0.176173
4.623079 0.176650
4.644093 0.178334
4.665107 0.171826
4.686121 0.178629
4.707135 0.175417
4.728149 0.177370
4.749163 0.178811
4.770177 0.172548
4.791191 0.179467
4.812205 0.175811
4.833219 0.178229
4.854233 0.179513
4.875247 0.174445
4.896261 0.180438
4.917275 0.176112
4.938289 0.179020
4.959303 0.179736
4.980317 0.174540
5.001331 0.181159
5.022345 0.176553
5.043359 0.180309
5.064373 0.180696
5.085387 0.175605
5.106401 0.181471
5.127415 0.177127
5.148429 0.181216
5.169443 0.180807
5.190457 0.176804
5.211471 0.181798
5.232485 0.175938
5.253499 0.181572
5.274513 0.179811
5.295527 0.177699
5.316541 0.182162
5.337555 0.176646
5.358569 0.182880
5.379583 0.180036
5.400597 0.178877
5.421611 0.182327
5.442625 0.176873
5.463639 0.183396
5.484653 0.181964
5.505667 0.180178
5.526681 0.184870
5.547695 0.177320
5.568709 0.184953
5.589723 0.182634
5.610737 0.180242
5.631751 0.185534
5.652765 0.177105
5.673779 0.184998
5.694793 0.181760
5.715807 0.181007
5.736821 0.184868
5.757835 0.177204
5.778849 0.185668
5.799863 0.181506
5.820877 0.182129
5.841891 0.183049
5.862905 0.177033
5.883919 0.185440
5.904933 0.180887
5.925947 0.182890
5.946961 0.186058
5.967975 0.178893
5.988989 0.186049
6.010003 0.181079
6.031017 0.182799
6.052031 0.186114
6.073045 0.177716
6.094059 0.185649
6.115073 0.179312
6.136087 0.181498
6.157101 0.184104
6.178115 0.176258
6.199129 0.184158
6.220143 0.176717
6.241157 0.181205
6.262171 0.182425
6.283185 0.175813
