serial number: JANUSZ_4_RI70_21414873
torque: 8.0
start_temp: 30 (34)
finish_temp: 29 (31)
note: joint J4, pcb 3_4
0.000000 nan
0.021014 0.190403
0.042028 0.196740
0.063042 0.192420
0.084056 0.193793
0.105070 0.196366
0.126084 0.190410
0.147098 0.197216
0.168112 0.192592
0.189126 0.195010
0.210140 0.196593
0.231154 0.190983
0.252168 0.198049
0.273182 0.193220
0.294196 0.195810
0.315210 0.197058
0.336224 0.191940
0.357238 0.199098
0.378252 0.193704
0.399266 0.197041
0.420280 0.197462
0.441294 0.192041
0.462308 0.199172
0.483322 0.193519
0.504336 0.197142
0.525350 0.197240
0.546364 0.192823
0.567378 0.200210
0.588392 0.194016
0.609406 0.198134
0.630420 0.198443
0.651434 0.193023
0.672448 0.200296
0.693462 0.194889
0.714476 0.198946
0.735490 0.198506
0.756504 0.194431
0.777518 0.201637
0.798532 0.195023
0.819546 0.200233
0.840560 0.199616
0.861574 0.195324
0.882588 0.202414
0.903602 0.195011
0.924616 0.201719
0.945630 0.199974
0.966644 0.197334
0.987658 0.203924
1.008672 0.196816
1.029686 0.202748
1.050700 0.201350
1.071714 0.198301
1.092728 0.202252
1.113742 0.194886
1.134756 0.202259
1.155770 0.199995
1.176784 0.196587
1.197798 0.201201
1.218812 0.195090
1.239826 0.201653
1.260840 0.198267
1.281854 0.195901
1.302868 0.200899
1.323882 0.194650
1.344896 0.201405
1.365910 0.198803
1.386924 0.198495
1.407938 0.200988
1.428952 0.195430
1.449966 0.200626
1.470980 0.197168
1.491994 0.198628
1.513008 0.199979
1.534022 0.194547
1.555036 0.198843
1.576050 0.196201
1.597064 0.198769
1.618078 0.199231
1.639092 0.194314
1.660106 0.198729
1.681120 0.194083
1.702134 0.197541
1.723148 0.197789
1.744162 0.193911
1.765176 0.197174
1.786190 0.194711
1.807204 0.197687
1.828218 0.196953
1.849232 0.195225
1.870246 0.197255
1.891260 0.194243
1.912274 0.197646
1.933288 0.196860
1.954302 0.196233
1.975316 0.196650
1.996330 0.194009
2.017344 0.196865
2.038358 0.195460
2.059372 0.195521
2.080386 0.196108
2.101400 0.192690
2.122414 0.194842
2.143428 0.194770
2.164442 0.196190
2.185456 0.196228
2.206470 0.194437
2.227484 0.195946
2.248498 0.194659
2.269512 0.196707
2.290526 0.195005
2.311540 0.194967
2.332554 0.194925
2.353568 0.194497
2.374582 0.196645
2.395596 0.195392
2.416610 0.196341
2.437624 0.194678
2.458638 0.194069
2.479652 0.195712
2.500666 0.194534
2.521680 0.196369
2.542694 0.194569
2.563708 0.193681
2.584722 0.194802
2.605736 0.193935
2.626750 0.197176
2.647764 0.194522
2.668778 0.195195
2.689792 0.196635
2.710806 0.195008
2.731820 0.196891
2.752834 0.194493
2.773848 0.193915
2.794862 0.194440
2.815876 0.195139
2.836890 0.196810
2.857904 0.193183
2.878918 0.195787
2.899932 0.194746
2.920946 0.194776
2.941960 0.196845
2.962974 0.194068
2.983988 0.197740
3.005002 0.195544
3.026016 0.195205
3.047030 0.196901
3.068044 0.195357
3.089058 0.197942
3.110072 0.195972
3.131086 0.195314
3.152100 0.197230
3.173114 0.197057
3.194128 0.200045
3.215142 0.195822
3.236156 0.197469
3.257170 0.198921
3.278184 0.197332
3.299198 0.200415
3.320212 0.196860
3.341226 0.198542
3.362240 0.199155
3.383254 0.198575
3.404268 0.201320
3.425282 0.197074
3.446296 0.199345
3.467310 0.198700
3.488324 0.197584
3.509338 0.200713
3.530352 0.197576
3.551366 0.198956
3.572380 0.197485
3.593394 0.197033
3.614408 0.200474
3.635422 0.196766
3.656436 0.200479
3.677450 0.198766
3.698464 0.197580
3.719478 0.200995
3.740492 0.197385
3.761506 0.200796
3.782520 0.198466
3.803534 0.197861
3.824548 0.202320
3.845562 0.199328
3.866576 0.203214
3.887590 0.199479
3.908604 0.199152
3.929618 0.203961
3.950632 0.200387
3.971646 0.204516
3.992660 0.199859
4.013674 0.199256
4.034688 0.202700
4.055702 0.199762
4.076716 0.204843
4.097730 0.200022
4.118744 0.200416
4.139758 0.203853
4.160772 0.199532
4.181786 0.204777
4.202800 0.200696
4.223814 0.200575
4.244828 0.203957
4.265842 0.200689
4.286856 0.206149
4.307870 0.201722
4.328884 0.203086
4.349898 0.205662
4.370912 0.202308
4.391926 0.208308
4.412940 0.201834
4.433954 0.202521
4.454968 0.205366
4.475982 0.202418
4.496996 0.208321
4.518010 0.202459
4.539023 0.203772
4.560037 0.206725
4.581051 0.203269
4.602065 0.209816
4.623079 0.204366
4.644093 0.205064
4.665107 0.206678
4.686121 0.203044
4.707135 0.209382
4.728149 0.202990
4.749163 0.205537
4.770177 0.206822
4.791191 0.203752
4.812205 0.209875
4.833219 0.203345
4.854233 0.206759
4.875247 0.207368
4.896261 0.203724
4.917275 0.209545
4.938289 0.204054
4.959303 0.207146
4.980317 0.206754
5.001331 0.203683
5.022345 0.209403
5.043359 0.203157
5.064373 0.205480
5.085387 0.205860
5.106401 0.201767
5.127415 0.207916
5.148429 0.203021
5.169443 0.207174
5.190457 0.206801
5.211471 0.204096
5.232485 0.209692
5.253499 0.203277
5.274513 0.205646
5.295527 0.204117
5.316541 0.201097
5.337555 0.206127
5.358569 0.201576
5.379583 0.205164
5.400597 0.202546
5.421611 0.200076
5.442625 0.204055
5.463639 0.199327
5.484653 0.203950
5.505667 0.202058
5.526681 0.200051
5.547695 0.205169
5.568709 0.200353
5.589723 0.204139
5.610737 0.200664
5.631751 0.197500
5.652765 0.201431
5.673779 0.196653
5.694793 0.201438
5.715807 0.198584
5.736821 0.196092
5.757835 0.200352
5.778849 0.195425
5.799863 0.200669
5.820877 0.197245
5.841891 0.194735
5.862905 0.198142
5.883919 0.192892
5.904933 0.199286
5.925947 0.195346
5.946961 0.193624
5.967975 0.197182
5.988989 0.192447
6.010003 0.198206
6.031017 0.194426
6.052031 0.192744
6.073045 0.196378
6.094059 0.190974
6.115073 0.196450
6.136087 0.192995
6.157101 0.192171
6.178115 0.196280
6.199129 0.190566
6.220143 0.196668
6.241157 0.192490
6.262171 0.192609
6.283185 0.195814
