serial number: JANUSZ_4_RI70_21414873
torque: 8.0
start_temp: 30 (31)
finish_temp: 30 (31)
note: joint J4, pcb 3_4
0.000000 nan
0.021014 0.194272
0.042028 0.203072
0.063042 0.198037
0.084056 0.197622
0.105070 0.203748
0.126084 0.194689
0.147098 0.204014
0.168112 0.198434
0.189126 0.198907
0.210140 0.203703
0.231154 0.194854
0.252168 0.204293
0.273182 0.198965
0.294196 0.200751
0.315210 0.203866
0.336224 0.195213
0.357238 0.205303
0.378252 0.199639
0.399266 0.202924
0.420280 0.204707
0.441294 0.196362
0.462308 0.206637
0.483322 0.200220
0.504336 0.203687
0.525350 0.205318
0.546364 0.198529
0.567378 0.208224
0.588392 0.200659
0.609406 0.205861
0.630420 0.207180
0.651434 0.200478
0.672448 0.210293
0.693462 0.202676
0.714476 0.207557
0.735490 0.207213
0.756504 0.201377
0.777518 0.211005
0.798532 0.202830
0.819546 0.209047
0.840560 0.208382
0.861574 0.202918
0.882588 0.211860
0.903602 0.202694
0.924616 0.210122
0.945630 0.208902
0.966644 0.204215
0.987658 0.212243
1.008672 0.203525
1.029686 0.211504
1.050700 0.209026
1.071714 0.205488
1.092728 0.211202
1.113742 0.201823
1.134756 0.210225
1.155770 0.207528
1.176784 0.205197
1.197798 0.210925
1.218812 0.202470
1.239826 0.210948
1.260840 0.207801
1.281854 0.207461
1.302868 0.211707
1.323882 0.203381
1.344896 0.210202
1.365910 0.205774
1.386924 0.206579
1.407938 0.209579
1.428952 0.203060
1.449966 0.209909
1.470980 0.204863
1.491994 0.206706
1.513008 0.208089
1.534022 0.201961
1.555036 0.207650
1.576050 0.202520
1.597064 0.206216
1.618078 0.206383
1.639092 0.202114
1.660106 0.207902
1.681120 0.202467
1.702134 0.206631
1.723148 0.206318
1.744162 0.203607
1.765176 0.207741
1.786190 0.201712
1.807204 0.206518
1.828218 0.204611
1.849232 0.201459
1.870246 0.204871
1.891260 0.199604
1.912274 0.204348
1.933288 0.203235
1.954302 0.203026
1.975316 0.205054
1.996330 0.200920
2.017344 0.205296
2.038358 0.202059
2.059372 0.202855
2.080386 0.204208
2.101400 0.200275
2.122414 0.204040
2.143428 0.200424
2.164442 0.202704
2.185456 0.201846
2.206470 0.199489
2.227484 0.203500
2.248498 0.199941
2.269512 0.203091
2.290526 0.201444
2.311540 0.199622
2.332554 0.202099
2.353568 0.198862
2.374582 0.202592
2.395596 0.200911
2.416610 0.201640
2.437624 0.203171
2.458638 0.199730
2.479652 0.203051
2.500666 0.200258
2.521680 0.201356
2.542694 0.200889
2.563708 0.199160
2.584722 0.202847
2.605736 0.200137
2.626750 0.203460
2.647764 0.202338
2.668778 0.199950
2.689792 0.203214
2.710806 0.200328
2.731820 0.202756
2.752834 0.200823
2.773848 0.200748
2.794862 0.202494
2.815876 0.200078
2.836890 0.203032
2.857904 0.199916
2.878918 0.201110
2.899932 0.202037
2.920946 0.199591
2.941960 0.204137
2.962974 0.201112
2.983988 0.202208
3.005002 0.201783
3.026016 0.199696
3.047030 0.203403
3.068044 0.199670
3.089058 0.202190
3.110072 0.200347
3.131086 0.198043
3.152100 0.202152
3.173114 0.199323
3.194128 0.201810
3.215142 0.199800
3.236156 0.199032
3.257170 0.202887
3.278184 0.200061
3.299198 0.203145
3.320212 0.200197
3.341226 0.199322
3.362240 0.201434
3.383254 0.199302
3.404268 0.204145
3.425282 0.199333
3.446296 0.201354
3.467310 0.202540
3.488324 0.199739
3.509338 0.203950
3.530352 0.199725
3.551366 0.200220
3.572380 0.201443
3.593394 0.198450
3.614408 0.203295
3.635422 0.199887
3.656436 0.201871
3.677450 0.201744
3.698464 0.199184
3.719478 0.204322
3.740492 0.199729
3.761506 0.202560
3.782520 0.201287
3.803534 0.199064
3.824548 0.204342
3.845562 0.200100
3.866576 0.204268
3.887590 0.203042
3.908604 0.199983
3.929618 0.205468
3.950632 0.200489
3.971646 0.205552
3.992660 0.203607
4.013674 0.200603
4.034688 0.205443
4.055702 0.200208
4.076716 0.205249
4.097730 0.202735
4.118744 0.200635
4.139758 0.207162
4.160772 0.201962
4.181786 0.207226
4.202800 0.203782
4.223814 0.204553
4.244828 0.211497
4.265842 0.205254
4.286856 0.211010
4.307870 0.207519
4.328884 0.206391
4.349898 0.211709
4.370912 0.206136
4.391926 0.212987
4.412940 0.208403
4.433954 0.207437
4.454968 0.213404
4.475982 0.206254
4.496996 0.212963
4.518010 0.209227
4.539023 0.208605
4.560037 0.213574
4.581051 0.207299
4.602065 0.214486
4.623079 0.209818
4.644093 0.210280
4.665107 0.214102
4.686121 0.207248
4.707135 0.214763
4.728149 0.209733
4.749163 0.209668
4.770177 0.213794
4.791191 0.207134
4.812205 0.215510
4.833219 0.210201
4.854233 0.210970
4.875247 0.214422
4.896261 0.207988
4.917275 0.216100
4.938289 0.210091
4.959303 0.212011
4.980317 0.213808
5.001331 0.207345
5.022345 0.215601
5.043359 0.209270
5.064373 0.211054
5.085387 0.213383
5.106401 0.206690
5.127415 0.214670
5.148429 0.208854
5.169443 0.211327
5.190457 0.213491
5.211471 0.206453
5.232485 0.213150
5.253499 0.206385
5.274513 0.210045
5.295527 0.211938
5.316541 0.205763
5.337555 0.213098
5.358569 0.206250
5.379583 0.210034
5.400597 0.209538
5.421611 0.204365
5.442625 0.212367
5.463639 0.205142
5.484653 0.208390
5.505667 0.208178
5.526681 0.203128
5.547695 0.209956
5.568709 0.202640
5.589723 0.207742
5.610737 0.207469
5.631751 0.202026
5.652765 0.209928
5.673779 0.201398
5.694793 0.205762
5.715807 0.204398
5.736821 0.199525
5.757835 0.206076
5.778849 0.198099
5.799863 0.203963
5.820877 0.202314
5.841891 0.198103
5.862905 0.205381
5.883919 0.197383
5.904933 0.204420
5.925947 0.202260
5.946961 0.198271
5.967975 0.204266
5.988989 0.195292
6.010003 0.202034
6.031017 0.199597
6.052031 0.196739
6.073045 0.203238
6.094059 0.194800
6.115073 0.202687
6.136087 0.199360
6.157101 0.196620
6.178115 0.203316
6.199129 0.194095
6.220143 0.202402
6.241157 0.198535
6.262171 0.197894
6.283185 0.203280
