serial number: JANUSZ_4_RI70_21414873
torque: 8.0
start_temp: 30 (33)
finish_temp: 29 (31)
note: joint 1 J4, pcb 3_4
0.000000 nan
0.021014 0.213760
0.042028 0.204170
0.063042 0.216221
0.084056 0.206850
0.105070 0.211963
0.126084 0.214160
0.147098 0.205159
0.168112 0.217295
0.189126 0.206881
0.210140 0.212564
0.231154 0.214226
0.252168 0.204694
0.273182 0.216315
0.294196 0.206303
0.315210 0.213741
0.336224 0.214186
0.357238 0.206704
0.378252 0.217337
0.399266 0.205990
0.420280 0.214331
0.441294 0.213018
0.462308 0.206647
0.483322 0.216832
0.504336 0.206525
0.525350 0.215686
0.546364 0.213423
0.567378 0.209813
0.588392 0.217299
0.609406 0.206989
0.630420 0.216095
0.651434 0.211980
0.672448 0.209697
0.693462 0.215185
0.714476 0.205913
0.735490 0.214796
0.756504 0.210185
0.777518 0.210241
0.798532 0.214378
0.819546 0.206251
0.840560 0.214934
0.861574 0.209436
0.882588 0.211014
0.903602 0.213580
0.924616 0.206179
0.945630 0.214385
0.966644 0.208032
0.987658 0.211665
1.008672 0.211866
1.029686 0.205981
1.050700 0.213164
1.071714 0.205919
1.092728 0.210512
1.113742 0.210063
1.134756 0.206517
1.155770 0.211906
1.176784 0.204983
1.197798 0.210436
1.218812 0.208702
1.239826 0.205599
1.260840 0.210457
1.281854 0.204274
1.302868 0.210387
1.323882 0.207731
1.344896 0.207164
1.365910 0.210599
1.386924 0.203721
1.407938 0.208936
1.428952 0.205680
1.449966 0.206789
1.470980 0.208662
1.491994 0.204052
1.513008 0.209185
1.534022 0.205922
1.555036 0.209172
1.576050 0.208383
1.597064 0.205463
1.618078 0.210154
1.639092 0.205428
1.660106 0.208969
1.681120 0.206770
1.702134 0.205732
1.723148 0.209355
1.744162 0.204703
1.765176 0.209211
1.786190 0.206634
1.807204 0.205914
1.828218 0.208482
1.849232 0.204767
1.870246 0.209409
1.891260 0.205857
1.912274 0.207675
1.933288 0.208417
1.954302 0.205358
1.975316 0.209817
1.996330 0.205678
2.017344 0.209831
2.038358 0.208222
2.059372 0.206678
2.080386 0.210192
2.101400 0.206061
2.122414 0.209804
2.143428 0.207384
2.164442 0.207173
2.185456 0.210390
2.206470 0.206412
2.227484 0.210444
2.248498 0.207012
2.269512 0.207863
2.290526 0.210141
2.311540 0.206757
2.332554 0.211261
2.353568 0.207806
2.374582 0.209010
2.395596 0.210084
2.416610 0.206513
2.437624 0.211323
2.458638 0.208177
2.479652 0.210300
2.500666 0.209474
2.521680 0.207109
2.542694 0.211864
2.563708 0.208409
2.584722 0.211240
2.605736 0.209469
2.626750 0.207851
2.647764 0.211933
2.668778 0.207952
2.689792 0.211137
2.710806 0.208255
2.731820 0.207395
2.752834 0.210751
2.773848 0.206757
2.794862 0.211776
2.815876 0.209140
2.836890 0.209344
2.857904 0.212520
2.878918 0.208321
2.899932 0.213078
2.920946 0.209204
2.941960 0.210056
2.962974 0.212437
2.983988 0.208214
3.005002 0.213413
3.026016 0.208642
3.047030 0.211260
3.068044 0.212604
3.089058 0.208609
3.110072 0.215224
3.131086 0.210158
3.152100 0.211730
3.173114 0.212674
3.194128 0.208625
3.215142 0.214729
3.236156 0.208902
3.257170 0.211203
3.278184 0.211607
3.299198 0.207984
3.320212 0.214757
3.341226 0.209406
3.362240 0.212446
3.383254 0.211736
3.404268 0.208385
3.425282 0.214772
3.446296 0.208933
3.467310 0.213535
3.488324 0.211436
3.509338 0.209516
3.530352 0.215810
3.551366 0.209502
3.572380 0.214713
3.593394 0.211927
3.614408 0.210068
3.635422 0.215818
3.656436 0.209606
3.677450 0.215665
3.698464 0.212402
3.719478 0.210077
3.740492 0.216179
3.761506 0.210004
3.782520 0.217019
3.803534 0.213514
3.824548 0.211079
3.845562 0.216823
3.866576 0.210303
3.887590 0.217012
3.908604 0.212464
3.929618 0.211207
3.950632 0.216968
3.971646 0.210289
3.992660 0.218005
4.013674 0.213440
4.034688 0.213072
4.055702 0.218369
4.076716 0.211766
4.097730 0.219394
4.118744 0.213624
4.139758 0.213670
4.160772 0.218348
4.181786 0.211031
4.202800 0.218034
4.223814 0.212887
4.244828 0.213455
4.265842 0.218593
4.286856 0.211190
4.307870 0.218998
4.328884 0.213439
4.349898 0.214310
4.370912 0.218733
4.391926 0.211048
4.412940 0.218898
4.433954 0.212555
4.454968 0.213559
4.475982 0.217100
4.496996 0.209694
4.518010 0.217430
4.539023 0.211598
4.560037 0.213343
4.581051 0.215706
4.602065 0.209286
4.623079 0.217849
4.644093 0.211744
4.665107 0.213095
4.686121 0.214469
4.707135 0.206990
4.728149 0.215091
4.749163 0.208360
4.770177 0.211312
4.791191 0.213691
4.812205 0.207016
4.833219 0.215407
4.854233 0.209685
4.875247 0.212997
4.896261 0.213199
4.917275 0.206880
4.938289 0.215141
4.959303 0.208341
4.980317 0.211780
5.001331 0.212146
5.022345 0.205784
5.043359 0.213302
5.064373 0.205628
5.085387 0.209821
5.106401 0.209682
5.127415 0.202930
5.148429 0.211245
5.169443 0.203838
5.190457 0.208044
5.211471 0.208803
5.232485 0.202453
5.253499 0.210371
5.274513 0.202012
5.295527 0.208639
5.316541 0.207630
5.337555 0.202064
5.358569 0.209959
5.379583 0.201705
5.400597 0.208407
5.421611 0.206276
5.442625 0.201779
5.463639 0.209426
5.484653 0.200372
5.505667 0.207734
5.526681 0.205522
5.547695 0.202437
5.568709 0.210672
5.589723 0.200695
5.610737 0.208316
5.631751 0.204552
5.652765 0.202066
5.673779 0.210962
5.694793 0.200250
5.715807 0.209160
5.736821 0.205653
5.757835 0.203345
5.778849 0.211043
5.799863 0.201075
5.820877 0.211632
5.841891 0.207353
5.862905 0.206005
5.883919 0.213661
5.904933 0.203500
5.925947 0.213332
5.946961 0.208308
5.967975 0.207604
5.988989 0.213064
6.010003 0.202586
6.031017 0.213577
6.052031 0.207253
6.073045 0.207658
6.094059 0.213617
6.115073 0.203112
6.136087 0.214569
6.157101 0.207214
6.178115 0.208565
6.199129 0.213249
6.220143 0.203651
6.241157 0.216025
6.262171 0.207354
6.283185 0.209857
