serial number: JANUSZ_4_RI70_21414873
torque: 8.0
start_temp: 30 (34)
finish_temp: 30 (31)
note: joint J4 pcb 3_4
0.000000 nan
0.021014 0.186510
0.042028 0.177233
0.063042 0.183814
0.084056 0.183642
0.105070 0.178010
0.126084 0.186484
0.147098 0.175479
0.168112 0.183355
0.189126 0.182433
0.210140 0.176834
0.231154 0.185510
0.252168 0.174393
0.273182 0.183201
0.294196 0.181745
0.315210 0.177705
0.336224 0.184690
0.357238 0.172458
0.378252 0.182717
0.399266 0.180475
0.420280 0.178179
0.441294 0.185694
0.462308 0.174713
0.483322 0.184675
0.504336 0.181218
0.525350 0.178490
0.546364 0.185184
0.567378 0.174202
0.588392 0.184626
0.609406 0.181413
0.630420 0.179599
0.651434 0.185245
0.672448 0.174064
0.693462 0.183860
0.714476 0.179331
0.735490 0.180098
0.756504 0.185338
0.777518 0.175563
0.798532 0.184697
0.819546 0.179872
0.840560 0.180980
0.861574 0.185531
0.882588 0.176799
0.903602 0.184749
0.924616 0.178800
0.945630 0.181284
0.966644 0.185372
0.987658 0.177411
1.008672 0.186046
1.029686 0.180584
1.050700 0.184002
1.071714 0.186479
1.092728 0.178877
1.113742 0.187224
1.134756 0.180795
1.155770 0.184854
1.176784 0.186698
1.197798 0.181726
1.218812 0.189051
1.239826 0.181795
1.260840 0.187295
1.281854 0.186542
1.302868 0.181940
1.323882 0.187978
1.344896 0.181283
1.365910 0.188748
1.386924 0.187421
1.407938 0.184007
1.428952 0.190788
1.449966 0.183159
1.470980 0.189898
1.491994 0.188992
1.513008 0.187438
1.534022 0.193259
1.555036 0.184535
1.576050 0.190565
1.597064 0.188008
1.618078 0.187081
1.639092 0.192687
1.660106 0.183768
1.681120 0.191491
1.702134 0.188852
1.723148 0.188021
1.744162 0.192240
1.765176 0.184340
1.786190 0.192255
1.807204 0.186185
1.828218 0.187675
1.849232 0.191409
1.870246 0.184041
1.891260 0.192000
1.912274 0.186577
1.933288 0.189670
1.954302 0.191449
1.975316 0.184022
1.996330 0.190825
2.017344 0.185410
2.038358 0.189673
2.059372 0.190479
2.080386 0.185989
2.101400 0.192434
2.122414 0.184970
2.143428 0.189841
2.164442 0.189596
2.185456 0.185248
2.206470 0.190933
2.227484 0.182807
2.248498 0.188783
2.269512 0.186841
2.290526 0.184193
2.311540 0.189489
2.332554 0.180736
2.353568 0.188443
2.374582 0.185473
2.395596 0.184059
2.416610 0.188605
2.437624 0.179850
2.458638 0.187077
2.479652 0.183555
2.500666 0.182799
2.521680 0.185763
2.542694 0.178036
2.563708 0.186713
2.584722 0.182775
2.605736 0.183716
2.626750 0.185861
2.647764 0.178096
2.668778 0.184819
2.689792 0.178952
2.710806 0.181309
2.731820 0.182696
2.752834 0.176703
2.773848 0.183551
2.794862 0.177386
2.815876 0.181327
2.836890 0.181558
2.857904 0.176482
2.878918 0.182376
2.899932 0.175548
2.920946 0.180622
2.941960 0.180035
2.962974 0.176837
2.983988 0.180948
3.005002 0.173971
3.026016 0.180994
3.047030 0.178914
3.068044 0.175578
3.089058 0.179796
3.110072 0.172595
3.131086 0.179601
3.152100 0.176656
3.173114 0.176176
3.194128 0.180012
3.215142 0.173462
3.236156 0.179073
3.257170 0.174988
3.278184 0.175755
3.299198 0.178581
3.320212 0.171076
3.341226 0.177194
3.362240 0.173348
3.383254 0.174568
3.404268 0.174942
3.425282 0.170875
3.446296 0.176245
3.467310 0.171647
3.488324 0.174887
3.509338 0.176000
3.530352 0.171836
3.551366 0.175661
3.572380 0.170868
3.593394 0.174480
3.614408 0.174663
3.635422 0.171724
3.656436 0.175264
3.677450 0.168916
3.698464 0.173866
3.719478 0.172838
3.740492 0.172042
3.761506 0.175817
3.782520 0.169422
3.803534 0.173811
3.824548 0.172196
3.845562 0.172503
3.866576 0.175441
3.887590 0.169101
3.908604 0.173837
3.929618 0.172140
3.950632 0.172923
3.971646 0.174804
3.992660 0.168559
4.013674 0.172511
4.034688 0.170402
4.055702 0.173787
4.076716 0.175551
4.097730 0.170112
4.118744 0.174506
4.139758 0.170505
4.160772 0.174621
4.181786 0.175254
4.202800 0.171387
4.223814 0.175963
4.244828 0.172168
4.265842 0.176581
4.286856 0.176465
4.307870 0.172878
4.328884 0.176281
4.349898 0.170963
4.370912 0.177339
4.391926 0.176469
4.412940 0.173689
4.433954 0.176276
4.454968 0.170721
4.475982 0.178538
4.496996 0.175895
4.518010 0.175839
4.539023 0.178117
4.560037 0.171027
4.581051 0.178757
4.602065 0.176190
4.623079 0.176518
4.644093 0.179263
4.665107 0.171350
4.686121 0.179020
4.707135 0.175689
4.728149 0.177600
4.749163 0.179686
4.770177 0.171516
4.791191 0.178864
4.812205 0.175787
4.833219 0.178526
4.854233 0.180988
4.875247 0.173027
4.896261 0.180306
4.917275 0.176180
4.938289 0.179444
4.959303 0.181355
4.980317 0.174538
5.001331 0.182056
5.022345 0.177147
5.043359 0.180486
5.064373 0.180069
5.085387 0.175227
5.106401 0.182963
5.127415 0.176469
5.148429 0.181224
5.169443 0.180332
5.190457 0.175277
5.211471 0.181696
5.232485 0.177015
5.253499 0.183042
5.274513 0.180625
5.295527 0.177202
5.316541 0.183796
5.337555 0.177299
5.358569 0.183714
5.379583 0.181865
5.400597 0.178864
5.421611 0.184483
5.442625 0.176916
5.463639 0.184200
5.484653 0.181896
5.505667 0.180350
5.526681 0.185493
5.547695 0.177082
5.568709 0.185338
5.589723 0.182107
5.610737 0.181436
5.631751 0.186392
5.652765 0.178390
5.673779 0.186695
5.694793 0.182901
5.715807 0.182195
5.736821 0.186801
5.757835 0.178053
5.778849 0.187124
5.799863 0.182417
5.820877 0.183205
5.841891 0.188714
5.862905 0.179695
5.883919 0.188168
5.904933 0.182591
5.925947 0.184062
5.946961 0.187533
5.967975 0.179350
5.988989 0.188238
6.010003 0.181638
6.031017 0.184258
6.052031 0.186914
6.073045 0.178492
6.094059 0.187333
6.115073 0.180285
6.136087 0.184041
6.157101 0.186642
6.178115 0.178759
6.199129 0.186627
6.220143 0.178176
6.241157 0.184108
6.262171 0.185928
6.283185 0.177959
