serial number: JANUSZ_4_RI70_21414873
torque: 8.0
start_temp: 30 (34)
finish_temp: 29 (31)
note: joint J4, pcb 3_4
0.000000 nan
0.021014 0.190320
0.042028 0.198191
0.063042 0.192419
0.084056 0.195171
0.105070 0.196588
0.126084 0.190756
0.147098 0.198589
0.168112 0.193753
0.189126 0.195912
0.210140 0.196960
0.231154 0.191744
0.252168 0.199054
0.273182 0.193036
0.294196 0.197067
0.315210 0.197682
0.336224 0.192415
0.357238 0.199887
0.378252 0.194089
0.399266 0.197703
0.420280 0.197935
0.441294 0.193414
0.462308 0.200698
0.483322 0.194570
0.504336 0.198864
0.525350 0.198651
0.546364 0.193939
0.567378 0.201352
0.588392 0.194964
0.609406 0.199165
0.630420 0.198210
0.651434 0.194271
0.672448 0.201676
0.693462 0.195063
0.714476 0.199722
0.735490 0.197435
0.756504 0.194121
0.777518 0.201483
0.798532 0.194961
0.819546 0.200585
0.840560 0.198269
0.861574 0.195761
0.882588 0.202404
0.903602 0.195495
0.924616 0.201976
0.945630 0.199988
0.966644 0.197149
0.987658 0.203061
1.008672 0.196129
1.029686 0.202087
1.050700 0.199582
1.071714 0.198735
1.092728 0.202943
1.113742 0.195649
1.134756 0.201918
1.155770 0.199265
1.176784 0.198704
1.197798 0.201542
1.218812 0.194782
1.239826 0.201837
1.260840 0.199081
1.281854 0.198851
1.302868 0.201694
1.323882 0.195207
1.344896 0.201754
1.365910 0.198613
1.386924 0.199538
1.407938 0.200666
1.428952 0.194633
1.449966 0.201617
1.470980 0.197819
1.491994 0.198622
1.513008 0.199453
1.534022 0.194833
1.555036 0.200364
1.576050 0.196125
1.597064 0.197769
1.618078 0.198926
1.639092 0.196344
1.660106 0.199889
1.681120 0.195553
1.702134 0.199027
1.723148 0.197890
1.744162 0.196961
1.765176 0.197853
1.786190 0.194875
1.807204 0.199371
1.828218 0.198667
1.849232 0.197363
1.870246 0.197737
1.891260 0.195736
1.912274 0.198605
1.933288 0.196783
1.954302 0.196641
1.975316 0.196006
1.996330 0.193590
2.017344 0.196053
2.038358 0.194757
2.059372 0.195003
2.080386 0.195129
2.101400 0.194714
2.122414 0.195702
2.143428 0.194427
2.164442 0.195559
2.185456 0.194006
2.206470 0.194834
2.227484 0.195168
2.248498 0.194136
2.269512 0.196012
2.290526 0.193734
2.311540 0.194850
2.332554 0.194336
2.353568 0.194264
2.374582 0.196701
2.395596 0.194450
2.416610 0.194853
2.437624 0.193044
2.458638 0.194136
2.479652 0.196414
2.500666 0.194171
2.521680 0.196445
2.542694 0.193166
2.563708 0.193952
2.584722 0.194923
2.605736 0.193353
2.626750 0.196189
2.647764 0.193144
2.668778 0.195302
2.689792 0.194658
2.710806 0.192497
2.731820 0.195924
2.752834 0.192589
2.773848 0.195215
2.794862 0.193431
2.815876 0.193963
2.836890 0.196337
2.857904 0.192213
2.878918 0.195124
2.899932 0.192930
2.920946 0.194270
2.941960 0.196589
2.962974 0.193679
2.983988 0.196273
3.005002 0.192949
3.026016 0.194103
3.047030 0.195414
3.068044 0.193422
3.089058 0.196918
3.110072 0.193116
3.131086 0.194590
3.152100 0.195263
3.173114 0.193342
3.194128 0.196252
3.215142 0.191853
3.236156 0.195549
3.257170 0.195109
3.278184 0.194337
3.299198 0.198400
3.320212 0.192073
3.341226 0.195695
3.362240 0.195669
3.383254 0.196046
3.404268 0.200774
3.425282 0.195262
3.446296 0.197606
3.467310 0.196313
3.488324 0.195529
3.509338 0.199508
3.530352 0.195694
3.551366 0.199974
3.572380 0.197637
3.593394 0.197175
3.614408 0.200865
3.635422 0.196025
3.656436 0.200748
3.677450 0.198122
3.698464 0.197924
3.719478 0.200798
3.740492 0.196617
3.761506 0.201725
3.782520 0.198454
3.803534 0.198378
3.824548 0.201396
3.845562 0.197944
3.866576 0.202810
3.887590 0.198688
3.908604 0.198648
3.929618 0.202565
3.950632 0.198529
3.971646 0.203697
3.992660 0.199861
4.013674 0.199768
4.034688 0.203132
4.055702 0.198742
4.076716 0.203853
4.097730 0.199044
4.118744 0.200203
4.139758 0.203231
4.160772 0.199756
4.181786 0.205916
4.202800 0.199934
4.223814 0.201586
4.244828 0.204141
4.265842 0.200622
4.286856 0.206806
4.307870 0.200466
4.328884 0.202307
4.349898 0.204640
4.370912 0.201535
4.391926 0.208181
4.412940 0.200846
4.433954 0.202544
4.454968 0.205445
4.475982 0.200944
4.496996 0.207636
4.518010 0.201429
4.539023 0.204001
4.560037 0.205193
4.581051 0.201827
4.602065 0.208401
4.623079 0.201483
4.644093 0.204935
4.665107 0.206127
4.686121 0.202315
4.707135 0.210073
4.728149 0.203293
4.749163 0.205642
4.770177 0.205116
4.791191 0.202499
4.812205 0.210168
4.833219 0.203429
4.854233 0.205704
4.875247 0.206220
4.896261 0.203401
4.917275 0.210978
4.938289 0.204627
4.959303 0.207524
4.980317 0.207197
5.001331 0.203391
5.022345 0.209769
5.043359 0.202934
5.064373 0.206429
5.085387 0.206466
5.106401 0.203136
5.127415 0.208869
5.148429 0.202343
5.169443 0.206654
5.190457 0.205100
5.211471 0.201976
5.232485 0.207805
5.253499 0.201314
5.274513 0.205657
5.295527 0.203116
5.316541 0.201136
5.337555 0.206823
5.358569 0.200775
5.379583 0.205417
5.400597 0.202496
5.421611 0.199032
5.442625 0.203886
5.463639 0.198735
5.484653 0.204339
5.505667 0.201751
5.526681 0.199945
5.547695 0.204724
5.568709 0.199388
5.589723 0.204761
5.610737 0.200958
5.631751 0.198810
5.652765 0.203064
5.673779 0.197204
5.694793 0.201957
5.715807 0.197474
5.736821 0.196740
5.757835 0.201134
5.778849 0.195433
5.799863 0.200369
5.820877 0.196509
5.841891 0.195725
5.862905 0.199766
5.883919 0.193847
5.904933 0.200283
5.925947 0.195071
5.946961 0.194834
5.967975 0.198776
5.988989 0.192298
6.010003 0.198823
6.031017 0.194444
6.052031 0.194458
6.073045 0.197249
6.094059 0.192114
6.115073 0.199428
6.136087 0.194042
6.157101 0.194268
6.178115 0.195588
6.199129 0.190450
6.220143 0.198536
6.241157 0.193309
6.262171 0.194201
6.283185 0.195494
