serial number: JANUSZ_4_RI70_21414873
torque: 8.0
start_temp: 30 (34)
finish_temp: 29 (30)
note: joint 1 J4, pcb 3_4
0.000000 nan
0.021014 0.214565
0.042028 0.204088
0.063042 0.216527
0.084056 0.208432
0.105070 0.211701
0.126084 0.214911
0.147098 0.204687
0.168112 0.217388
0.189126 0.207525
0.210140 0.212520
0.231154 0.214005
0.252168 0.205299
0.273182 0.217991
0.294196 0.207553
0.315210 0.214343
0.336224 0.214742
0.357238 0.207229
0.378252 0.218330
0.399266 0.206442
0.420280 0.214107
0.441294 0.213535
0.462308 0.207247
0.483322 0.217241
0.504336 0.206119
0.525350 0.214802
0.546364 0.213192
0.567378 0.208986
0.588392 0.217823
0.609406 0.206793
0.630420 0.215942
0.651434 0.212159
0.672448 0.208136
0.693462 0.215600
0.714476 0.205465
0.735490 0.215797
0.756504 0.211256
0.777518 0.210747
0.798532 0.215513
0.819546 0.206386
0.840560 0.216160
0.861574 0.210427
0.882588 0.211573
0.903602 0.214262
0.924616 0.206300
0.945630 0.215816
0.966644 0.209017
0.987658 0.212178
1.008672 0.213236
1.029686 0.205863
1.050700 0.214042
1.071714 0.207545
1.092728 0.212123
1.113742 0.211948
1.134756 0.206293
1.155770 0.212399
1.176784 0.204521
1.197798 0.211286
1.218812 0.210467
1.239826 0.207276
1.260840 0.212694
1.281854 0.205821
1.302868 0.212171
1.323882 0.209308
1.344896 0.207790
1.365910 0.211594
1.386924 0.204734
1.407938 0.211166
1.428952 0.207239
1.449966 0.207783
1.470980 0.209885
1.491994 0.204586
1.513008 0.211429
1.534022 0.206430
1.555036 0.209314
1.576050 0.209455
1.597064 0.205239
1.618078 0.211478
1.639092 0.206309
1.660106 0.211072
1.681120 0.209449
1.702134 0.206431
1.723148 0.211190
1.744162 0.206434
1.765176 0.212173
1.786190 0.209218
1.807204 0.208178
1.828218 0.211571
1.849232 0.206574
1.870246 0.212193
1.891260 0.208738
1.912274 0.209555
1.933288 0.211639
1.954302 0.207110
1.975316 0.212798
1.996330 0.208280
2.017344 0.209850
2.038358 0.210028
2.059372 0.205970
2.080386 0.211063
2.101400 0.206875
2.122414 0.210473
2.143428 0.209939
2.164442 0.206605
2.185456 0.212396
2.206470 0.207998
2.227484 0.213035
2.248498 0.210592
2.269512 0.209080
2.290526 0.213065
2.311540 0.207650
2.332554 0.212783
2.353568 0.209390
2.374582 0.209954
2.395596 0.212672
2.416610 0.208055
2.437624 0.213203
2.458638 0.210043
2.479652 0.212274
2.500666 0.213161
2.521680 0.208692
2.542694 0.214006
2.563708 0.210068
2.584722 0.212627
2.605736 0.212802
2.626750 0.209622
2.647764 0.214255
2.668778 0.209316
2.689792 0.213258
2.710806 0.212303
2.731820 0.209889
2.752834 0.214601
2.773848 0.210486
2.794862 0.214784
2.815876 0.212685
2.836890 0.212132
2.857904 0.216581
2.878918 0.211741
2.899932 0.216626
2.920946 0.212792
2.941960 0.212083
2.962974 0.215231
2.983988 0.210623
3.005002 0.216281
3.026016 0.211549
3.047030 0.212066
3.068044 0.215490
3.089058 0.210304
3.110072 0.216356
3.131086 0.212875
3.152100 0.213684
3.173114 0.215848
3.194128 0.210545
3.215142 0.216747
3.236156 0.213276
3.257170 0.214906
3.278184 0.215638
3.299198 0.211619
3.320212 0.217487
3.341226 0.212508
3.362240 0.215155
3.383254 0.215095
3.404268 0.211584
3.425282 0.217898
3.446296 0.213113
3.467310 0.216277
3.488324 0.216091
3.509338 0.213082
3.530352 0.219172
3.551366 0.214015
3.572380 0.217652
3.593394 0.215892
3.614408 0.213037
3.635422 0.218572
3.656436 0.213100
3.677450 0.217681
3.698464 0.215125
3.719478 0.213304
3.740492 0.219110
3.761506 0.213181
3.782520 0.218811
3.803534 0.216306
3.824548 0.213821
3.845562 0.219032
3.866576 0.213597
3.887590 0.220161
3.908604 0.217127
3.929618 0.214635
3.950632 0.220421
3.971646 0.214380
3.992660 0.220243
4.013674 0.216784
4.034688 0.214890
4.055702 0.220613
4.076716 0.214132
4.097730 0.221358
4.118744 0.217532
4.139758 0.216546
4.160772 0.222227
4.181786 0.214590
4.202800 0.221167
4.223814 0.216850
4.244828 0.216108
4.265842 0.221151
4.286856 0.213973
4.307870 0.221579
4.328884 0.217035
4.349898 0.216582
4.370912 0.221000
4.391926 0.212827
4.412940 0.220172
4.433954 0.215188
4.454968 0.215926
4.475982 0.220018
4.496996 0.212417
4.518010 0.220305
4.539023 0.215081
4.560037 0.215601
4.581051 0.218884
4.602065 0.210361
4.623079 0.217549
4.644093 0.211914
4.665107 0.213744
4.686121 0.217446
4.707135 0.210198
4.728149 0.218064
4.749163 0.211571
4.770177 0.213389
4.791191 0.215023
4.812205 0.208151
4.833219 0.216178
4.854233 0.209634
4.875247 0.211201
4.896261 0.214002
4.917275 0.207576
4.938289 0.216548
4.959303 0.208784
4.980317 0.210323
5.001331 0.211989
5.022345 0.204962
5.043359 0.213822
5.064373 0.206629
5.085387 0.209824
5.106401 0.210710
5.127415 0.203993
5.148429 0.212749
5.169443 0.205161
5.190457 0.209859
5.211471 0.209343
5.232485 0.202637
5.253499 0.211087
5.274513 0.203534
5.295527 0.209589
5.316541 0.208683
5.337555 0.202130
5.358569 0.210462
5.379583 0.202541
5.400597 0.209050
5.421611 0.208621
5.442625 0.203104
5.463639 0.211630
5.484653 0.202231
5.505667 0.208593
5.526681 0.208374
5.547695 0.203354
5.568709 0.211401
5.589723 0.201671
5.610737 0.209688
5.631751 0.207170
5.652765 0.203715
5.673779 0.212482
5.694793 0.202934
5.715807 0.210682
5.736821 0.206664
5.757835 0.202911
5.778849 0.210855
5.799863 0.200688
5.820877 0.209530
5.841891 0.206983
5.862905 0.204532
5.883919 0.212180
5.904933 0.201737
5.925947 0.210513
5.946961 0.206111
5.967975 0.204690
5.988989 0.212299
6.010003 0.201532
6.031017 0.211930
6.052031 0.206330
6.073045 0.206131
6.094059 0.212908
6.115073 0.201822
6.136087 0.212822
6.157101 0.205892
6.178115 0.207337
6.199129 0.212323
6.220143 0.201411
6.241157 0.212604
6.262171 0.205047
6.283185 0.208581
