serial number: JANUSZ_4_RI70_21414873
torque: 8.0
start_temp: 30 (33)
finish_temp: 29 (30)
note: joint J4 pcb 3_4
0.000000 nan
0.021014 0.183374
0.042028 0.187323
0.063042 0.184137
0.084056 0.185875
0.105070 0.186740
0.126084 0.184253
0.147098 0.187988
0.168112 0.183977
0.189126 0.185752
0.210140 0.187023
0.231154 0.184526
0.252168 0.187769
0.273182 0.184483
0.294196 0.186150
0.315210 0.187783
0.336224 0.186147
0.357238 0.189196
0.378252 0.184935
0.399266 0.186365
0.420280 0.186509
0.441294 0.186810
0.462308 0.189470
0.483322 0.185642
0.504336 0.186482
0.525350 0.187005
0.546364 0.187773
0.567378 0.190665
0.588392 0.186096
0.609406 0.187888
0.630420 0.188364
0.651434 0.188022
0.672448 0.190792
0.693462 0.185962
0.714476 0.187500
0.735490 0.188203
0.756504 0.187665
0.777518 0.191138
0.798532 0.187758
0.819546 0.190609
0.840560 0.188935
0.861574 0.187760
0.882588 0.191599
0.903602 0.187376
0.924616 0.190131
0.945630 0.188845
0.966644 0.188026
0.987658 0.191847
1.008672 0.188658
1.029686 0.191751
1.050700 0.189832
1.071714 0.188994
1.092728 0.192748
1.113742 0.188715
1.134756 0.191768
1.155770 0.189058
1.176784 0.187989
1.197798 0.191709
1.218812 0.188983
1.239826 0.192547
1.260840 0.190565
1.281854 0.190344
1.302868 0.193927
1.323882 0.190403
1.344896 0.194801
1.365910 0.191626
1.386924 0.190814
1.407938 0.194208
1.428952 0.191322
1.449966 0.195729
1.470980 0.191990
1.491994 0.192203
1.513008 0.195459
1.534022 0.191610
1.555036 0.195661
1.576050 0.193237
1.597064 0.192580
1.618078 0.195244
1.639092 0.191993
1.660106 0.196588
1.681120 0.192713
1.702134 0.192389
1.723148 0.195025
1.744162 0.192013
1.765176 0.196403
1.786190 0.191497
1.807204 0.192315
1.828218 0.194252
1.849232 0.191027
1.870246 0.195993
1.891260 0.191777
1.912274 0.193062
1.933288 0.194689
1.954302 0.191606
1.975316 0.195963
1.996330 0.191070
2.017344 0.191799
2.038358 0.194053
2.059372 0.191061
2.080386 0.195482
2.101400 0.190457
2.122414 0.191860
2.143428 0.192258
2.164442 0.189125
2.185456 0.193518
2.206470 0.188595
2.227484 0.190112
2.248498 0.189718
2.269512 0.187331
2.290526 0.192137
2.311540 0.187481
2.332554 0.189498
2.353568 0.189176
2.374582 0.186390
2.395596 0.190653
2.416610 0.186138
2.437624 0.188449
2.458638 0.187323
2.479652 0.185522
2.500666 0.189675
2.521680 0.184978
2.542694 0.187942
2.563708 0.186127
2.584722 0.183864
2.605736 0.188801
2.626750 0.183838
2.647764 0.186850
2.668778 0.184946
2.689792 0.182756
2.710806 0.186473
2.731820 0.182023
2.752834 0.186034
2.773848 0.183005
2.794862 0.180934
2.815876 0.185942
2.836890 0.182024
2.857904 0.186188
2.878918 0.183440
2.899932 0.180798
2.920946 0.184467
2.941960 0.180590
2.962974 0.184190
2.983988 0.181846
3.005002 0.180934
3.026016 0.184345
3.047030 0.180506
3.068044 0.185167
3.089058 0.182003
3.110072 0.180909
3.131086 0.184646
3.152100 0.180689
3.173114 0.185580
3.194128 0.182408
3.215142 0.182409
3.236156 0.186378
3.257170 0.182163
3.278184 0.186889
3.299198 0.183417
3.320212 0.183410
3.341226 0.186145
3.362240 0.182896
3.383254 0.188942
3.404268 0.184901
3.425282 0.184941
3.446296 0.187355
3.467310 0.183907
3.488324 0.189464
3.509338 0.184982
3.530352 0.186376
3.551366 0.188162
3.572380 0.184641
3.593394 0.189866
3.614408 0.185413
3.635422 0.186647
3.656436 0.187323
3.677450 0.184178
3.698464 0.190198
3.719478 0.186469
3.740492 0.187959
3.761506 0.189067
3.782520 0.185316
3.803534 0.191568
3.824548 0.187438
3.845562 0.189784
3.866576 0.189531
3.887590 0.185275
3.908604 0.191824
3.929618 0.187744
3.950632 0.189457
3.971646 0.189702
3.992660 0.186176
4.013674 0.193057
4.034688 0.188778
4.055702 0.191956
4.076716 0.191616
4.097730 0.187718
4.118744 0.193081
4.139758 0.188393
4.160772 0.191175
4.181786 0.190645
4.202800 0.186934
4.223814 0.192481
4.244828 0.188875
4.265842 0.191524
4.286856 0.190979
4.307870 0.187907
4.328884 0.191882
4.349898 0.187458
4.370912 0.190914
4.391926 0.189744
4.412940 0.187707
4.433954 0.191206
4.454968 0.188026
4.475982 0.191708
4.496996 0.189882
4.518010 0.188540
4.539023 0.189870
4.560037 0.186925
4.581051 0.190525
4.602065 0.188716
4.623079 0.188351
4.644093 0.188174
4.665107 0.185695
4.686121 0.189139
4.707135 0.188459
4.728149 0.189158
4.749163 0.188878
4.770177 0.186624
4.791191 0.188596
4.812205 0.187626
4.833219 0.188542
4.854233 0.186938
4.875247 0.186078
4.896261 0.187784
4.917275 0.186214
4.938289 0.187360
4.959303 0.185677
4.980317 0.185183
5.001331 0.186006
5.022345 0.186488
5.043359 0.187227
5.064373 0.185043
5.085387 0.186200
5.106401 0.184935
5.127415 0.184925
5.148429 0.186306
5.169443 0.183764
5.190457 0.185766
5.211471 0.184090
5.232485 0.184299
5.253499 0.185193
5.274513 0.184155
5.295527 0.185934
5.316541 0.182983
5.337555 0.184077
5.358569 0.183806
5.379583 0.182805
5.400597 0.184618
5.421611 0.182339
5.442625 0.182227
5.463639 0.182030
5.484653 0.183272
5.505667 0.185659
5.526681 0.183195
5.547695 0.185517
5.568709 0.183559
5.589723 0.184088
5.610737 0.186134
5.631751 0.182031
5.652765 0.185028
5.673779 0.182139
5.694793 0.183901
5.715807 0.185825
5.736821 0.183204
5.757835 0.186413
5.778849 0.182755
5.799863 0.184273
5.820877 0.184748
5.841891 0.183793
5.862905 0.186896
5.883919 0.182662
5.904933 0.184301
5.925947 0.184363
5.946961 0.183990
5.967975 0.186594
5.988989 0.182185
6.010003 0.184425
6.031017 0.183908
6.052031 0.184017
6.073045 0.186524
6.094059 0.182459
6.115073 0.185441
6.136087 0.184392
6.157101 0.184639
6.178115 0.186876
6.199129 0.182841
6.220143 0.186617
6.241157 0.184766
6.262171 0.184921
6.283185 0.187117
