serial number: JANUSZ_4_RI70_21414873
torque: 8.0
start_temp: 30 (34)
finish_temp: 30 (31)
note: j4_3_4_ri_70
0.000000 nan
0.021014 0.173470
0.042028 0.176787
0.063042 0.165212
0.084056 0.177930
0.105070 0.166372
0.126084 0.174802
0.147098 0.176478
0.168112 0.166070
0.189126 0.179557
0.210140 0.167032
0.231154 0.175908
0.252168 0.175671
0.273182 0.167448
0.294196 0.180278
0.315210 0.166305
0.336224 0.175925
0.357238 0.173918
0.378252 0.167689
0.399266 0.180077
0.420280 0.166090
0.441294 0.176689
0.462308 0.174181
0.483322 0.169350
0.504336 0.181341
0.525350 0.165991
0.546364 0.178238
0.567378 0.173646
0.588392 0.170239
0.609406 0.181729
0.630420 0.165432
0.651434 0.177601
0.672448 0.167658
0.693462 0.167123
0.714476 0.176588
0.735490 0.160833
0.756504 0.175296
0.777518 0.167509
0.798532 0.168352
0.819546 0.176429
0.840560 0.161957
0.861574 0.174220
0.882588 0.164880
0.903602 0.169116
0.924616 0.175909
0.945630 0.161784
0.966644 0.176589
0.987658 0.165409
1.008672 0.170951
1.029686 0.175778
1.050700 0.162109
1.071714 0.176023
1.092728 0.162196
1.113742 0.170256
1.134756 0.172307
1.155770 0.163049
1.176784 0.176454
1.197798 0.161124
1.218812 0.171353
1.239826 0.172081
1.260840 0.164090
1.281854 0.177207
1.302868 0.159938
1.323882 0.171755
1.344896 0.170494
1.365910 0.164013
1.386924 0.176931
1.407938 0.159783
1.428952 0.172556
1.449966 0.169173
1.470980 0.165011
1.491994 0.176637
1.513008 0.158310
1.534022 0.172129
1.555036 0.165946
1.576050 0.163782
1.597064 0.173496
1.618078 0.158541
1.639092 0.171126
1.660106 0.163734
1.681120 0.166047
1.702134 0.173263
1.723148 0.158837
1.744162 0.171979
1.765176 0.163835
1.786190 0.166719
1.807204 0.172579
1.828218 0.159354
1.849232 0.172021
1.870246 0.161555
1.891260 0.167581
1.912274 0.171239
1.933288 0.159842
1.954302 0.172319
1.975316 0.159881
1.996330 0.169058
2.017344 0.170840
2.038358 0.161399
2.059372 0.174209
2.080386 0.160036
2.101400 0.170022
2.122414 0.168885
2.143428 0.162592
2.164442 0.173714
2.185456 0.159123
2.206470 0.171156
2.227484 0.169253
2.248498 0.163892
2.269512 0.174052
2.290526 0.159001
2.311540 0.170677
2.332554 0.167369
2.353568 0.165118
2.374582 0.174224
2.395596 0.160904
2.416610 0.172265
2.437624 0.166394
2.458638 0.167175
2.479652 0.173714
2.500666 0.161699
2.521680 0.172426
2.542694 0.164503
2.563708 0.166910
2.584722 0.172099
2.605736 0.161985
2.626750 0.172341
2.647764 0.162762
2.668778 0.167774
2.689792 0.170015
2.710806 0.161676
2.731820 0.172396
2.752834 0.160970
2.773848 0.167291
2.794862 0.167634
2.815876 0.161562
2.836890 0.172405
2.857904 0.159412
2.878918 0.167787
2.899932 0.165524
2.920946 0.161692
2.941960 0.172127
2.962974 0.159015
2.983988 0.168286
3.005002 0.164328
3.026016 0.162854
3.047030 0.171624
3.068044 0.157911
3.089058 0.167101
3.110072 0.161918
3.131086 0.162696
3.152100 0.168710
3.173114 0.156735
3.194128 0.165925
3.215142 0.159126
3.236156 0.162898
3.257170 0.168561
3.278184 0.158838
3.299198 0.168902
3.320212 0.158246
3.341226 0.164367
3.362240 0.167658
3.383254 0.158732
3.404268 0.168804
3.425282 0.156811
3.446296 0.165090
3.467310 0.165841
3.488324 0.159355
3.509338 0.170213
3.530352 0.156035
3.551366 0.165733
3.572380 0.162903
3.593394 0.159960
3.614408 0.169764
3.635422 0.154878
3.656436 0.166000
3.677450 0.162263
3.698464 0.160050
3.719478 0.170493
3.740492 0.154879
3.761506 0.166972
3.782520 0.161922
3.803534 0.160209
3.824548 0.168269
3.845562 0.154393
3.866576 0.166882
3.887590 0.160009
3.908604 0.160924
3.929618 0.168739
3.950632 0.154181
3.971646 0.167551
3.992660 0.158757
4.013674 0.161971
4.034688 0.166917
4.055702 0.154660
4.076716 0.167653
4.097730 0.156658
4.118744 0.162579
4.139758 0.165430
4.160772 0.155450
4.181786 0.166144
4.202800 0.154482
4.223814 0.163640
4.244828 0.165629
4.265842 0.157158
4.286856 0.168070
4.307870 0.153659
4.328884 0.163848
4.349898 0.162266
4.370912 0.157100
4.391926 0.168781
4.412940 0.153632
4.433954 0.165174
4.454968 0.162438
4.475982 0.158068
4.496996 0.170079
4.518010 0.153723
4.539023 0.165472
4.560037 0.161927
4.581051 0.159022
4.602065 0.171079
4.623079 0.155246
4.644093 0.167405
4.665107 0.160042
4.686121 0.160534
4.707135 0.170319
4.728149 0.154966
4.749163 0.167988
4.770177 0.161453
4.791191 0.162751
4.812205 0.170254
4.833219 0.155929
4.854233 0.170536
4.875247 0.162223
4.896261 0.165212
4.917275 0.172158
4.938289 0.157697
4.959303 0.172482
4.980317 0.162763
5.001331 0.166860
5.022345 0.173258
5.043359 0.159481
5.064373 0.173913
5.085387 0.162689
5.106401 0.168687
5.127415 0.173242
5.148429 0.161952
5.169443 0.175151
5.190457 0.162376
5.211471 0.169873
5.232485 0.172620
5.253499 0.161800
5.274513 0.175800
5.295527 0.162549
5.316541 0.171845
5.337555 0.173300
5.358569 0.162869
5.379583 0.177332
5.400597 0.162324
5.421611 0.172515
5.442625 0.173627
5.463639 0.164530
5.484653 0.178605
5.505667 0.162308
5.526681 0.174237
5.547695 0.172197
5.568709 0.165253
5.589723 0.178069
5.610737 0.162069
5.631751 0.174968
5.652765 0.171808
5.673779 0.167393
5.694793 0.179443
5.715807 0.162816
5.736821 0.176701
5.757835 0.172520
5.778849 0.168931
5.799863 0.180099
5.820877 0.163069
5.841891 0.178115
5.862905 0.171892
5.883919 0.169214
5.904933 0.179414
5.925947 0.163571
5.946961 0.177867
5.967975 0.169554
5.988989 0.170419
6.010003 0.179142
6.031017 0.162733
6.052031 0.177977
6.073045 0.170076
6.094059 0.171385
6.115073 0.178780
6.136087 0.164615
6.157101 0.178455
6.178115 0.168530
6.199129 0.172066
6.220143 0.176332
6.241157 0.164069
6.262171 0.178352
6.283185 0.167583
