serial number: JANUSZ_4_RI70_21414873
torque: 8.0
start_temp: 30 (33)
finish_temp: 29 (30)
note: joint J4 pcb 3_4
0.000000 nan
0.021014 0.181727
0.042028 0.185445
0.063042 0.182338
0.084056 0.183342
0.105070 0.185573
0.126084 0.181648
0.147098 0.185959
0.168112 0.181725
0.189126 0.183371
0.210140 0.185102
0.231154 0.182151
0.252168 0.186855
0.273182 0.182520
0.294196 0.183397
0.315210 0.184066
0.336224 0.182893
0.357238 0.186437
0.378252 0.181570
0.399266 0.182925
0.420280 0.182888
0.441294 0.181976
0.462308 0.186193
0.483322 0.182240
0.504336 0.184730
0.525350 0.184853
0.546364 0.184626
0.567378 0.188268
0.588392 0.182945
0.609406 0.185615
0.630420 0.186088
0.651434 0.184977
0.672448 0.188690
0.693462 0.183263
0.714476 0.185412
0.735490 0.184574
0.756504 0.184201
0.777518 0.188269
0.798532 0.183809
0.819546 0.186613
0.840560 0.184605
0.861574 0.185333
0.882588 0.189881
0.903602 0.183726
0.924616 0.186394
0.945630 0.184843
0.966644 0.185110
0.987658 0.189001
1.008672 0.185218
1.029686 0.188939
1.050700 0.186517
1.071714 0.185417
1.092728 0.189836
1.113742 0.185659
1.134756 0.189482
1.155770 0.186752
1.176784 0.186860
1.197798 0.190827
1.218812 0.186702
1.239826 0.190175
1.260840 0.187684
1.281854 0.187287
1.302868 0.190260
1.323882 0.186779
1.344896 0.190589
1.365910 0.187760
1.386924 0.188111
1.407938 0.192295
1.428952 0.188497
1.449966 0.193574
1.470980 0.189915
1.491994 0.189301
1.513008 0.192837
1.534022 0.188647
1.555036 0.194023
1.576050 0.189852
1.597064 0.189903
1.618078 0.192910
1.639092 0.189074
1.660106 0.194045
1.681120 0.189524
1.702134 0.190445
1.723148 0.193112
1.744162 0.189730
1.765176 0.194290
1.786190 0.189390
1.807204 0.190476
1.828218 0.192061
1.849232 0.188676
1.870246 0.193310
1.891260 0.188269
1.912274 0.189325
1.933288 0.190588
1.954302 0.187776
1.975316 0.193249
1.996330 0.187969
2.017344 0.189670
2.038358 0.190094
2.059372 0.187592
2.080386 0.193242
2.101400 0.187030
2.122414 0.189400
2.143428 0.189394
2.164442 0.186680
2.185456 0.191115
2.206470 0.185238
2.227484 0.187544
2.248498 0.187114
2.269512 0.185002
2.290526 0.190073
2.311540 0.184028
2.332554 0.186508
2.353568 0.186150
2.374582 0.184614
2.395596 0.189212
2.416610 0.183733
2.437624 0.185947
2.458638 0.183946
2.479652 0.182115
2.500666 0.186920
2.521680 0.182925
2.542694 0.185370
2.563708 0.183390
2.584722 0.182126
2.605736 0.186584
2.626750 0.181865
2.647764 0.184018
2.668778 0.181441
2.689792 0.179978
2.710806 0.184321
2.731820 0.179782
2.752834 0.182903
2.773848 0.180633
2.794862 0.179879
2.815876 0.183169
2.836890 0.179791
2.857904 0.183529
2.878918 0.180369
2.899932 0.178421
2.920946 0.182358
2.941960 0.178716
2.962974 0.183253
2.983988 0.179668
3.005002 0.178716
3.026016 0.182281
3.047030 0.178501
3.068044 0.183168
3.089058 0.180214
3.110072 0.179765
3.131086 0.183569
3.152100 0.179259
3.173114 0.183724
3.194128 0.179912
3.215142 0.179828
3.236156 0.183067
3.257170 0.179442
3.278184 0.184024
3.299198 0.180693
3.320212 0.180986
3.341226 0.184685
3.362240 0.180977
3.383254 0.186438
3.404268 0.182254
3.425282 0.182247
3.446296 0.184956
3.467310 0.181096
3.488324 0.186311
3.509338 0.181963
3.530352 0.183033
3.551366 0.185325
3.572380 0.180894
3.593394 0.186688
3.614408 0.182336
3.635422 0.182881
3.656436 0.185249
3.677450 0.180925
3.698464 0.187141
3.719478 0.182459
3.740492 0.184492
3.761506 0.186274
3.782520 0.181526
3.803534 0.189200
3.824548 0.184628
3.845562 0.186127
3.866576 0.187364
3.887590 0.181810
3.908604 0.189304
3.929618 0.184561
3.950632 0.187046
3.971646 0.187236
3.992660 0.182834
4.013674 0.190354
4.034688 0.185138
4.055702 0.188221
4.076716 0.188618
4.097730 0.184050
4.118744 0.190756
4.139758 0.185344
4.160772 0.188520
4.181786 0.187892
4.202800 0.182796
4.223814 0.189254
4.244828 0.184471
4.265842 0.188200
4.286856 0.187487
4.307870 0.183810
4.328884 0.189184
4.349898 0.183970
4.370912 0.188071
4.391926 0.185972
4.412940 0.184345
4.433954 0.188286
4.454968 0.183708
4.475982 0.188543
4.496996 0.186095
4.518010 0.183984
4.539023 0.186671
4.560037 0.183347
4.581051 0.188356
4.602065 0.186159
4.623079 0.185540
4.644093 0.185663
4.665107 0.182040
4.686121 0.185988
4.707135 0.183582
4.728149 0.184290
4.749163 0.184460
4.770177 0.181096
4.791191 0.184344
4.812205 0.182723
4.833219 0.184354
4.854233 0.183723
4.875247 0.182307
4.896261 0.184422
4.917275 0.182538
4.938289 0.184077
4.959303 0.182363
4.980317 0.181677
5.001331 0.182296
5.022345 0.181566
5.043359 0.183035
5.064373 0.181118
5.085387 0.182451
5.106401 0.182014
5.127415 0.181607
5.148429 0.183203
5.169443 0.180252
5.190457 0.181288
5.211471 0.179159
5.232485 0.179978
5.253499 0.180922
5.274513 0.180266
5.295527 0.182326
5.316541 0.179776
5.337555 0.180774
5.358569 0.182231
5.379583 0.181290
5.400597 0.183248
5.421611 0.180267
5.442625 0.181055
5.463639 0.181165
5.484653 0.180743
5.505667 0.182642
5.526681 0.179646
5.547695 0.182561
5.568709 0.181542
5.589723 0.181340
5.610737 0.183825
5.631751 0.179765
5.652765 0.183271
5.673779 0.180944
5.694793 0.181873
5.715807 0.184173
5.736821 0.180396
5.757835 0.184089
5.778849 0.180394
5.799863 0.182460
5.820877 0.183244
5.841891 0.180473
5.862905 0.183659
5.883919 0.179008
5.904933 0.181218
5.925947 0.182115
5.946961 0.181043
5.967975 0.185084
5.988989 0.179816
6.010003 0.182261
6.031017 0.181853
6.052031 0.181577
6.073045 0.184147
6.094059 0.179426
6.115073 0.182417
6.136087 0.181725
6.157101 0.181887
6.178115 0.184822
6.199129 0.180608
6.220143 0.184043
6.241157 0.182078
6.262171 0.183114
6.283185 0.185819
