serial number: JANUSZ_5_RI80_21414848
torque: 16.0
start_temp: 30 (33)
finish_temp: 30 (33)
note: joint z robota Janusz 5
0.000000 0.094455
0.021014 0.101107
0.042028 0.105117
0.063042 0.097762
0.084056 0.101157
0.105070 0.098853
0.126084 0.100659
0.147098 0.104665
0.168112 0.097078
0.189126 0.099420
0.210140 0.097661
0.231154 0.100832
0.252168 0.106434
0.273182 0.095863
0.294196 0.099617
0.315210 0.095195
0.336224 0.099191
0.357238 0.104970
0.378252 0.095744
0.399266 0.099093
0.420280 0.094818
0.441294 0.098856
0.462308 0.103881
0.483322 0.095565
0.504336 0.099152
0.525350 0.093008
0.546364 0.100973
0.567378 0.101979
0.588392 0.096832
0.609406 0.098812
0.630420 0.092991
0.651434 0.097823
0.672448 0.100398
0.693462 0.094665
0.714476 0.097212
0.735490 0.089878
0.756504 0.097537
0.777518 0.098354
0.798532 0.094430
0.819546 0.098223
0.840560 0.090065
0.861574 0.097628
0.882588 0.099942
0.903602 0.098129
0.924616 0.100376
0.945630 0.091854
0.966644 0.101449
0.987658 0.099137
1.008672 0.098687
1.029686 0.100972
1.050700 0.091175
1.071714 0.099133
1.092728 0.097817
1.113742 0.100050
1.134756 0.100898
1.155770 0.092442
1.176784 0.100952
1.197798 0.097252
1.218812 0.100356
1.239826 0.100738
1.260840 0.089934
1.281854 0.098271
1.302868 0.096659
1.323882 0.102320
1.344896 0.102839
1.365910 0.093584
1.386924 0.101291
1.407938 0.097281
1.428952 0.104496
1.449966 0.102297
1.470980 0.094277
1.491994 0.099606
1.513008 0.097573
1.534022 0.105372
1.555036 0.102228
1.576050 0.094990
1.597064 0.097762
1.618078 0.095282
1.639092 0.104481
1.660106 0.102534
1.681120 0.094700
1.702134 0.101385
1.723148 0.096466
1.744162 0.107079
1.765176 0.103137
1.786190 0.097027
1.807204 0.100517
1.828218 0.094501
1.849232 0.105426
1.870246 0.102517
1.891260 0.098672
1.912274 0.102858
1.933288 0.098267
1.954302 0.108247
1.975316 0.105005
1.996330 0.101268
2.017344 0.103753
2.038358 0.101141
2.059372 0.108310
2.080386 0.104122
2.101400 0.101221
2.122414 0.102835
2.143428 0.100295
2.164442 0.107595
2.185456 0.103464
2.206470 0.103167
2.227484 0.105939
2.248498 0.100986
2.269512 0.109442
2.290526 0.104740
2.311540 0.103344
2.332554 0.103037
2.353568 0.101792
2.374582 0.109871
2.395596 0.105275
2.416610 0.105512
2.437624 0.104350
2.458638 0.104650
2.479652 0.110563
2.500666 0.105150
2.521680 0.108061
2.542694 0.105193
2.563708 0.105402
2.584722 0.112624
2.605736 0.107212
2.626750 0.109637
2.647764 0.107423
2.668778 0.106498
2.689792 0.115083
2.710806 0.108762
2.731820 0.110356
2.752834 0.107514
2.773848 0.107437
2.794862 0.116472
2.815876 0.108039
2.836890 0.111694
2.857904 0.108661
2.878918 0.108222
2.899932 0.116407
2.920946 0.108714
2.941960 0.113698
2.962974 0.108970
2.983988 0.109388
3.005002 0.116899
3.026016 0.109944
3.047030 0.112625
3.068044 0.110022
3.089058 0.110725
3.110072 0.118179
3.131086 0.110101
3.152100 0.113306
3.173114 0.110550
3.194128 0.111122
3.215142 0.118093
3.236156 0.109298
3.257170 0.113828
3.278184 0.109274
3.299198 0.111554
3.320212 0.119815
3.341226 0.110748
3.362240 0.116807
3.383254 0.110234
3.404268 0.113359
3.425282 0.119603
3.446296 0.111641
3.467310 0.117035
3.488324 0.110313
3.509338 0.114454
3.530352 0.120863
3.551366 0.113043
3.572380 0.116721
3.593394 0.112100
3.614408 0.115976
3.635422 0.121974
3.656436 0.112595
3.677450 0.117545
3.698464 0.113205
3.719478 0.115720
3.740492 0.120229
3.761506 0.111203
3.782520 0.116364
3.803534 0.111004
3.824548 0.115994
3.845562 0.119510
3.866576 0.112222
3.887590 0.116252
3.908604 0.111592
3.929618 0.117256
3.950632 0.119350
3.971646 0.114105
3.992660 0.115212
4.013674 0.109699
4.034688 0.116140
4.055702 0.120442
4.076716 0.114938
4.097730 0.115131
4.118744 0.110193
4.139758 0.113794
4.160772 0.120284
4.181786 0.115614
4.202800 0.116655
4.223814 0.112104
4.244828 0.115416
4.265842 0.120810
4.286856 0.114032
4.307870 0.117308
4.328884 0.112446
4.349898 0.115376
4.370912 0.117994
4.391926 0.115553
4.412940 0.115954
4.433954 0.110800
4.454968 0.114675
4.475982 0.117619
4.496996 0.116129
4.518010 0.116500
4.539023 0.111760
4.560037 0.115829
4.581051 0.118258
4.602065 0.115023
4.623079 0.116436
4.644093 0.112077
4.665107 0.114181
4.686121 0.112423
4.707135 0.112097
4.728149 0.112346
4.749163 0.105579
4.770177 0.108838
4.791191 0.110327
4.812205 0.113064
4.833219 0.114218
4.854233 0.106951
4.875247 0.109507
4.896261 0.109974
4.917275 0.113169
4.938289 0.111544
4.959303 0.107047
4.980317 0.112879
5.001331 0.111782
5.022345 0.116018
5.043359 0.114242
5.064373 0.108807
5.085387 0.111954
5.106401 0.109873
5.127415 0.115053
5.148429 0.113197
5.169443 0.107763
5.190457 0.068594
5.211471 0.088588
5.232485 0.103668
5.253499 0.100892
5.274513 0.094117
5.295527 0.097096
5.316541 0.095983
5.337555 0.104241
5.358569 0.102121
5.379583 0.097795
5.400597 0.099235
5.421611 0.096468
5.442625 0.104973
5.463639 0.101529
5.484653 0.100648
5.505667 0.099499
5.526681 0.097856
5.547695 0.106546
5.568709 0.100408
5.589723 0.100469
5.610737 0.098751
5.631751 0.097811
5.652765 0.105222
5.673779 0.101492
5.694793 0.102198
5.715807 0.098303
5.736821 0.097604
5.757835 0.104985
5.778849 0.100653
5.799863 0.103762
5.820877 0.099593
5.841891 0.097680
5.862905 0.104875
5.883919 0.100547
5.904933 0.104183
5.925947 0.099318
5.946961 0.097287
5.967975 0.102165
5.988989 0.100059
6.010003 0.104132
6.031017 0.098444
6.052031 0.099886
6.073045 0.101589
6.094059 0.100443
6.115073 0.105441
6.136087 0.098422
6.157101 0.099746
6.178115 0.100659
6.199129 0.101921
6.220143 0.105060
6.241157 0.097099
6.262171 0.099971
6.283185 0.099084
