serial number: JANUSZ_5_RI80_21414848
torque: 16.0
start_temp: 30 (31)
finish_temp: 31 (32)
note: joint z robota Janusz 5
0.000000 0.741234
0.021014 0.727910
0.042028 0.733193
0.063042 0.736774
0.084056 0.731119
0.105070 0.721276
0.126084 0.722664
0.147098 0.729094
0.168112 0.734392
0.189126 0.737611
0.210140 0.730152
0.231154 0.721647
0.252168 0.724007
0.273182 0.728998
0.294196 0.735419
0.315210 0.737075
0.336224 0.728526
0.357238 0.721733
0.378252 0.724851
0.399266 0.730703
0.420280 0.735254
0.441294 0.736915
0.462308 0.726658
0.483322 0.720763
0.504336 0.725578
0.525350 0.731041
0.546364 0.736084
0.567378 0.735896
0.588392 0.725501
0.609406 0.722146
0.630420 0.726989
0.651434 0.732955
0.672448 0.737368
0.693462 0.734915
0.714476 0.723957
0.735490 0.722807
0.756504 0.727015
0.777518 0.733367
0.798532 0.736997
0.819546 0.733407
0.840560 0.722841
0.861574 0.722841
0.882588 0.728393
0.903602 0.732735
0.924616 0.737279
0.945630 0.730474
0.966644 0.721849
0.987658 0.723282
1.008672 0.728652
1.029686 0.734315
1.050700 0.737546
1.071714 0.729888
1.092728 0.722633
1.113742 0.724937
1.134756 0.729810
1.155770 0.735221
1.176784 0.737262
1.197798 0.727722
1.218812 0.722078
1.239826 0.726206
1.260840 0.731271
1.281854 0.737209
1.302868 0.736689
1.323882 0.727499
1.344896 0.723432
1.365910 0.728037
1.386924 0.732652
1.407938 0.737398
1.428952 0.735951
1.449966 0.726709
1.470980 0.724080
1.491994 0.728497
1.513008 0.733565
1.534022 0.737620
1.555036 0.734960
1.576050 0.725324
1.597064 0.724096
1.618078 0.729310
1.639092 0.735134
1.660106 0.739154
1.681120 0.733969
1.702134 0.725421
1.723148 0.725973
1.744162 0.731401
1.765176 0.737393
1.786190 0.740198
1.807204 0.734001
1.828218 0.726009
1.849232 0.727389
1.870246 0.732405
1.891260 0.737983
1.912274 0.740234
1.933288 0.732244
1.954302 0.726260
1.975316 0.728720
1.996330 0.734272
2.017344 0.738328
2.038358 0.740169
2.059372 0.731423
2.080386 0.726795
2.101400 0.730574
2.122414 0.736030
2.143428 0.741010
2.164442 0.739780
2.185456 0.730416
2.206470 0.726513
2.227484 0.731002
2.248498 0.736336
2.269512 0.740456
2.290526 0.738083
2.311540 0.729386
2.332554 0.727283
2.353568 0.731939
2.374582 0.737102
2.395596 0.740956
2.416610 0.736669
2.437624 0.727811
2.458638 0.727280
2.479652 0.732450
2.500666 0.737259
2.521680 0.740984
2.542694 0.735191
2.563708 0.726898
2.584722 0.727740
2.605736 0.733422
2.626750 0.738621
2.647764 0.741219
2.668778 0.734087
2.689792 0.726842
2.710806 0.729008
2.731820 0.733629
2.752834 0.739526
2.773848 0.741296
2.794862 0.733082
2.815876 0.726484
2.836890 0.730343
2.857904 0.735062
2.878918 0.740564
2.899932 0.741005
2.920946 0.732463
2.941960 0.726758
2.962974 0.731663
2.983988 0.736736
3.005002 0.742232
3.026016 0.741517
3.047030 0.731663
3.068044 0.727704
3.089058 0.731948
3.110072 0.737636
3.131086 0.742267
3.152100 0.740377
3.173114 0.730247
3.194128 0.728002
3.215142 0.733432
3.236156 0.738383
3.257170 0.742147
3.278184 0.738925
3.299198 0.728471
3.320212 0.728019
3.341226 0.733579
3.362240 0.738426
3.383254 0.743229
3.404268 0.737724
3.425282 0.727830
3.446296 0.727977
3.467310 0.733062
3.488324 0.737891
3.509338 0.741389
3.530352 0.735580
3.551366 0.726541
3.572380 0.728626
3.593394 0.733865
3.614408 0.739381
3.635422 0.741426
3.656436 0.734715
3.677450 0.727001
3.698464 0.729117
3.719478 0.735180
3.740492 0.739277
3.761506 0.741703
3.782520 0.733791
3.803534 0.726472
3.824548 0.730058
3.845562 0.735108
3.866576 0.740105
3.887590 0.740489
3.908604 0.731042
3.929618 0.675399
3.950632 0.679771
3.971646 0.707928
3.992660 0.720438
4.013674 0.721895
4.034688 0.716411
4.055702 0.714053
4.076716 0.719082
4.097730 0.726022
4.118744 0.730580
4.139758 0.730793
4.160772 0.720815
4.181786 0.718719
4.202800 0.724684
4.223814 0.729253
4.244828 0.735093
4.265842 0.732730
4.286856 0.723388
4.307870 0.721244
4.328884 0.727515
4.349898 0.731953
4.370912 0.737768
4.391926 0.732984
4.412940 0.722598
4.433954 0.723182
4.454968 0.729035
4.475982 0.734119
4.496996 0.737919
4.518010 0.732430
4.539023 0.723708
4.560037 0.723808
4.581051 0.730215
4.602065 0.735438
4.623079 0.738612
4.644093 0.732315
4.665107 0.723135
4.686121 0.725521
4.707135 0.731199
4.728149 0.736106
4.749163 0.737560
4.770177 0.729841
4.791191 0.722578
4.812205 0.726608
4.833219 0.732593
4.854233 0.736861
4.875247 0.738941
4.896261 0.729580
4.917275 0.723182
4.938289 0.727834
4.959303 0.733566
4.980317 0.739960
5.001331 0.739578
5.022345 0.729632
5.043359 0.724938
5.064373 0.729541
5.085387 0.735182
5.106401 0.739689
5.127415 0.738629
5.148429 0.728280
5.169443 0.724993
5.190457 0.730204
5.211471 0.736167
5.232485 0.740693
5.253499 0.737800
5.274513 0.727037
5.295527 0.724828
5.316541 0.730173
5.337555 0.735640
5.358569 0.740091
5.379583 0.735649
5.400597 0.725023
5.421611 0.725055
5.442625 0.730772
5.463639 0.735149
5.484653 0.739489
5.505667 0.733081
5.526681 0.723840
5.547695 0.724977
5.568709 0.729963
5.589723 0.735373
5.610737 0.738429
5.631751 0.730849
5.652765 0.722540
5.673779 0.725228
5.694793 0.730375
5.715807 0.736479
5.736821 0.738302
5.757835 0.728599
5.778849 0.721748
5.799863 0.724968
5.820877 0.730449
5.841891 0.736226
5.862905 0.737310
5.883919 0.726382
5.904933 0.720945
5.925947 0.725572
5.946961 0.731118
5.967975 0.736120
5.988989 0.735611
6.010003 0.724475
6.031017 0.721262
6.052031 0.726953
6.073045 0.730933
6.094059 0.736735
6.115073 0.734349
6.136087 0.723530
6.157101 0.721530
6.178115 0.726506
6.199129 0.732085
6.220143 0.736914
6.241157 0.733235
6.262171 0.722312
6.283185 0.722062
