serial number: JANUSZ_6_RI80_B001905096
torque: 16.0
start_temp: 30 (34)
finish_temp: 30 (34)
note: Joint 0, Janusz 6
0.000000 0.107486
0.021014 0.110917
0.042028 0.112023
0.063042 0.109218
0.084056 0.113988
0.105070 0.113957
0.126084 0.113338
0.147098 0.113561
0.168112 0.110468
0.189126 0.113041
0.210140 0.115429
0.231154 0.113605
0.252168 0.115889
0.273182 0.113936
0.294196 0.116971
0.315210 0.116904
0.336224 0.114306
0.357238 0.115300
0.378252 0.111551
0.399266 0.115595
0.420280 0.115729
0.441294 0.112379
0.462308 0.115801
0.483322 0.112077
0.504336 0.116596
0.525350 0.116189
0.546364 0.115057
0.567378 0.115293
0.588392 0.115728
0.609406 0.117694
0.630420 0.118577
0.651434 0.114556
0.672448 0.112796
0.693462 0.114789
0.714476 0.117246
0.735490 0.118081
0.756504 0.115480
0.777518 0.115763
0.798532 0.116157
0.819546 0.118652
0.840560 0.118216
0.861574 0.114414
0.882588 0.115167
0.903602 0.115493
0.924616 0.119563
0.945630 0.117655
0.966644 0.114554
0.987658 0.112037
1.008672 0.111957
1.029686 0.116294
1.050700 0.115652
1.071714 0.113077
1.092728 0.112312
1.113742 0.112465
1.134756 0.115601
1.155770 0.114031
1.176784 0.108367
1.197798 0.110379
1.218812 0.112467
1.239826 0.115244
1.260840 0.073301
1.281854 0.086647
1.302868 0.093133
1.323882 0.098519
1.344896 0.102943
1.365910 0.106214
1.386924 0.102592
1.407938 0.099710
1.428952 0.102158
1.449966 0.103398
1.470980 0.107661
1.491994 0.104949
1.513008 0.100916
1.534022 0.103550
1.555036 0.104029
1.576050 0.107702
1.597064 0.103441
1.618078 0.099269
1.639092 0.101845
1.660106 0.102879
1.681120 0.107336
1.702134 0.103519
1.723148 0.100319
1.744162 0.103441
1.765176 0.105011
1.786190 0.107617
1.807204 0.103231
1.828218 0.099187
1.849232 0.101042
1.870246 0.101281
1.891260 0.106294
1.912274 0.102491
1.933288 0.097295
1.954302 0.100518
1.975316 0.100657
1.996330 0.105631
2.017344 0.101430
2.038358 0.097399
2.059372 0.099572
2.080386 0.097867
2.101400 0.104068
2.122414 0.098692
2.143428 0.094814
2.164442 0.098429
2.185456 0.095877
2.206470 0.104208
2.227484 0.100006
2.248498 0.095067
2.269512 0.097073
2.290526 0.095941
2.311540 0.102589
2.332554 0.099243
2.353568 0.092184
2.374582 0.096110
2.395596 0.093023
2.416610 0.101360
2.437624 0.096531
2.458638 0.090687
2.479652 0.096238
2.500666 0.092712
2.521680 0.102771
2.542694 0.096039
2.563708 0.089597
2.584722 0.094411
2.605736 0.091334
2.626750 0.100603
2.647764 0.096299
2.668778 0.089650
2.689792 0.093666
2.710806 0.090115
2.731820 0.100007
2.752834 0.095722
2.773848 0.088227
2.794862 0.091806
2.815876 0.088140
2.836890 0.098659
2.857904 0.093616
2.878918 0.087507
2.899932 0.091780
2.920946 0.086864
2.941960 0.097455
2.962974 0.092281
2.983988 0.086859
3.005002 0.091294
3.026016 0.086152
3.047030 0.097473
3.068044 0.092726
3.089058 0.089183
3.110072 0.092522
3.131086 0.085999
3.152100 0.097075
3.173114 0.092376
3.194128 0.088806
3.215142 0.089703
3.236156 0.082592
3.257170 0.094291
3.278184 0.091573
3.299198 0.089817
3.320212 0.090821
3.341226 0.083001
3.362240 0.093856
3.383254 0.090768
3.404268 0.088666
3.425282 0.090281
3.446296 0.083737
3.467310 0.093699
3.488324 0.090148
3.509338 0.088739
3.530352 0.088987
3.551366 0.083012
3.572380 0.093511
3.593394 0.090043
3.614408 0.089851
3.635422 0.088457
3.656436 0.082030
3.677450 0.092263
3.698464 0.087550
3.719478 0.088926
3.740492 0.088081
3.761506 0.083748
3.782520 0.091903
3.803534 0.087662
3.824548 0.089454
3.845562 0.088351
3.866576 0.083433
3.887590 0.091971
3.908604 0.087945
3.929618 0.090242
3.950632 0.085820
3.971646 0.083831
3.992660 0.092042
4.013674 0.088218
4.034688 0.089999
4.055702 0.086118
4.076716 0.085672
4.097730 0.091234
4.118744 0.088077
4.139758 0.090199
4.160772 0.086822
4.181786 0.086220
4.202800 0.091790
4.223814 0.088255
4.244828 0.092403
4.265842 0.087427
4.286856 0.084782
4.307870 0.089935
4.328884 0.089320
4.349898 0.093309
4.370912 0.086107
4.391926 0.085313
4.412940 0.090121
4.433954 0.089642
4.454968 0.095025
4.475982 0.086641
4.496996 0.086761
4.518010 0.088485
4.539023 0.090407
4.560037 0.094059
4.581051 0.086436
4.602065 0.087596
4.623079 0.090353
4.644093 0.091783
4.665107 0.094947
4.686121 0.087506
4.707135 0.088208
4.728149 0.091099
4.749163 0.093406
4.770177 0.098072
4.791191 0.090667
4.812205 0.089582
4.833219 0.090820
4.854233 0.092193
4.875247 0.099736
4.896261 0.093745
4.917275 0.093563
4.938289 0.092286
4.959303 0.094191
4.980317 0.099623
5.001331 0.096886
5.022345 0.093789
5.043359 0.091817
5.064373 0.094517
5.085387 0.100778
5.106401 0.097992
5.127415 0.095427
5.148429 0.092182
5.169443 0.095931
5.190457 0.100936
5.211471 0.100655
5.232485 0.097907
5.253499 0.095209
5.274513 0.098077
5.295527 0.103028
5.316541 0.104277
5.337555 0.100446
5.358569 0.095967
5.379583 0.098622
5.400597 0.103165
5.421611 0.105223
5.442625 0.102715
5.463639 0.097217
5.484653 0.099529
5.505667 0.101800
5.526681 0.107160
5.547695 0.105359
5.568709 0.100238
5.589723 0.101468
5.610737 0.104466
5.631751 0.108448
5.652765 0.108066
5.673779 0.102830
5.694793 0.104157
5.715807 0.104936
5.736821 0.108480
5.757835 0.110034
5.778849 0.104795
5.799863 0.105440
5.820877 0.106961
5.841891 0.110160
5.862905 0.110633
5.883919 0.105894
5.904933 0.105491
5.925947 0.106568
5.946961 0.110175
5.967975 0.110913
5.988989 0.107527
6.010003 0.107992
6.031017 0.108264
6.052031 0.111358
6.073045 0.113251
6.094059 0.110159
6.115073 0.110569
6.136087 0.109337
6.157101 0.112259
6.178115 0.113720
6.199129 0.110091
6.220143 0.109804
6.241157 0.107386
6.262171 0.110740
6.283185 0.113677
