-0.994597 -26.152925 25.000000
-0.947921 -25.285414 25.000000
-0.895812 -24.556384 25.000000
-0.848646 -23.924753 25.000000
-0.796997 -23.143273 25.000000
-0.745199 -22.474387 25.000000
-0.698252 -21.880912 25.000000
-0.646370 -21.054810 25.000000
-0.599638 -20.410988 25.000000
-0.547832 -19.525920 25.000000
-0.495638 -18.640461 25.000000
-0.448940 -17.965929 25.000000
-0.397349 -16.829239 25.000000
-0.350512 -15.921424 25.000000
-0.298497 -14.886798 25.080000
-0.246761 -13.725738 25.000000
-0.200461 -12.577473 25.160000
-0.148328 -11.128292 25.520000
-0.101679 -9.764475 25.880000
-0.049884 -8.123828 25.880000
0.000000 0.000000 26.000000
0.048626 7.864087 25.840000
0.100151 9.643233 25.920000
0.147238 11.006386 25.920000
0.199136 12.399427 25.920000
0.246427 13.559817 25.960000
0.297983 14.768468 25.960000
0.350160 15.856746 26.000000
0.396666 16.757968 26.000000
0.448636 17.864406 26.000000
0.495684 18.707801 26.000000
0.547323 19.565190 26.000000
0.599461 20.526473 26.000000
0.646139 21.123038 26.000000
0.698775 21.844848 26.000000
0.744617 22.365209 26.000000
0.797084 22.832160 26.000000
0.849159 23.453630 26.000000
0.895020 23.832265 25.960000
0.947547 24.086790 26.000000
0.994967 24.314469 26.000000
