0.994362 19.968696 31.000000
0.947617 19.459555 30.960000
0.895490 18.950728 31.000000
0.848772 18.440242 31.000000
0.797190 17.847849 31.000000
0.744907 17.417241 31.000000
0.698348 16.780167 31.000000
0.646323 16.269543 31.000000
0.599609 15.636360 31.000000
0.547515 15.080498 31.000000
0.495553 14.285304 31.000000
0.448978 13.686566 31.000000
0.397297 12.933316 31.000000
0.350410 12.189475 31.000000
0.298426 11.339180 31.000000
0.246596 10.487438 31.000000
0.199815 9.655038 31.000000
0.148175 8.520058 31.000000
0.101494 7.465969 31.000000
0.049801 6.252070 31.000000
0.000000 0.000000 31.000000
-0.048942 -6.309191 31.000000
-0.100683 -7.503846 31.000000
-0.147000 -8.629210 31.000000
-0.199468 -9.913157 31.000000
-0.246174 -10.793596 31.000000
-0.298510 -11.703328 31.000000
-0.350264 -12.555192 31.000000
-0.396563 -13.355611 31.000000
-0.448763 -14.204529 31.000000
-0.495546 -14.829564 31.000000
-0.547404 -15.619265 31.000000
-0.599667 -16.233287 31.000000
-0.646000 -16.942958 31.000000
-0.698350 -17.468163 31.000000
-0.745130 -17.986923 31.000000
-0.796687 -18.490651 31.000000
-0.849119 -19.044829 31.000000
-0.895710 -19.487064 31.000000
-0.947575 -19.864626 31.000000
-0.994360 -20.227044 31.000000
