-0.994579 -20.133840 31.000000
-0.947445 -19.718088 31.000000
-0.894963 -19.095845 31.000000
-0.848672 -18.591827 31.000000
-0.797053 -18.098075 31.000000
-0.744912 -17.560778 31.000000
-0.698529 -17.003075 31.000000
-0.646130 -16.397865 31.000000
-0.599776 -15.736673 31.000000
-0.547505 -15.161231 31.000000
-0.495831 -14.428911 31.000000
-0.448918 -13.719252 31.000000
-0.397389 -13.014849 31.000000
-0.350570 -12.267532 31.000000
-0.298713 -11.370662 31.000000
-0.246511 -10.487424 31.000000
-0.200072 -9.644442 31.000000
-0.148169 -8.622151 31.000000
-0.101427 -7.592177 31.000000
-0.049737 -6.397574 31.000000
0.000000 0.000000 31.000000
0.048931 6.249579 31.000000
0.100794 7.585462 31.000000
0.147470 8.626465 31.000000
0.199241 9.722499 31.000000
0.246259 10.519767 31.000000
0.298137 11.445166 31.000000
0.349912 12.342163 31.000000
0.396722 13.101659 31.000000
0.448781 13.885070 31.000000
0.495517 14.590068 31.000000
0.547790 15.319735 31.000000
0.599262 15.975404 31.000000
0.646489 16.529532 31.000000
0.698069 17.070433 31.000000
0.745101 17.598059 31.000000
0.796695 18.160000 31.000000
0.848995 18.653200 31.000000
0.895734 19.128582 31.000000
0.947406 19.647875 31.000000
0.994124 20.005312 31.000000
