0.994399 19.804271 31.000000
0.947668 19.279436 31.000000
0.895778 18.718001 31.000000
0.848597 18.222417 31.000000
0.797204 17.627647 31.000000
0.744973 17.140349 31.000000
0.698201 16.584437 31.000000
0.646304 16.058528 31.000000
0.599571 15.404907 31.000000
0.547372 14.914325 31.000000
0.495602 14.144150 31.000000
0.448754 13.555919 31.000000
0.397235 12.822579 31.000000
0.350407 12.035833 31.000000
0.298523 11.162712 31.000000
0.246591 10.330213 31.000000
0.199668 9.513846 31.000000
0.148125 8.437678 31.000000
0.101552 7.377982 31.000000
0.049587 6.186395 31.000000
0.000000 0.000000 31.000000
-0.048956 -6.298653 31.000000
-0.100793 -7.506381 31.000000
-0.147388 -8.613226 31.000000
-0.199588 -9.745904 31.000000
-0.246253 -10.575413 31.000000
-0.298523 -11.471304 31.000000
-0.350207 -12.271103 31.000000
-0.396657 -13.135151 31.000000
-0.448950 -13.915512 31.000000
-0.495595 -14.531623 31.000000
-0.547452 -15.334593 31.000000
-0.599540 -15.903520 31.000000
-0.646121 -16.588743 31.000000
-0.698331 -17.134190 31.000000
-0.745186 -17.616717 31.000000
-0.796740 -18.117548 31.000000
-0.849034 -18.591565 31.000000
-0.895513 -19.017005 31.000000
-0.947576 -19.358018 31.000000
-0.994423 -19.760919 31.000000
