0.994930 24.259706 26.000000
0.947455 23.758379 26.000000
0.895267 23.024745 26.000000
0.849254 22.553495 26.000000
0.797020 22.064325 26.000000
0.744700 21.314746 26.000000
0.698185 20.894724 26.000000
0.646243 20.139759 26.000000
0.599899 19.465622 26.000000
0.547668 18.612096 26.000000
0.495634 17.912090 26.000000
0.449344 17.083222 26.000000
0.397017 16.159330 26.000000
0.350507 15.372812 26.000000
0.298692 14.287621 26.000000
0.246729 13.143187 26.000000
0.199926 12.125368 26.000000
0.148364 10.838253 26.000000
0.101567 9.465630 26.000000
0.049813 7.957207 26.000000
0.000000 0.000000 26.000000
-0.047800 -8.144127 26.000000
-0.100822 -9.593469 26.000000
-0.147344 -10.929503 26.000000
-0.199254 -12.280417 26.000000
-0.246189 -13.290358 26.000000
-0.298094 -14.486882 26.000000
-0.350182 -15.645378 26.000000
-0.397090 -16.501122 26.000000
-0.448493 -17.433203 26.000000
-0.495521 -18.266488 26.000000
-0.547605 -19.102984 26.000000
-0.599573 -19.937973 26.000000
-0.646159 -20.539843 26.000000
-0.698243 -21.337823 26.000000
-0.745272 -21.771539 26.000000
-0.796745 -22.289083 26.040000
-0.848921 -22.662538 26.440000
-0.896199 -22.934822 26.960000
-0.947666 -23.318298 27.000000
-0.994076 -23.728253 26.960000
