-0.994124 -23.450144 27.000000
-0.947957 -22.902157 27.000000
-0.895641 -22.461818 26.960000
-0.848526 -21.919809 27.000000
-0.797087 -21.357750 27.000000
-0.745159 -20.845805 27.000000
-0.698105 -20.294777 27.000000
-0.646369 -19.668928 27.000000
-0.599350 -18.950347 27.000000
-0.547902 -18.290618 27.000000
-0.495754 -17.421144 27.000000
-0.448886 -16.784492 27.000000
-0.397396 -15.816779 27.000000
-0.350356 -15.009737 27.000000
-0.298549 -14.118362 27.000000
-0.246773 -13.059280 27.000000
-0.200334 -12.016401 27.000000
-0.148260 -10.764361 27.000000
-0.101760 -9.543235 27.000000
-0.050099 -8.003491 27.000000
0.000000 0.000000 27.000000
0.048238 7.637254 27.000000
0.100486 9.166246 27.000000
0.147391 10.416965 27.000000
0.198711 11.974116 27.000000
0.246119 13.068423 27.000000
0.298118 14.225029 27.000000
0.350009 15.343398 27.000000
0.396703 16.073420 27.000000
0.448648 17.049695 27.000000
0.495760 17.787687 27.000000
0.547457 18.670238 27.000000
0.599468 19.465331 27.000000
0.646012 20.138026 27.000000
0.698544 20.837380 27.000000
0.744497 21.430200 27.000000
0.797069 21.953574 27.000000
0.849539 22.504288 27.000000
0.895335 22.825137 27.000000
0.947601 23.090478 27.000000
0.994751 23.430194 27.000000
