0.994757 23.379517 27.000000
0.947204 22.818022 27.080000
0.895434 22.197427 27.040000
0.849266 21.644619 27.120000
0.796744 21.103817 27.800000
0.744959 20.353385 28.000000
0.698258 19.868174 28.000000
0.646106 19.157547 28.000000
0.600013 18.557366 28.000000
0.547651 17.786027 28.000000
0.495707 17.047590 28.000000
0.449331 16.213287 28.000000
0.397048 15.387660 28.000000
0.350559 14.615069 28.000000
0.298689 13.649793 28.000000
0.246660 12.618260 28.000000
0.199847 11.699200 28.000000
0.148374 10.478113 28.000000
0.101613 9.223258 28.000000
0.049863 7.816514 28.000000
0.000000 0.000000 28.000000
-0.047238 -7.975420 28.000000
-0.100732 -9.395461 28.000000
-0.147208 -10.629096 28.000000
-0.199690 -11.840391 28.000000
-0.246266 -12.830418 28.000000
-0.298044 -13.932737 28.000000
-0.350129 -15.010458 28.000000
-0.397008 -15.789751 28.000000
-0.448549 -16.765995 28.000000
-0.495480 -17.615642 28.000000
-0.547801 -18.331865 28.000000
-0.599323 -19.133772 28.000000
-0.646540 -19.703200 28.000000
-0.698152 -20.394224 28.000000
-0.745174 -20.867188 28.000000
-0.797046 -21.463086 28.000000
-0.848798 -21.916216 28.000000
-0.896050 -22.316656 28.000000
-0.947617 -22.718447 28.000000
-0.994147 -23.116610 28.000000
