-0.994040 -22.972585 28.000000
-0.947969 -22.479151 28.000000
-0.895315 -22.013729 28.000000
-0.848959 -21.449466 28.000000
-0.796851 -20.859366 28.000000
-0.744979 -20.280540 28.000000
-0.698145 -19.735179 28.000000
-0.646178 -19.061640 28.000000
-0.599395 -18.441294 28.000000
-0.547985 -17.666356 28.000000
-0.495675 -16.912236 28.000000
-0.449159 -16.254811 28.000000
-0.397398 -15.325571 28.000000
-0.350459 -14.527023 28.000000
-0.298467 -13.660202 28.000000
-0.246620 -12.658454 28.000000
-0.200211 -11.660233 28.000000
-0.148290 -10.459304 28.000000
-0.101678 -9.312907 28.000000
-0.049436 -8.000599 28.000000
0.000000 0.000000 28.000000
0.048533 7.600243 28.000000
0.100536 9.070553 28.000000
0.147392 10.251921 28.000000
0.199195 11.488393 28.000000
0.246295 12.490405 28.000000
0.298232 13.578261 28.000000
0.350012 14.595098 28.000000
0.396818 15.335286 28.000000
0.448828 16.286721 28.000000
0.495845 16.987716 28.000000
0.547454 17.767515 28.000000
0.599861 18.585740 28.000000
0.646200 19.032539 28.000000
0.698735 19.720686 28.160000
0.744641 20.262630 28.280000
0.797191 20.617645 29.000000
0.849412 21.065071 29.000000
0.895091 21.444795 28.960000
0.947207 21.892659 29.000000
0.994618 22.178379 29.000000
