0.994362 22.163649 29.000000
0.947524 21.788407 29.000000
0.895408 21.183249 29.000000
0.849114 20.611754 29.000000
0.796933 20.191704 29.000000
0.744811 19.510348 29.000000
0.698189 19.108993 29.000000
0.646215 18.386985 29.000000
0.599771 17.894850 29.000000
0.547826 17.101984 29.000000
0.495583 16.454170 29.000000
0.449093 15.672399 29.000000
0.397114 14.894808 29.000000
0.350393 14.166157 29.000000
0.298659 13.192431 29.000000
0.246560 12.186635 29.000000
0.199788 11.340072 29.000000
0.148235 10.149144 29.000000
0.101379 9.008092 29.000000
0.049585 7.726053 29.000000
0.000000 0.000000 29.000000
-0.048706 -7.866275 29.000000
-0.100437 -9.205548 29.000000
-0.147430 -10.346477 29.000000
-0.199788 -11.533788 29.000000
-0.246274 -12.427638 29.000000
-0.298372 -13.454894 29.000000
-0.350168 -14.507991 29.000000
-0.397004 -15.309753 29.000000
-0.448551 -16.090781 29.000000
-0.495881 -16.943762 29.000000
-0.547377 -17.687142 29.000000
-0.599350 -18.464175 29.000000
-0.646365 -18.993656 29.000000
-0.698460 -19.603451 29.000000
-0.745023 -20.135814 29.000000
-0.796396 -20.736182 29.000000
-0.848652 -21.183037 29.000000
-0.895965 -21.615132 29.000000
-0.947823 -22.021614 29.000000
-0.993801 -22.389999 29.000000
