-0.994584 -20.433964 30.000000
-0.947787 -19.705147 30.000000
-0.895473 -19.203766 30.000000
-0.849050 -18.571167 30.000000
-0.797013 -18.135037 30.000000
-0.744977 -17.591160 30.000000
-0.698467 -17.053468 30.000000
-0.646111 -16.529364 30.000000
-0.599705 -15.943747 30.000000
-0.547446 -15.311574 30.000000
-0.495681 -14.656567 30.000000
-0.449074 -13.925249 30.000000
-0.397424 -13.212117 30.000000
-0.350519 -12.508873 30.000000
-0.298662 -11.606724 30.000000
-0.246560 -10.705432 30.000000
-0.199986 -9.879535 30.000000
-0.148024 -8.797760 30.000000
-0.101576 -7.782893 30.000000
-0.049200 -6.527205 30.000000
0.000000 0.000000 30.000000
0.048616 6.444812 30.000000
0.100830 7.776581 30.000000
0.147518 8.884683 30.000000
0.199335 10.006203 30.000000
0.246175 10.881448 30.000000
0.298065 11.851700 30.000000
0.350046 12.722733 30.000000
0.396705 13.553519 30.000000
0.448838 14.342035 30.000000
0.495448 15.019416 30.000000
0.547825 15.808926 30.000000
0.599455 16.399165 30.000000
0.646366 17.016635 30.000000
0.698059 17.602663 30.000000
0.745105 18.185888 30.000000
0.796666 18.698413 30.000000
0.848993 19.174024 30.000000
0.895874 19.678177 30.000000
0.947551 20.104162 30.000000
0.994116 20.441631 30.000000
