0.994433 20.274011 30.000000
0.947613 19.785929 30.000000
0.895830 19.256063 30.000000
0.848799 18.708009 30.000000
0.797222 18.146698 30.000000
0.744963 17.644542 30.000000
0.698349 17.051745 30.000000
0.646238 16.520804 30.000000
0.599543 15.908046 30.000000
0.547449 15.284353 30.000000
0.495791 14.520144 30.000000
0.448921 13.905401 30.000000
0.397289 13.203236 30.000000
0.350343 12.399273 30.000000
0.298525 11.520214 30.000000
0.246535 10.648322 30.000000
0.199777 9.817175 30.000000
0.148125 8.651722 30.000000
0.101576 7.568695 30.000000
0.049494 6.302815 30.000000
0.000000 0.000000 30.000000
-0.048878 -6.378911 30.000000
-0.100799 -7.723232 30.000000
-0.147322 -8.864106 30.000000
-0.199435 -9.988815 30.000000
-0.246057 -10.892337 30.000000
-0.298267 -11.885979 30.000000
-0.350195 -12.715995 30.000000
-0.396777 -13.531553 30.000000
-0.448763 -14.378766 30.000000
-0.495614 -15.023268 30.000000
-0.547476 -15.830895 30.000000
-0.599521 -16.452150 30.000000
-0.646113 -17.092795 30.000000
-0.698331 -17.607566 30.000000
-0.745107 -18.179648 30.000000
-0.796833 -18.673128 30.000000
-0.849233 -19.154134 30.000000
-0.895601 -19.590308 30.000000
-0.947543 -19.922451 30.000000
-0.994202 -20.339936 30.000000
