-0.994427 -20.276183 30.000000
-0.947240 -19.757649 30.000000
-0.895361 -19.182782 30.000000
-0.848912 -18.697941 30.000000
-0.796849 -18.159232 30.000000
-0.744765 -17.634441 30.000000
-0.698398 -17.103838 30.000000
-0.646234 -16.513188 30.120000
-0.599832 -15.923828 30.160000
-0.547476 -15.272212 30.480000
-0.495711 -14.594731 31.000000
-0.448903 -13.851227 31.000000
-0.397135 -13.147035 30.960000
-0.350730 -12.365342 31.000000
-0.298750 -11.465543 31.000000
-0.246553 -10.526783 31.000000
-0.200154 -9.690970 31.000000
-0.147982 -8.666373 31.000000
-0.101180 -7.653171 31.000000
-0.049450 -6.445602 30.960000
0.000000 0.000000 31.000000
0.048810 6.199974 30.800000
0.100647 7.617769 30.800000
0.147570 8.702410 30.720000
0.199289 9.791689 30.800000
0.246392 10.621627 30.600000
0.298100 11.585823 30.880000
0.349953 12.483847 30.800000
0.396724 13.258189 30.640000
0.448874 14.001719 30.720000
0.495365 14.734407 30.800000
0.547718 15.450953 30.840000
0.599360 16.082588 30.720000
0.646333 16.694812 30.960000
0.698069 17.211699 30.960000
0.745136 17.783314 31.000000
0.796746 18.311358 31.000000
0.848992 18.788389 31.000000
0.895812 19.286100 31.000000
0.947561 19.808147 31.000000
0.994103 20.131751 31.000000
